1.8573 0.01 0.01 2 7 3
1.84732 0.0100461 0.0100461 2 7 3
1.83735 0.0100926 0.0100926 2 7 3
1.82737 0.0101394 0.0101394 2 7 3
1.8174 0.0101867 0.0101867 2 7 3
1.80742 0.0102342 0.0102342 2 7 3
1.79745 0.0102822 0.0102822 2 7 3
1.78747 0.0103304 0.0103304 2 7 3
1.7775 0.0103791 0.0103791 2 7 3
1.76753 0.010428 0.010428 2 7 3
1.75756 0.0104774 0.0104774 2 7 3
1.74758 0.0105271 0.0105271 2 7 3
1.73761 0.0105771 0.0105771 2 7 3
1.72764 0.0106275 0.0106275 2 7 3
1.71767 0.0106784 0.0106784 2 7 3
1.7077 0.0107295 0.0107295 2 7 3
1.69773 0.0107811 0.0107811 2 7 3
1.68776 0.0108331 0.0108331 2 7 3
1.67779 0.0108854 0.0108854 2 7 3
1.66782 0.0109381 0.0109381 2 7 3
1.65785 0.0109913 0.0109913 2 7 3
1.64788 0.0110448 0.0110448 2 7 3
1.63791 0.0110988 0.0110988 2 7 3
1.62795 0.0111532 0.0111532 2 7 3
1.61798 0.011208 0.011208 2 7 3
1.60802 0.0112632 0.0112632 2 7 3
1.59805 0.0113188 0.0113188 2 7 3
1.58809 0.0113749 0.0113749 2 7 3
1.57812 0.0114314 0.0114314 2 7 3
1.56816 0.0114884 0.0114884 2 7 3
1.55819 0.0115458 0.0115458 2 7 3
1.54823 0.0116037 0.0116037 2 7 3
1.53827 0.0116621 0.0116621 2 7 3
1.52831 0.0117209 0.0117209 2 7 3
1.51835 0.0117802 0.0117802 2 7 3
1.50839 0.01184 0.01184 2 7 3
1.49843 0.0119002 0.0119002 2 7 3
1.48847 0.011961 0.011961 2 7 3
1.47851 0.0120223 0.0120223 2 7 3
1.46856 0.012084 0.012084 2 7 3
1.4586 0.0121463 0.0121463 2 7 3
1.44864 0.0122091 0.0122091 2 7 3
1.43869 0.0122724 0.0122724 2 7 3
1.42873 0.0123363 0.0123363 2 7 3
1.41878 0.0124007 0.0124007 2 7 3
1.40883 0.0124656 0.0124656 2 7 3
1.39888 0.0125311 0.0125311 2 7 3
1.38893 0.0125972 0.0125972 2 7 3
1.37898 0.0126638 0.0126638 2 7 3
1.36903 0.012731 0.012731 2 7 3
1.35908 0.0127988 0.0127988 2 7 3
1.34913 0.0128672 0.0128672 2 7 3
1.33918 0.0129362 0.0129362 2 7 3
1.32924 0.0130058 0.0130058 2 7 3
1.31929 0.013076 0.013076 2 7 3
1.30935 0.0131469 0.0131469 2 7 3
1.29941 0.0132184 0.0132184 2 7 3
1.28947 0.0132905 0.0132905 2 7 3
1.27953 0.0133633 0.0133633 2 7 3
1.26959 0.0134367 0.0134367 2 7 3
1.25965 0.0135108 0.0135108 2 7 3
1.24971 0.0135856 0.0135856 2 7 3
1.23978 0.0136611 0.0136611 2 7 3
1.22984 0.0137373 0.0137373 2 7 3
1.21991 0.0138142 0.0138142 2 7 3
1.20998 0.0138919 0.0138919 2 7 3
1.20005 0.0139702 0.0139702 2 7 3
1.19012 0.0140494 0.0140494 2 7 3
1.18019 0.0141292 0.0141292 2 7 3
1.17027 0.0142099 0.0142099 2 7 3
1.16034 0.0142913 0.0142913 2 7 3
1.15042 0.0143735 0.0143735 2 7 3
1.1405 0.0144565 0.0144565 2 7 3
1.13058 0.0145403 0.0145403 2 7 3
1.12066 0.014625 0.014625 2 7 3
1.11074 0.0147105 0.0147105 2 7 3
1.10083 0.0147968 0.0147968 2 7 3
1.09091 0.014884 0.014884 2 7 3
1.081 0.0149721 0.0149721 2 7 3
1.07109 0.0150611 0.0150611 2 7 3
1.06119 0.015151 0.015151 2 7 3
1.05128 0.0152419 0.0152419 2 7 3
1.04138 0.0153336 0.0153336 2 7 3
1.03148 0.0154263 0.0154263 2 7 3
1.02158 0.01552 0.01552 2 7 3
1.01168 0.0156147 0.0156147 2 7 3
1.00179 0.0157104 0.0157104 2 7 3
0.991893 0.0158071 0.0158071 2 7 3
0.982003 0.0159048 0.0159048 2 7 3
0.972116 0.0160036 0.0160036 2 7 3
0.962231 0.0161035 0.0161035 2 7 3
0.952349 0.0162044 0.0162044 2 7 3
0.942469 0.0163065 0.0163065 2 7 3
0.932593 0.0164097 0.0164097 2 7 3
0.922719 0.016514 0.016514 2 7 3
0.912849 0.0166195 0.0166195 2 7 3
0.902981 0.0167262 0.0167262 2 7 3
0.893117 0.0168341 0.0168341 2 7 3
0.883256 0.0169433 0.0169433 2 7 3
0.873398 0.0170537 0.0170537 2 7 3
0.863544 0.0171654 0.0171654 2 7 3
0.853693 0.0172783 0.0172783 2 7 3
0.843847 0.0173926 0.0173926 2 7 3
0.834004 0.0175083 0.0175083 2 7 3
0.824165 0.0176253 0.0176253 2 7 3
0.81433 0.0177437 0.0177437 2 7 3
0.8045 0.0178635 0.0178635 2 7 3
0.794674 0.0179848 0.0179848 2 7 3
0.784853 0.0181076 0.0181076 2 7 3
0.775036 0.0182319 0.0182319 2 7 3
0.765224 0.0183577 0.0183577 2 7 3
0.755418 0.0184851 0.0184851 2 7 3
0.745617 0.018614 0.018614 2 7 3
0.735821 0.0187446 0.0187446 2 7 3
0.726031 0.0188769 0.0188769 2 7 3
0.716247 0.0190109 0.0190109 2 7 3
0.706469 0.0191466 0.0191466 2 7 3
0.696697 0.019284 0.019284 2 7 3
0.686932 0.0194233 0.0194233 2 7 3
0.677174 0.0195644 0.0195644 2 7 3
0.667423 0.0197073 0.0197073 2 7 3
0.65768 0.0198522 0.0198522 2 7 3
0.647944 0.019999 0.019999 2 7 3
0.638216 0.0201478 0.0201478 2 7 3
0.628497 0.0202987 0.0202987 2 7 3
0.618787 0.0204516 0.0204516 2 7 3
0.609085 0.0206066 0.0206066 2 7 3
0.599393 0.0207638 0.0207638 2 7 3
0.589711 0.0209232 0.0209232 2 7 3
0.580039 0.0210849 0.0210849 2 7 3
0.570378 0.0212488 0.0212488 2 7 3
0.560728 0.0214151 0.0214151 2 7 3
0.551091 0.0215839 0.0215839 2 7 3
0.541465 0.0217551 0.0217551 2 7 3
0.531852 0.0219287 0.0219287 2 7 3
0.522253 0.022105 0.022105 2 7 3
0.512667 0.0222839 0.0222839 2 7 3
0.503097 0.0224654 0.0224654 2 7 3
0.493542 0.0226497 0.0226497 2 7 3
0.484003 0.0228368 0.0228368 2 7 3
0.474481 0.0230267 0.0230267 2 7 3
0.464977 0.0232196 0.0232196 2 7 3
0.455492 0.0234154 0.0234154 2 7 3
0.446026 0.0236143 0.0236143 2 7 3
0.436582 0.0238163 0.0238163 2 7 3
0.427159 0.0240215 0.0240215 2 7 3
0.417759 0.0242299 0.0242299 2 7 3
0.408383 0.0244416 0.0244416 2 7 3
0.399032 0.0246567 0.0246567 2 7 3
0.389709 0.0248752 0.0248752 2 7 3
0.380413 0.0250973 0.0250973 2 7 3
0.371148 0.0253229 0.0253229 2 7 3
0.361914 0.0255522 0.0255522 2 7 3
0.352713 0.0257852 0.0257852 2 7 3
0.343547 0.026022 0.026022 2 7 3
0.334419 0.0262627 0.0262627 2 7 3
0.32533 0.0265073 0.0265073 2 7 3
0.316283 0.0267558 0.0267558 2 7 3
0.307279 0.0270084 0.0270084 2 7 3
0.298322 0.0272651 0.0272651 2 7 3
0.289415 0.0275259 0.0275259 2 7 3
0.28056 0.0277909 0.0277909 2 7 3
0.27176 0.0280602 0.0280602 2 7 3
0.263019 0.0283337 0.0283337 2 7 3
0.25434 0.0286115 0.0286115 2 7 3
0.245726 0.0288935 0.0288935 2 7 3
0.237183 0.0291799 0.0291799 2 7 3
0.228713 0.0294706 0.0294706 2 7 3
0.220321 0.0297656 0.0297656 2 7 3
0.212012 0.0300648 0.0300648 2 7 3
0.203789 0.0303682 0.0303682 2 7 3
0.195659 0.0306758 0.0306758 2 7 3
0.187626 0.0309874 0.0309874 2 7 3
0.179696 0.0313029 0.0313029 2 7 3
0.171872 0.0316222 0.0316222 2 7 3
0.164162 0.0319452 0.0319452 2 7 3
0.15669 0.0322751 0.0322751 2 7 3
0.149229 0.0326046 0.0326046 2 7 3
0.141899 0.0329371 0.0329371 2 7 3
0.134703 0.0332724 0.0332724 2 7 3
0.127647 0.0336102 0.0336102 2 7 3
0.120737 0.0339503 0.0339503 2 7 3
0.113977 0.0342923 0.0342923 2 7 3
0.107371 0.0346359 0.0346359 2 7 3
0.100924 0.0349807 0.0349807 2 7 3
0.0946387 0.0353264 0.0353264 2 7 3
0.0885192 0.0356727 0.0356727 2 7 3
0.0825678 0.0360191 0.0360191 2 7 3
0.0767865 0.0363654 0.0363654 2 7 3
0.0711769 0.0367111 0.0367111 2 7 3
0.0657399 0.0370558 0.0370558 2 7 3
0.0604757 0.0373993 0.0373993 2 7 3
0.0553841 0.0377412 0.0377412 2 7 3
0.0504642 0.0380811 0.0380811 2 7 3
0.0457145 0.0384188 0.0384188 2 7 3
0.041133 0.038754 0.038754 2 7 3
0.0367173 0.0390863 0.0390863 2 7 3
0.0324646 0.0394157 0.0394157 2 7 3
0.0283715 0.0397418 0.0397418 2 7 3
0.0244345 0.0400645 0.0400645 2 7 3
0.0206497 0.0403836 0.0403836 2 7 3
0.017013 0.0406989 0.0406989 2 7 3
0.0135202 0.0410103 0.0410103 2 7 3
0.0101667 0.0413178 0.0413178 2 7 3
0.00694814 0.0416212 0.0416212 2 7 3
0.00385992 0.0419205 0.0419205 2 7 3
0.00089744 0.0422157 0.0422157 2 7 3
-0.00194386 0.0425066 0.0425066 2 7 3
0.0820526 0.01 0.01 2 2 3
0.0819532 0.0100038 0.0100038 2 2 3
0.0818538 0.0100076 0.0100076 2 2 3
0.0817545 0.0100114 0.0100114 2 2 3
0.0816554 0.0100152 0.0100152 2 2 3
0.0815564 0.010019 0.010019 2 2 3
0.0814574 0.0100228 0.0100228 2 2 3
0.0813586 0.0100266 0.0100266 2 2 3
0.0812598 0.0100304 0.0100304 2 2 3
0.0811612 0.0100342 0.0100342 2 2 3
0.0810626 0.010038 0.010038 2 2 3
0.0809642 0.0100418 0.0100418 2 2 3
0.0808658 0.0100456 0.0100456 2 2 3
0.0807675 0.0100494 0.0100494 2 2 3
0.0806693 0.0100532 0.0100532 2 2 3
0.0805713 0.010057 0.010057 2 2 3
0.0804733 0.0100608 0.0100608 2 2 3
0.0803754 0.0100646 0.0100646 2 2 3
0.0802776 0.0100684 0.0100684 2 2 3
0.0801799 0.0100722 0.0100722 2 2 3
0.0800823 0.010076 0.010076 2 2 3
0.0799848 0.0100798 0.0100798 2 2 3
0.0798874 0.0100836 0.0100836 2 2 3
0.0797901 0.0100874 0.0100874 2 2 3
0.0796928 0.0100912 0.0100912 2 2 3
0.0795957 0.010095 0.010095 2 2 3
0.0794987 0.0100988 0.0100988 2 2 3
0.0794017 0.0101026 0.0101026 2 2 3
0.0793049 0.0101063 0.0101063 2 2 3
0.0792081 0.0101101 0.0101101 2 2 3
0.0791115 0.0101139 0.0101139 2 2 3
0.0790149 0.0101177 0.0101177 2 2 3
0.0789184 0.0101215 0.0101215 2 2 3
0.078822 0.0101253 0.0101253 2 2 3
0.0787257 0.0101291 0.0101291 2 2 3
0.0786295 0.0101328 0.0101328 2 2 3
0.0785334 0.0101366 0.0101366 2 2 3
0.0784374 0.0101404 0.0101404 2 2 3
0.0783415 0.0101442 0.0101442 2 2 3
0.0782456 0.010148 0.010148 2 2 3
0.0781499 0.0101517 0.0101517 2 2 3
0.0780543 0.0101555 0.0101555 2 2 3
0.0779587 0.0101593 0.0101593 2 2 3
0.0778632 0.0101631 0.0101631 2 2 3
0.0777679 0.0101669 0.0101669 2 2 3
0.0776726 0.0101706 0.0101706 2 2 3
0.0775774 0.0101744 0.0101744 2 2 3
0.0774823 0.0101782 0.0101782 2 2 3
0.0773873 0.010182 0.010182 2 2 3
0.0772923 0.0101857 0.0101857 2 2 3
0.0771975 0.0101895 0.0101895 2 2 3
0.0771028 0.0101933 0.0101933 2 2 3
0.0770081 0.010197 0.010197 2 2 3
0.0769136 0.0102008 0.0102008 2 2 3
0.0768191 0.0102046 0.0102046 2 2 3
0.0767247 0.0102084 0.0102084 2 2 3
0.0766304 0.0102121 0.0102121 2 2 3
0.0765362 0.0102159 0.0102159 2 2 3
0.0764421 0.0102197 0.0102197 2 2 3
0.0763481 0.0102234 0.0102234 2 2 3
0.0762541 0.0102272 0.0102272 2 2 3
0.0761603 0.010231 0.010231 2 2 3
0.0760665 0.0102347 0.0102347 2 2 3
0.0759729 0.0102385 0.0102385 2 2 3
0.0758793 0.0102422 0.0102422 2 2 3
0.0757858 0.010246 0.010246 2 2 3
0.0756924 0.0102498 0.0102498 2 2 3
0.075599 0.0102535 0.0102535 2 2 3
0.0755058 0.0102573 0.0102573 2 2 3
0.0754127 0.0102611 0.0102611 2 2 3
0.0753196 0.0102648 0.0102648 2 2 3
0.0752266 0.0102686 0.0102686 2 2 3
0.0751338 0.0102723 0.0102723 2 2 3
0.075041 0.0102761 0.0102761 2 2 3
0.0749483 0.0102798 0.0102798 2 2 3
0.0748556 0.0102836 0.0102836 2 2 3
0.0747631 0.0102874 0.0102874 2 2 3
0.0746707 0.0102911 0.0102911 2 2 3
0.0745783 0.0102949 0.0102949 2 2 3
0.074486 0.0102986 0.0102986 2 2 3
0.0743938 0.0103024 0.0103024 2 2 3
0.0743017 0.0103061 0.0103061 2 2 3
0.0742097 0.0103099 0.0103099 2 2 3
0.0741178 0.0103136 0.0103136 2 2 3
0.0740259 0.0103174 0.0103174 2 2 3
0.0739342 0.0103211 0.0103211 2 2 3
0.0738425 0.0103249 0.0103249 2 2 3
0.0737509 0.0103286 0.0103286 2 2 3
0.0736594 0.0103324 0.0103324 2 2 3
0.073568 0.0103361 0.0103361 2 2 3
0.0734766 0.0103399 0.0103399 2 2 3
0.0733854 0.0103436 0.0103436 2 2 3
0.0732942 0.0103474 0.0103474 2 2 3
0.0732031 0.0103511 0.0103511 2 2 3
0.0731121 0.0103548 0.0103548 2 2 3
0.0730212 0.0103586 0.0103586 2 2 3
0.0729304 0.0103623 0.0103623 2 2 3
0.0728396 0.0103661 0.0103661 2 2 3
0.072749 0.0103698 0.0103698 2 2 3
0.0726584 0.0103736 0.0103736 2 2 3
0.0725679 0.0103773 0.0103773 2 2 3
0.0724775 0.010381 0.010381 2 2 3
0.0723872 0.0103848 0.0103848 2 2 3
0.0722969 0.0103885 0.0103885 2 2 3
0.0722068 0.0103923 0.0103923 2 2 3
0.0721167 0.010396 0.010396 2 2 3
0.0720267 0.0103997 0.0103997 2 2 3
0.0719368 0.0104035 0.0104035 2 2 3
0.0718469 0.0104072 0.0104072 2 2 3
0.0717572 0.0104109 0.0104109 2 2 3
0.0716675 0.0104147 0.0104147 2 2 3
0.0715779 0.0104184 0.0104184 2 2 3
0.0714884 0.0104221 0.0104221 2 2 3
0.071399 0.0104259 0.0104259 2 2 3
0.0713097 0.0104296 0.0104296 2 2 3
0.0712204 0.0104333 0.0104333 2 2 3
0.0711312 0.0104371 0.0104371 2 2 3
0.0710421 0.0104408 0.0104408 2 2 3
0.0709531 0.0104445 0.0104445 2 2 3
0.0708642 0.0104483 0.0104483 2 2 3
0.0707753 0.010452 0.010452 2 2 3
0.0706866 0.0104557 0.0104557 2 2 3
0.0705979 0.0104594 0.0104594 2 2 3
0.0705093 0.0104632 0.0104632 2 2 3
0.0704207 0.0104669 0.0104669 2 2 3
0.0703323 0.0104706 0.0104706 2 2 3
0.0702439 0.0104744 0.0104744 2 2 3
0.0701556 0.0104781 0.0104781 2 2 3
0.0700674 0.0104818 0.0104818 2 2 3
0.0699793 0.0104855 0.0104855 2 2 3
0.0698912 0.0104892 0.0104892 2 2 3
0.0698033 0.010493 0.010493 2 2 3
0.0697154 0.0104967 0.0104967 2 2 3
0.0696276 0.0105004 0.0105004 2 2 3
0.0695398 0.0105041 0.0105041 2 2 3
0.0694522 0.0105079 0.0105079 2 2 3
0.0693646 0.0105116 0.0105116 2 2 3
0.0692771 0.0105153 0.0105153 2 2 3
0.0691897 0.010519 0.010519 2 2 3
0.0691024 0.0105227 0.0105227 2 2 3
0.0690151 0.0105265 0.0105265 2 2 3
0.0689279 0.0105302 0.0105302 2 2 3
0.0688408 0.0105339 0.0105339 2 2 3
0.0687538 0.0105376 0.0105376 2 2 3
0.0686669 0.0105413 0.0105413 2 2 3
0.06858 0.010545 0.010545 2 2 3
0.0684932 0.0105487 0.0105487 2 2 3
0.0684065 0.0105525 0.0105525 2 2 3
0.0683199 0.0105562 0.0105562 2 2 3
0.0682333 0.0105599 0.0105599 2 2 3
0.0681468 0.0105636 0.0105636 2 2 3
0.0680604 0.0105673 0.0105673 2 2 3
0.0679741 0.010571 0.010571 2 2 3
0.0678879 0.0105747 0.0105747 2 2 3
0.0678017 0.0105784 0.0105784 2 2 3
0.0677156 0.0105822 0.0105822 2 2 3
0.0676296 0.0105859 0.0105859 2 2 3
0.0675437 0.0105896 0.0105896 2 2 3
0.0674578 0.0105933 0.0105933 2 2 3
0.067372 0.010597 0.010597 2 2 3
0.0672863 0.0106007 0.0106007 2 2 3
0.0672007 0.0106044 0.0106044 2 2 3
0.0671151 0.0106081 0.0106081 2 2 3
0.0670296 0.0106118 0.0106118 2 2 3
0.0669442 0.0106155 0.0106155 2 2 3
0.0668589 0.0106192 0.0106192 2 2 3
0.0667737 0.0106229 0.0106229 2 2 3
0.0666885 0.0106266 0.0106266 2 2 3
0.0666034 0.0106303 0.0106303 2 2 3
0.0665184 0.010634 0.010634 2 2 3
0.0664334 0.0106377 0.0106377 2 2 3
0.0663485 0.0106414 0.0106414 2 2 3
0.0662637 0.0106451 0.0106451 2 2 3
0.066179 0.0106488 0.0106488 2 2 3
0.0660944 0.0106525 0.0106525 2 2 3
0.0660098 0.0106562 0.0106562 2 2 3
0.0659253 0.0106599 0.0106599 2 2 3
0.0658408 0.0106636 0.0106636 2 2 3
0.0657565 0.0106673 0.0106673 2 2 3
0.0656722 0.010671 0.010671 2 2 3
0.065588 0.0106747 0.0106747 2 2 3
0.0655039 0.0106784 0.0106784 2 2 3
0.0654198 0.0106821 0.0106821 2 2 3
0.0653359 0.0106858 0.0106858 2 2 3
0.0652519 0.0106895 0.0106895 2 2 3
0.0651681 0.0106932 0.0106932 2 2 3
0.0650844 0.0106969 0.0106969 2 2 3
0.0650007 0.0107006 0.0107006 2 2 3
0.0649171 0.0107043 0.0107043 2 2 3
0.0648335 0.010708 0.010708 2 2 3
0.06475 0.0107117 0.0107117 2 2 3
0.0646667 0.0107154 0.0107154 2 2 3
0.0645833 0.0107191 0.0107191 2 2 3
0.0645001 0.0107227 0.0107227 2 2 3
0.0644169 0.0107264 0.0107264 2 2 3
0.0643338 0.0107301 0.0107301 2 2 3
0.0642508 0.0107338 0.0107338 2 2 3
0.0641678 0.0107375 0.0107375 2 2 3
0.0640849 0.0107412 0.0107412 2 2 3
0.0640021 0.0107449 0.0107449 2 2 3
0.0639194 0.0107486 0.0107486 2 2 3
0.0638367 0.0107523 0.0107523 2 2 3
0.0637541 0.0107559 0.0107559 2 2 3
0.0636716 0.0107596 0.0107596 2 2 3
0.0635891 0.0107633 0.0107633 2 2 3
0.0635068 0.010767 0.010767 2 2 3
0.0634245 0.0107707 0.0107707 2 2 3
0.0633422 0.0107744 0.0107744 2 2 3
0.06326 0.010778 0.010778 2 2 3
0.063178 0.0107817 0.0107817 2 2 3
0.0630959 0.0107854 0.0107854 2 2 3
0.063014 0.0107891 0.0107891 2 2 3
0.0629321 0.0107928 0.0107928 2 2 3
0.0628503 0.0107965 0.0107965 2 2 3
0.0627685 0.0108001 0.0108001 2 2 3
0.0626869 0.0108038 0.0108038 2 2 3
0.0626053 0.0108075 0.0108075 2 2 3
0.0625237 0.0108112 0.0108112 2 2 3
0.0624423 0.0108149 0.0108149 2 2 3
0.0623609 0.0108185 0.0108185 2 2 3
0.0622796 0.0108222 0.0108222 2 2 3
0.0621983 0.0108259 0.0108259 2 2 3
0.0621172 0.0108296 0.0108296 2 2 3
0.0620361 0.0108332 0.0108332 2 2 3
0.061955 0.0108369 0.0108369 2 2 3
0.061874 0.0108406 0.0108406 2 2 3
0.0617931 0.0108443 0.0108443 2 2 3
0.0617123 0.0108479 0.0108479 2 2 3
0.0616316 0.0108516 0.0108516 2 2 3
0.0615509 0.0108553 0.0108553 2 2 3
0.0614703 0.010859 0.010859 2 2 3
0.0613897 0.0108626 0.0108626 2 2 3
0.0613092 0.0108663 0.0108663 2 2 3
0.0612288 0.01087 0.01087 2 2 3
0.0611485 0.0108736 0.0108736 2 2 3
0.0610682 0.0108773 0.0108773 2 2 3
0.060988 0.010881 0.010881 2 2 3
0.0609078 0.0108847 0.0108847 2 2 3
0.0608278 0.0108883 0.0108883 2 2 3
0.0607478 0.010892 0.010892 2 2 3
0.0606678 0.0108957 0.0108957 2 2 3
0.060588 0.0108993 0.0108993 2 2 3
0.0605082 0.010903 0.010903 2 2 3
0.0604284 0.0109067 0.0109067 2 2 3
0.0603488 0.0109103 0.0109103 2 2 3
0.0602692 0.010914 0.010914 2 2 3
0.0601897 0.0109177 0.0109177 2 2 3
0.0601102 0.0109213 0.0109213 2 2 3
0.0600308 0.010925 0.010925 2 2 3
0.0599515 0.0109287 0.0109287 2 2 3
0.0598722 0.0109323 0.0109323 2 2 3
0.059793 0.010936 0.010936 2 2 3
0.0597139 0.0109397 0.0109397 2 2 3
0.0596349 0.0109433 0.0109433 2 2 3
0.0595559 0.010947 0.010947 2 2 3
0.059477 0.0109506 0.0109506 2 2 3
0.0593981 0.0109543 0.0109543 2 2 3
0.0593193 0.010958 0.010958 2 2 3
0.0592406 0.0109616 0.0109616 2 2 3
0.059162 0.0109653 0.0109653 2 2 3
0.0590834 0.0109689 0.0109689 2 2 3
0.0590049 0.0109726 0.0109726 2 2 3
0.0589264 0.0109763 0.0109763 2 2 3
0.058848 0.0109799 0.0109799 2 2 3
0.0587697 0.0109836 0.0109836 2 2 3
0.0586914 0.0109872 0.0109872 2 2 3
0.0586132 0.0109909 0.0109909 2 2 3
0.0585351 0.0109946 0.0109946 2 2 3
0.0584571 0.0109982 0.0109982 2 2 3
0.0583791 0.0110019 0.0110019 2 2 3
0.0583012 0.0110055 0.0110055 2 2 3
0.0582233 0.0110092 0.0110092 2 2 3
0.0581455 0.0110128 0.0110128 2 2 3
0.0580678 0.0110165 0.0110165 2 2 3
0.0579901 0.0110201 0.0110201 2 2 3
0.0579125 0.0110238 0.0110238 2 2 3
0.057835 0.0110274 0.0110274 2 2 3
0.0577575 0.0110311 0.0110311 2 2 3
0.0576801 0.0110348 0.0110348 2 2 3
0.0576028 0.0110384 0.0110384 2 2 3
0.0575255 0.0110421 0.0110421 2 2 3
0.0574483 0.0110457 0.0110457 2 2 3
0.0573711 0.0110494 0.0110494 2 2 3
0.057294 0.011053 0.011053 2 2 3
0.057217 0.0110567 0.0110567 2 2 3
0.0571401 0.0110603 0.0110603 2 2 3
0.0570632 0.011064 0.011064 2 2 3
0.0569864 0.0110676 0.0110676 2 2 3
0.0569096 0.0110713 0.0110713 2 2 3
0.0568329 0.0110749 0.0110749 2 2 3
0.0567563 0.0110785 0.0110785 2 2 3
0.0566797 0.0110822 0.0110822 2 2 3
0.0566032 0.0110858 0.0110858 2 2 3
0.0565268 0.0110895 0.0110895 2 2 3
0.0564504 0.0110931 0.0110931 2 2 3
0.0563741 0.0110968 0.0110968 2 2 3
0.0562978 0.0111004 0.0111004 2 2 3
0.0562216 0.0111041 0.0111041 2 2 3
0.0561455 0.0111077 0.0111077 2 2 3
0.0560695 0.0111114 0.0111114 2 2 3
0.0559935 0.011115 0.011115 2 2 3
0.0559175 0.0111186 0.0111186 2 2 3
0.0558417 0.0111223 0.0111223 2 2 3
0.0557659 0.0111259 0.0111259 2 2 3
0.0556901 0.0111296 0.0111296 2 2 3
0.0556144 0.0111332 0.0111332 2 2 3
0.0555388 0.0111369 0.0111369 2 2 3
0.0554633 0.0111405 0.0111405 2 2 3
0.0553878 0.0111441 0.0111441 2 2 3
0.0553123 0.0111478 0.0111478 2 2 3
0.055237 0.0111514 0.0111514 2 2 3
0.0551616 0.011155 0.011155 2 2 3
0.0550864 0.0111587 0.0111587 2 2 3
0.0550112 0.0111623 0.0111623 2 2 3
0.0549361 0.011166 0.011166 2 2 3
0.054861 0.0111696 0.0111696 2 2 3
0.054786 0.0111732 0.0111732 2 2 3
0.0547111 0.0111769 0.0111769 2 2 3
0.0546362 0.0111805 0.0111805 2 2 3
0.0545614 0.0111841 0.0111841 2 2 3
0.0544867 0.0111878 0.0111878 2 2 3
0.054412 0.0111914 0.0111914 2 2 3
0.0543373 0.011195 0.011195 2 2 3
0.0542628 0.0111987 0.0111987 2 2 3
0.0541883 0.0112023 0.0112023 2 2 3
0.0541138 0.011206 0.011206 2 2 3
0.0540394 0.0112096 0.0112096 2 2 3
0.0539651 0.0112132 0.0112132 2 2 3
0.0538909 0.0112168 0.0112168 2 2 3
0.0538167 0.0112205 0.0112205 2 2 3
0.0537425 0.0112241 0.0112241 2 2 3
0.0536684 0.0112277 0.0112277 2 2 3
0.0535944 0.0112314 0.0112314 2 2 3
0.0535205 0.011235 0.011235 2 2 3
0.0534466 0.0112386 0.0112386 2 2 3
0.0533727 0.0112423 0.0112423 2 2 3
0.0532989 0.0112459 0.0112459 2 2 3
0.0532252 0.0112495 0.0112495 2 2 3
0.0531516 0.0112531 0.0112531 2 2 3
0.053078 0.0112568 0.0112568 2 2 3
0.0530044 0.0112604 0.0112604 2 2 3
0.0529309 0.011264 0.011264 2 2 3
0.0528575 0.0112677 0.0112677 2 2 3
0.0527842 0.0112713 0.0112713 2 2 3
0.0527109 0.0112749 0.0112749 2 2 3
0.0526376 0.0112785 0.0112785 2 2 3
0.0525645 0.0112822 0.0112822 2 2 3
0.0524913 0.0112858 0.0112858 2 2 3
0.0524183 0.0112894 0.0112894 2 2 3
0.0523453 0.011293 0.011293 2 2 3
0.0522723 0.0112967 0.0112967 2 2 3
0.0521994 0.0113003 0.0113003 2 2 3
0.0521266 0.0113039 0.0113039 2 2 3
0.0520539 0.0113075 0.0113075 2 2 3
0.0519811 0.0113112 0.0113112 2 2 3
0.0519085 0.0113148 0.0113148 2 2 3
0.0518359 0.0113184 0.0113184 2 2 3
0.0517634 0.011322 0.011322 2 2 3
0.0516909 0.0113256 0.0113256 2 2 3
0.0516185 0.0113293 0.0113293 2 2 3
0.0515461 0.0113329 0.0113329 2 2 3
0.0514738 0.0113365 0.0113365 2 2 3
0.0514016 0.0113401 0.0113401 2 2 3
0.0513294 0.0113437 0.0113437 2 2 3
0.0512573 0.0113474 0.0113474 2 2 3
0.0511852 0.011351 0.011351 2 2 3
0.0511132 0.0113546 0.0113546 2 2 3
0.0510413 0.0113582 0.0113582 2 2 3
0.0509694 0.0113618 0.0113618 2 2 3
0.0508976 0.0113654 0.0113654 2 2 3
0.0508258 0.0113691 0.0113691 2 2 3
0.0507541 0.0113727 0.0113727 2 2 3
0.0506824 0.0113763 0.0113763 2 2 3
0.0506108 0.0113799 0.0113799 2 2 3
0.0505393 0.0113835 0.0113835 2 2 3
0.0504678 0.0113871 0.0113871 2 2 3
0.0503964 0.0113907 0.0113907 2 2 3
0.050325 0.0113944 0.0113944 2 2 3
0.0502537 0.011398 0.011398 2 2 3
0.0501824 0.0114016 0.0114016 2 2 3
0.0501112 0.0114052 0.0114052 2 2 3
0.0500401 0.0114088 0.0114088 2 2 3
0.049969 0.0114124 0.0114124 2 2 3
0.0498979 0.011416 0.011416 2 2 3
0.049827 0.0114196 0.0114196 2 2 3
0.0497561 0.0114233 0.0114233 2 2 3
0.0496852 0.0114269 0.0114269 2 2 3
0.0496144 0.0114305 0.0114305 2 2 3
0.0495436 0.0114341 0.0114341 2 2 3
0.049473 0.0114377 0.0114377 2 2 3
0.0494023 0.0114413 0.0114413 2 2 3
0.0493317 0.0114449 0.0114449 2 2 3
0.0492612 0.0114485 0.0114485 2 2 3
0.0491908 0.0114521 0.0114521 2 2 3
0.0491203 0.0114557 0.0114557 2 2 3
0.04905 0.0114593 0.0114593 2 2 3
0.0489797 0.011463 0.011463 2 2 3
0.0489095 0.0114666 0.0114666 2 2 3
0.0488393 0.0114702 0.0114702 2 2 3
0.0487691 0.0114738 0.0114738 2 2 3
0.0486991 0.0114774 0.0114774 2 2 3
0.048629 0.011481 0.011481 2 2 3
0.0485591 0.0114846 0.0114846 2 2 3
0.0484892 0.0114882 0.0114882 2 2 3
0.0484193 0.0114918 0.0114918 2 2 3
0.0483495 0.0114954 0.0114954 2 2 3
0.0482798 0.011499 0.011499 2 2 3
0.0482101 0.0115026 0.0115026 2 2 3
0.0481405 0.0115062 0.0115062 2 2 3
0.0480709 0.0115098 0.0115098 2 2 3
0.0480014 0.0115134 0.0115134 2 2 3
0.0479319 0.011517 0.011517 2 2 3
0.0478625 0.0115206 0.0115206 2 2 3
0.0477931 0.0115242 0.0115242 2 2 3
0.0477238 0.0115278 0.0115278 2 2 3
0.0476546 0.0115314 0.0115314 2 2 3
0.0475854 0.011535 0.011535 2 2 3
0.0475162 0.0115386 0.0115386 2 2 3
0.0474472 0.0115422 0.0115422 2 2 3
0.0473781 0.0115458 0.0115458 2 2 3
0.0473092 0.0115494 0.0115494 2 2 3
0.0472402 0.011553 0.011553 2 2 3
0.0471714 0.0115566 0.0115566 2 2 3
0.0471026 0.0115602 0.0115602 2 2 3
0.0470338 0.0115638 0.0115638 2 2 3
0.0469651 0.0115674 0.0115674 2 2 3
0.0468964 0.011571 0.011571 2 2 3
0.0468278 0.0115746 0.0115746 2 2 3
0.0467593 0.0115782 0.0115782 2 2 3
0.0466908 0.0115818 0.0115818 2 2 3
0.0466224 0.0115854 0.0115854 2 2 3
0.046554 0.011589 0.011589 2 2 3
0.0464857 0.0115926 0.0115926 2 2 3
0.0464174 0.0115962 0.0115962 2 2 3
0.0463492 0.0115998 0.0115998 2 2 3
0.046281 0.0116034 0.0116034 2 2 3
0.0462129 0.0116069 0.0116069 2 2 3
0.0461448 0.0116105 0.0116105 2 2 3
0.0460768 0.0116141 0.0116141 2 2 3
0.0460089 0.0116177 0.0116177 2 2 3
0.045941 0.0116213 0.0116213 2 2 3
0.0458731 0.0116249 0.0116249 2 2 3
0.0458053 0.0116285 0.0116285 2 2 3
0.0457376 0.0116321 0.0116321 2 2 3
0.0456699 0.0116357 0.0116357 2 2 3
0.0456022 0.0116393 0.0116393 2 2 3
0.0455346 0.0116429 0.0116429 2 2 3
0.0454671 0.0116465 0.0116465 2 2 3
0.0453996 0.01165 0.01165 2 2 3
0.0453322 0.0116536 0.0116536 2 2 3
0.0452648 0.0116572 0.0116572 2 2 3
0.0451975 0.0116608 0.0116608 2 2 3
0.0451302 0.0116644 0.0116644 2 2 3
0.045063 0.011668 0.011668 2 2 3
0.0449959 0.0116716 0.0116716 2 2 3
0.0449287 0.0116752 0.0116752 2 2 3
0.0448617 0.0116787 0.0116787 2 2 3
0.0447947 0.0116823 0.0116823 2 2 3
0.0447277 0.0116859 0.0116859 2 2 3
0.0446608 0.0116895 0.0116895 2 2 3
0.0445939 0.0116931 0.0116931 2 2 3
0.0445271 0.0116967 0.0116967 2 2 3
0.0444604 0.0117003 0.0117003 2 2 3
0.0443937 0.0117038 0.0117038 2 2 3
0.044327 0.0117074 0.0117074 2 2 3
0.0442604 0.011711 0.011711 2 2 3
0.0441939 0.0117146 0.0117146 2 2 3
0.0441274 0.0117182 0.0117182 2 2 3
0.044061 0.0117218 0.0117218 2 2 3
0.0439946 0.0117253 0.0117253 2 2 3
0.0439282 0.0117289 0.0117289 2 2 3
0.0438619 0.0117325 0.0117325 2 2 3
0.0437957 0.0117361 0.0117361 2 2 3
0.0437295 0.0117397 0.0117397 2 2 3
0.0436634 0.0117432 0.0117432 2 2 3
0.0435973 0.0117468 0.0117468 2 2 3
0.0435313 0.0117504 0.0117504 2 2 3
0.0434653 0.011754 0.011754 2 2 3
0.0433993 0.0117576 0.0117576 2 2 3
0.0433335 0.0117611 0.0117611 2 2 3
0.0432676 0.0117647 0.0117647 2 2 3
0.0432018 0.0117683 0.0117683 2 2 3
0.0431361 0.0117719 0.0117719 2 2 3
0.0430704 0.0117755 0.0117755 2 2 3
0.0430048 0.011779 0.011779 2 2 3
0.0429392 0.0117826 0.0117826 2 2 3
0.0428737 0.0117862 0.0117862 2 2 3
0.0428082 0.0117898 0.0117898 2 2 3
0.0427428 0.0117933 0.0117933 2 2 3
0.0426774 0.0117969 0.0117969 2 2 3
0.0426121 0.0118005 0.0118005 2 2 3
0.0425468 0.0118041 0.0118041 2 2 3
0.0424816 0.0118076 0.0118076 2 2 3
0.0424164 0.0118112 0.0118112 2 2 3
0.0423513 0.0118148 0.0118148 2 2 3
0.0422862 0.0118184 0.0118184 2 2 3
0.0422212 0.0118219 0.0118219 2 2 3
0.0421562 0.0118255 0.0118255 2 2 3
0.0420912 0.0118291 0.0118291 2 2 3
0.0420264 0.0118326 0.0118326 2 2 3
0.0419615 0.0118362 0.0118362 2 2 3
0.0418968 0.0118398 0.0118398 2 2 3
0.041832 0.0118434 0.0118434 2 2 3
0.0417673 0.0118469 0.0118469 2 2 3
0.0417027 0.0118505 0.0118505 2 2 3
0.0416381 0.0118541 0.0118541 2 2 3
0.0415736 0.0118576 0.0118576 2 2 3
0.0415091 0.0118612 0.0118612 2 2 3
0.0414447 0.0118648 0.0118648 2 2 3
0.0413803 0.0118684 0.0118684 2 2 3
0.0413159 0.0118719 0.0118719 2 2 3
0.0412516 0.0118755 0.0118755 2 2 3
0.0411874 0.0118791 0.0118791 2 2 3
0.0411232 0.0118826 0.0118826 2 2 3
0.041059 0.0118862 0.0118862 2 2 3
0.040995 0.0118898 0.0118898 2 2 3
0.0409309 0.0118933 0.0118933 2 2 3
0.0408669 0.0118969 0.0118969 2 2 3
0.040803 0.0119005 0.0119005 2 2 3
0.0407391 0.011904 0.011904 2 2 3
0.0406752 0.0119076 0.0119076 2 2 3
0.0406114 0.0119112 0.0119112 2 2 3
0.0405476 0.0119147 0.0119147 2 2 3
0.0404839 0.0119183 0.0119183 2 2 3
0.0404203 0.0119219 0.0119219 2 2 3
0.0403566 0.0119254 0.0119254 2 2 3
0.0402931 0.011929 0.011929 2 2 3
0.0402296 0.0119326 0.0119326 2 2 3
0.0401661 0.0119361 0.0119361 2 2 3
0.0401027 0.0119397 0.0119397 2 2 3
0.0400393 0.0119432 0.0119432 2 2 3
0.039976 0.0119468 0.0119468 2 2 3
0.0399127 0.0119504 0.0119504 2 2 3
0.0398495 0.0119539 0.0119539 2 2 3
0.0397863 0.0119575 0.0119575 2 2 3
0.0397231 0.011961 0.011961 2 2 3
0.03966 0.0119646 0.0119646 2 2 3
0.039597 0.0119682 0.0119682 2 2 3
0.039534 0.0119717 0.0119717 2 2 3
0.0394711 0.0119753 0.0119753 2 2 3
0.0394082 0.0119788 0.0119788 2 2 3
0.0393453 0.0119824 0.0119824 2 2 3
0.0392825 0.011986 0.011986 2 2 3
0.0392198 0.0119895 0.0119895 2 2 3
0.039157 0.0119931 0.0119931 2 2 3
0.0390944 0.0119966 0.0119966 2 2 3
0.0390318 0.0120002 0.0120002 2 2 3
0.0389692 0.0120038 0.0120038 2 2 3
0.0389067 0.0120073 0.0120073 2 2 3
0.0388442 0.0120109 0.0120109 2 2 3
0.0387818 0.0120144 0.0120144 2 2 3
0.0387194 0.012018 0.012018 2 2 3
0.038657 0.0120215 0.0120215 2 2 3
0.0385947 0.0120251 0.0120251 2 2 3
0.0385325 0.0120287 0.0120287 2 2 3
0.0384703 0.0120322 0.0120322 2 2 3
0.0384082 0.0120358 0.0120358 2 2 3
0.0383461 0.0120393 0.0120393 2 2 3
0.038284 0.0120429 0.0120429 2 2 3
0.038222 0.0120464 0.0120464 2 2 3
0.03816 0.01205 0.01205 2 2 3
0.0380981 0.0120535 0.0120535 2 2 3
0.0380362 0.0120571 0.0120571 2 2 3
0.0379744 0.0120606 0.0120606 2 2 3
0.0379126 0.0120642 0.0120642 2 2 3
0.0378509 0.0120677 0.0120677 2 2 3
0.0377892 0.0120713 0.0120713 2 2 3
0.0377275 0.0120748 0.0120748 2 2 3
0.0376659 0.0120784 0.0120784 2 2 3
0.0376044 0.0120819 0.0120819 2 2 3
0.0375429 0.0120855 0.0120855 2 2 3
0.0374814 0.012089 0.012089 2 2 3
0.03742 0.0120926 0.0120926 2 2 3
0.0373586 0.0120961 0.0120961 2 2 3
0.0372973 0.0120997 0.0120997 2 2 3
0.037236 0.0121032 0.0121032 2 2 3
0.0371748 0.0121068 0.0121068 2 2 3
0.0371136 0.0121103 0.0121103 2 2 3
0.0370525 0.0121139 0.0121139 2 2 3
0.0369914 0.0121174 0.0121174 2 2 3
0.0369303 0.012121 0.012121 2 2 3
0.0368693 0.0121245 0.0121245 2 2 3
0.0368084 0.0121281 0.0121281 2 2 3
0.0367474 0.0121316 0.0121316 2 2 3
0.0366866 0.0121352 0.0121352 2 2 3
0.0366257 0.0121387 0.0121387 2 2 3
0.036565 0.0121423 0.0121423 2 2 3
0.0365042 0.0121458 0.0121458 2 2 3
0.0364435 0.0121494 0.0121494 2 2 3
0.0363829 0.0121529 0.0121529 2 2 3
0.0363223 0.0121564 0.0121564 2 2 3
0.0362617 0.01216 0.01216 2 2 3
0.0362012 0.0121635 0.0121635 2 2 3
0.0361407 0.0121671 0.0121671 2 2 3
0.0360803 0.0121706 0.0121706 2 2 3
0.0360199 0.0121742 0.0121742 2 2 3
0.0359596 0.0121777 0.0121777 2 2 3
0.0358993 0.0121812 0.0121812 2 2 3
0.0358391 0.0121848 0.0121848 2 2 3
0.0357789 0.0121883 0.0121883 2 2 3
0.0357187 0.0121919 0.0121919 2 2 3
0.0356586 0.0121954 0.0121954 2 2 3
0.0355985 0.012199 0.012199 2 2 3
0.0355385 0.0122025 0.0122025 2 2 3
0.0354785 0.012206 0.012206 2 2 3
0.0354186 0.0122096 0.0122096 2 2 3
0.0353587 0.0122131 0.0122131 2 2 3
0.0352988 0.0122167 0.0122167 2 2 3
0.035239 0.0122202 0.0122202 2 2 3
0.0351792 0.0122237 0.0122237 2 2 3
0.0351195 0.0122273 0.0122273 2 2 3
0.0350598 0.0122308 0.0122308 2 2 3
0.0350002 0.0122343 0.0122343 2 2 3
0.0349406 0.0122379 0.0122379 2 2 3
0.0348811 0.0122414 0.0122414 2 2 3
0.0348216 0.012245 0.012245 2 2 3
0.0347621 0.0122485 0.0122485 2 2 3
0.0347027 0.012252 0.012252 2 2 3
0.0346433 0.0122556 0.0122556 2 2 3
0.034584 0.0122591 0.0122591 2 2 3
0.0345247 0.0122626 0.0122626 2 2 3
0.0344655 0.0122662 0.0122662 2 2 3
0.0344063 0.0122697 0.0122697 2 2 3
0.0343471 0.0122732 0.0122732 2 2 3
0.034288 0.0122768 0.0122768 2 2 3
0.0342289 0.0122803 0.0122803 2 2 3
0.0341699 0.0122839 0.0122839 2 2 3
0.0341109 0.0122874 0.0122874 2 2 3
0.034052 0.0122909 0.0122909 2 2 3
0.0339931 0.0122945 0.0122945 2 2 3
0.0339342 0.012298 0.012298 2 2 3
0.0338754 0.0123015 0.0123015 2 2 3
0.0338167 0.012305 0.012305 2 2 3
0.0337579 0.0123086 0.0123086 2 2 3
0.0336992 0.0123121 0.0123121 2 2 3
0.0336406 0.0123156 0.0123156 2 2 3
0.033582 0.0123192 0.0123192 2 2 3
0.0335235 0.0123227 0.0123227 2 2 3
0.0334649 0.0123262 0.0123262 2 2 3
0.0334065 0.0123298 0.0123298 2 2 3
0.033348 0.0123333 0.0123333 2 2 3
0.0332896 0.0123368 0.0123368 2 2 3
0.0332313 0.0123404 0.0123404 2 2 3
0.033173 0.0123439 0.0123439 2 2 3
0.0331147 0.0123474 0.0123474 2 2 3
0.0330565 0.0123509 0.0123509 2 2 3
0.0329983 0.0123545 0.0123545 2 2 3
0.0329402 0.012358 0.012358 2 2 3
0.0328821 0.0123615 0.0123615 2 2 3
0.0328241 0.0123651 0.0123651 2 2 3
0.0327661 0.0123686 0.0123686 2 2 3
0.0327081 0.0123721 0.0123721 2 2 3
0.0326502 0.0123756 0.0123756 2 2 3
0.0325923 0.0123792 0.0123792 2 2 3
0.0325344 0.0123827 0.0123827 2 2 3
0.0324766 0.0123862 0.0123862 2 2 3
0.0324189 0.0123897 0.0123897 2 2 3
0.0323612 0.0123933 0.0123933 2 2 3
0.0323035 0.0123968 0.0123968 2 2 3
0.0322459 0.0124003 0.0124003 2 2 3
0.0321883 0.0124038 0.0124038 2 2 3
0.0321307 0.0124074 0.0124074 2 2 3
0.0320732 0.0124109 0.0124109 2 2 3
0.0320157 0.0124144 0.0124144 2 2 3
0.0319583 0.0124179 0.0124179 2 2 3
0.0319009 0.0124215 0.0124215 2 2 3
0.0318436 0.012425 0.012425 2 2 3
0.0317863 0.0124285 0.0124285 2 2 3
0.031729 0.012432 0.012432 2 2 3
0.0316718 0.0124355 0.0124355 2 2 3
0.0316146 0.0124391 0.0124391 2 2 3
0.0315575 0.0124426 0.0124426 2 2 3
0.0315004 0.0124461 0.0124461 2 2 3
0.0314433 0.0124496 0.0124496 2 2 3
0.0313863 0.0124531 0.0124531 2 2 3
0.0313293 0.0124567 0.0124567 2 2 3
0.0312724 0.0124602 0.0124602 2 2 3
0.0312155 0.0124637 0.0124637 2 2 3
0.0311586 0.0124672 0.0124672 2 2 3
0.0311018 0.0124707 0.0124707 2 2 3
0.031045 0.0124743 0.0124743 2 2 3
0.0309883 0.0124778 0.0124778 2 2 3
0.0309316 0.0124813 0.0124813 2 2 3
0.030875 0.0124848 0.0124848 2 2 3
0.0308184 0.0124883 0.0124883 2 2 3
0.0307618 0.0124918 0.0124918 2 2 3
0.0307053 0.0124954 0.0124954 2 2 3
0.0306488 0.0124989 0.0124989 2 2 3
0.0305923 0.0125024 0.0125024 2 2 3
0.0305359 0.0125059 0.0125059 2 2 3
0.0304795 0.0125094 0.0125094 2 2 3
0.0304232 0.0125129 0.0125129 2 2 3
0.0303669 0.0125165 0.0125165 2 2 3
0.0303107 0.01252 0.01252 2 2 3
0.0302545 0.0125235 0.0125235 2 2 3
0.0301983 0.012527 0.012527 2 2 3
0.0301422 0.0125305 0.0125305 2 2 3
0.0300861 0.012534 0.012534 2 2 3
0.03003 0.0125375 0.0125375 2 2 3
0.029974 0.0125411 0.0125411 2 2 3
0.029918 0.0125446 0.0125446 2 2 3
0.0298621 0.0125481 0.0125481 2 2 3
0.0298062 0.0125516 0.0125516 2 2 3
0.0297504 0.0125551 0.0125551 2 2 3
0.0296946 0.0125586 0.0125586 2 2 3
0.0296388 0.0125621 0.0125621 2 2 3
0.029583 0.0125656 0.0125656 2 2 3
0.0295274 0.0125692 0.0125692 2 2 3
0.0294717 0.0125727 0.0125727 2 2 3
0.0294161 0.0125762 0.0125762 2 2 3
0.0293605 0.0125797 0.0125797 2 2 3
0.029305 0.0125832 0.0125832 2 2 3
0.0292495 0.0125867 0.0125867 2 2 3
0.029194 0.0125902 0.0125902 2 2 3
0.0291386 0.0125937 0.0125937 2 2 3
0.0290832 0.0125972 0.0125972 2 2 3
0.0290279 0.0126007 0.0126007 2 2 3
0.0289726 0.0126042 0.0126042 2 2 3
0.0289173 0.0126078 0.0126078 2 2 3
0.0288621 0.0126113 0.0126113 2 2 3
0.0288069 0.0126148 0.0126148 2 2 3
0.0287518 0.0126183 0.0126183 2 2 3
0.0286967 0.0126218 0.0126218 2 2 3
0.0286416 0.0126253 0.0126253 2 2 3
0.0285866 0.0126288 0.0126288 2 2 3
0.0285316 0.0126323 0.0126323 2 2 3
0.0284766 0.0126358 0.0126358 2 2 3
0.0284217 0.0126393 0.0126393 2 2 3
0.0283668 0.0126428 0.0126428 2 2 3
0.028312 0.0126463 0.0126463 2 2 3
0.0282572 0.0126498 0.0126498 2 2 3
0.0282024 0.0126533 0.0126533 2 2 3
0.0281477 0.0126568 0.0126568 2 2 3
0.028093 0.0126603 0.0126603 2 2 3
0.0280384 0.0126638 0.0126638 2 2 3
0.0279838 0.0126673 0.0126673 2 2 3
0.0279292 0.0126709 0.0126709 2 2 3
0.0278747 0.0126744 0.0126744 2 2 3
0.0278202 0.0126779 0.0126779 2 2 3
0.0277657 0.0126814 0.0126814 2 2 3
0.0277113 0.0126849 0.0126849 2 2 3
0.027657 0.0126884 0.0126884 2 2 3
0.0276026 0.0126919 0.0126919 2 2 3
0.0275483 0.0126954 0.0126954 2 2 3
0.0274941 0.0126989 0.0126989 2 2 3
0.0274398 0.0127024 0.0127024 2 2 3
0.0273856 0.0127059 0.0127059 2 2 3
0.0273315 0.0127094 0.0127094 2 2 3
0.0272774 0.0127129 0.0127129 2 2 3
0.0272233 0.0127164 0.0127164 2 2 3
0.0271693 0.0127199 0.0127199 2 2 3
0.0271153 0.0127234 0.0127234 2 2 3
0.0270613 0.0127269 0.0127269 2 2 3
0.0270074 0.0127304 0.0127304 2 2 3
0.0269535 0.0127339 0.0127339 2 2 3
0.0268997 0.0127374 0.0127374 2 2 3
0.0268458 0.0127409 0.0127409 2 2 3
0.0267921 0.0127444 0.0127444 2 2 3
0.0267383 0.0127478 0.0127478 2 2 3
0.0266846 0.0127513 0.0127513 2 2 3
0.026631 0.0127548 0.0127548 2 2 3
0.0265774 0.0127583 0.0127583 2 2 3
0.0265238 0.0127618 0.0127618 2 2 3
0.0264702 0.0127653 0.0127653 2 2 3
0.0264167 0.0127688 0.0127688 2 2 3
0.0263632 0.0127723 0.0127723 2 2 3
0.0263098 0.0127758 0.0127758 2 2 3
0.0262564 0.0127793 0.0127793 2 2 3
0.026203 0.0127828 0.0127828 2 2 3
0.0261497 0.0127863 0.0127863 2 2 3
0.0260964 0.0127898 0.0127898 2 2 3
0.0260432 0.0127933 0.0127933 2 2 3
0.0259899 0.0127968 0.0127968 2 2 3
0.0259368 0.0128003 0.0128003 2 2 3
0.0258836 0.0128038 0.0128038 2 2 3
0.0258305 0.0128073 0.0128073 2 2 3
0.0257775 0.0128107 0.0128107 2 2 3
0.0257244 0.0128142 0.0128142 2 2 3
0.0256714 0.0128177 0.0128177 2 2 3
0.0256185 0.0128212 0.0128212 2 2 3
0.0255656 0.0128247 0.0128247 2 2 3
0.0255127 0.0128282 0.0128282 2 2 3
0.0254598 0.0128317 0.0128317 2 2 3
0.025407 0.0128352 0.0128352 2 2 3
0.0253542 0.0128387 0.0128387 2 2 3
0.0253015 0.0128422 0.0128422 2 2 3
0.0252488 0.0128457 0.0128457 2 2 3
0.0251961 0.0128491 0.0128491 2 2 3
0.0251435 0.0128526 0.0128526 2 2 3
0.0250909 0.0128561 0.0128561 2 2 3
0.0250383 0.0128596 0.0128596 2 2 3
0.0249858 0.0128631 0.0128631 2 2 3
0.0249333 0.0128666 0.0128666 2 2 3
0.0248809 0.0128701 0.0128701 2 2 3
0.0248285 0.0128736 0.0128736 2 2 3
0.0247761 0.012877 0.012877 2 2 3
0.0247238 0.0128805 0.0128805 2 2 3
0.0246714 0.012884 0.012884 2 2 3
0.0246192 0.0128875 0.0128875 2 2 3
0.0245669 0.012891 0.012891 2 2 3
0.0245147 0.0128945 0.0128945 2 2 3
0.0244626 0.012898 0.012898 2 2 3
0.0244105 0.0129014 0.0129014 2 2 3
0.0243584 0.0129049 0.0129049 2 2 3
0.0243063 0.0129084 0.0129084 2 2 3
0.0242543 0.0129119 0.0129119 2 2 3
0.0242023 0.0129154 0.0129154 2 2 3
0.0241504 0.0129189 0.0129189 2 2 3
0.0240985 0.0129224 0.0129224 2 2 3
0.0240466 0.0129258 0.0129258 2 2 3
0.0239947 0.0129293 0.0129293 2 2 3
0.0239429 0.0129328 0.0129328 2 2 3
0.0238912 0.0129363 0.0129363 2 2 3
0.0238394 0.0129398 0.0129398 2 2 3
0.0237877 0.0129432 0.0129432 2 2 3
0.0237361 0.0129467 0.0129467 2 2 3
0.0236844 0.0129502 0.0129502 2 2 3
0.0236328 0.0129537 0.0129537 2 2 3
0.0235813 0.0129572 0.0129572 2 2 3
0.0235298 0.0129607 0.0129607 2 2 3
0.0234783 0.0129641 0.0129641 2 2 3
0.0234268 0.0129676 0.0129676 2 2 3
0.0233754 0.0129711 0.0129711 2 2 3
0.023324 0.0129746 0.0129746 2 2 3
0.0232727 0.0129781 0.0129781 2 2 3
0.0232214 0.0129815 0.0129815 2 2 3
0.0231701 0.012985 0.012985 2 2 3
0.0231188 0.0129885 0.0129885 2 2 3
0.0230676 0.012992 0.012992 2 2 3
0.0230165 0.0129954 0.0129954 2 2 3
0.0229653 0.0129989 0.0129989 2 2 3
0.0229142 0.0130024 0.0130024 2 2 3
0.0228632 0.0130059 0.0130059 2 2 3
0.0228121 0.0130094 0.0130094 2 2 3
0.0227611 0.0130128 0.0130128 2 2 3
0.0227102 0.0130163 0.0130163 2 2 3
0.0226592 0.0130198 0.0130198 2 2 3
0.0226083 0.0130233 0.0130233 2 2 3
0.0225575 0.0130267 0.0130267 2 2 3
0.0225066 0.0130302 0.0130302 2 2 3
0.0224559 0.0130337 0.0130337 2 2 3
0.0224051 0.0130372 0.0130372 2 2 3
0.0223544 0.0130406 0.0130406 2 2 3
0.0223037 0.0130441 0.0130441 2 2 3
0.022253 0.0130476 0.0130476 2 2 3
0.0222024 0.0130511 0.0130511 2 2 3
0.0221518 0.0130545 0.0130545 2 2 3
0.0221013 0.013058 0.013058 2 2 3
0.0220508 0.0130615 0.0130615 2 2 3
0.0220003 0.013065 0.013065 2 2 3
0.0219498 0.0130684 0.0130684 2 2 3
0.0218994 0.0130719 0.0130719 2 2 3
0.021849 0.0130754 0.0130754 2 2 3
0.0217987 0.0130788 0.0130788 2 2 3
0.0217484 0.0130823 0.0130823 2 2 3
0.0216981 0.0130858 0.0130858 2 2 3
0.0216479 0.0130893 0.0130893 2 2 3
0.0215976 0.0130927 0.0130927 2 2 3
0.0215475 0.0130962 0.0130962 2 2 3
0.0214973 0.0130997 0.0130997 2 2 3
0.0214472 0.0131031 0.0131031 2 2 3
0.0213971 0.0131066 0.0131066 2 2 3
0.0213471 0.0131101 0.0131101 2 2 3
0.0212971 0.0131135 0.0131135 2 2 3
0.0212471 0.013117 0.013117 2 2 3
0.0211972 0.0131205 0.0131205 2 2 3
0.0211473 0.0131239 0.0131239 2 2 3
0.0210974 0.0131274 0.0131274 2 2 3
0.0210475 0.0131309 0.0131309 2 2 3
0.0209977 0.0131343 0.0131343 2 2 3
0.020948 0.0131378 0.0131378 2 2 3
0.0208982 0.0131413 0.0131413 2 2 3
0.0208485 0.0131448 0.0131448 2 2 3
0.0207989 0.0131482 0.0131482 2 2 3
0.0207492 0.0131517 0.0131517 2 2 3
0.0206996 0.0131551 0.0131551 2 2 3
0.02065 0.0131586 0.0131586 2 2 3
0.0206005 0.0131621 0.0131621 2 2 3
0.020551 0.0131655 0.0131655 2 2 3
0.0205015 0.013169 0.013169 2 2 3
0.0204521 0.0131725 0.0131725 2 2 3
0.0204027 0.0131759 0.0131759 2 2 3
0.0203533 0.0131794 0.0131794 2 2 3
0.020304 0.0131829 0.0131829 2 2 3
0.0202546 0.0131863 0.0131863 2 2 3
0.0202054 0.0131898 0.0131898 2 2 3
0.0201561 0.0131933 0.0131933 2 2 3
0.0201069 0.0131967 0.0131967 2 2 3
0.0200577 0.0132002 0.0132002 2 2 3
0.0200086 0.0132036 0.0132036 2 2 3
0.0199595 0.0132071 0.0132071 2 2 3
0.0199104 0.0132106 0.0132106 2 2 3
0.0198614 0.013214 0.013214 2 2 3
0.0198124 0.0132175 0.0132175 2 2 3
0.0197634 0.013221 0.013221 2 2 3
0.0197144 0.0132244 0.0132244 2 2 3
0.0196655 0.0132279 0.0132279 2 2 3
0.0196166 0.0132313 0.0132313 2 2 3
0.0195678 0.0132348 0.0132348 2 2 3
0.019519 0.0132383 0.0132383 2 2 3
0.0194702 0.0132417 0.0132417 2 2 3
0.0194214 0.0132452 0.0132452 2 2 3
0.0193727 0.0132486 0.0132486 2 2 3
0.019324 0.0132521 0.0132521 2 2 3
0.0192754 0.0132555 0.0132555 2 2 3
0.0192268 0.013259 0.013259 2 2 3
0.0191782 0.0132625 0.0132625 2 2 3
0.0191296 0.0132659 0.0132659 2 2 3
0.0190811 0.0132694 0.0132694 2 2 3
0.0190326 0.0132728 0.0132728 2 2 3
0.0189841 0.0132763 0.0132763 2 2 3
0.0189357 0.0132797 0.0132797 2 2 3
0.0188873 0.0132832 0.0132832 2 2 3
0.0188389 0.0132867 0.0132867 2 2 3
0.0187906 0.0132901 0.0132901 2 2 3
0.0187423 0.0132936 0.0132936 2 2 3
0.018694 0.013297 0.013297 2 2 3
0.0186458 0.0133005 0.0133005 2 2 3
0.0185976 0.0133039 0.0133039 2 2 3
0.0185494 0.0133074 0.0133074 2 2 3
0.0185013 0.0133108 0.0133108 2 2 3
0.0184532 0.0133143 0.0133143 2 2 3
0.0184051 0.0133178 0.0133178 2 2 3
0.0183571 0.0133212 0.0133212 2 2 3
0.018309 0.0133247 0.0133247 2 2 3
0.0182611 0.0133281 0.0133281 2 2 3
0.0182131 0.0133316 0.0133316 2 2 3
0.0181652 0.013335 0.013335 2 2 3
0.0181173 0.0133385 0.0133385 2 2 3
0.0180695 0.0133419 0.0133419 2 2 3
0.0180216 0.0133454 0.0133454 2 2 3
0.0179738 0.0133488 0.0133488 2 2 3
0.0179261 0.0133523 0.0133523 2 2 3
0.0178784 0.0133557 0.0133557 2 2 3
0.0178307 0.0133592 0.0133592 2 2 3
0.017783 0.0133626 0.0133626 2 2 3
0.0177354 0.0133661 0.0133661 2 2 3
0.0176878 0.0133695 0.0133695 2 2 3
0.0176402 0.013373 0.013373 2 2 3
0.0175926 0.0133764 0.0133764 2 2 3
0.0175451 0.0133799 0.0133799 2 2 3
0.0174977 0.0133833 0.0133833 2 2 3
0.0174502 0.0133868 0.0133868 2 2 3
0.0174028 0.0133902 0.0133902 2 2 3
0.0173554 0.0133937 0.0133937 2 2 3
0.0173081 0.0133971 0.0133971 2 2 3
0.0172607 0.0134006 0.0134006 2 2 3
0.0172135 0.013404 0.013404 2 2 3
0.0171662 0.0134075 0.0134075 2 2 3
0.017119 0.0134109 0.0134109 2 2 3
0.0170718 0.0134144 0.0134144 2 2 3
0.0170246 0.0134178 0.0134178 2 2 3
0.0169775 0.0134212 0.0134212 2 2 3
0.0169304 0.0134247 0.0134247 2 2 3
0.0168833 0.0134281 0.0134281 2 2 3
0.0168362 0.0134316 0.0134316 2 2 3
0.0167892 0.013435 0.013435 2 2 3
0.0167423 0.0134385 0.0134385 2 2 3
0.0166953 0.0134419 0.0134419 2 2 3
0.0166484 0.0134454 0.0134454 2 2 3
0.0166015 0.0134488 0.0134488 2 2 3
0.0165546 0.0134523 0.0134523 2 2 3
0.0165078 0.0134557 0.0134557 2 2 3
0.016461 0.0134591 0.0134591 2 2 3
0.0164143 0.0134626 0.0134626 2 2 3
0.0163675 0.013466 0.013466 2 2 3
0.0163208 0.0134695 0.0134695 2 2 3
0.0162741 0.0134729 0.0134729 2 2 3
0.0162275 0.0134764 0.0134764 2 2 3
0.0161809 0.0134798 0.0134798 2 2 3
0.0161343 0.0134832 0.0134832 2 2 3
0.0160877 0.0134867 0.0134867 2 2 3
0.0160412 0.0134901 0.0134901 2 2 3
0.0159947 0.0134936 0.0134936 2 2 3
0.0159483 0.013497 0.013497 2 2 3
0.0159018 0.0135004 0.0135004 2 2 3
0.0158554 0.0135039 0.0135039 2 2 3
0.0158091 0.0135073 0.0135073 2 2 3
0.0157627 0.0135108 0.0135108 2 2 3
0.0157164 0.0135142 0.0135142 2 2 3
0.0156701 0.0135176 0.0135176 2 2 3
0.0156239 0.0135211 0.0135211 2 2 3
0.0155777 0.0135245 0.0135245 2 2 3
0.0155315 0.013528 0.013528 2 2 3
0.0154853 0.0135314 0.0135314 2 2 3
0.0154392 0.0135348 0.0135348 2 2 3
0.0153931 0.0135383 0.0135383 2 2 3
0.015347 0.0135417 0.0135417 2 2 3
0.015301 0.0135451 0.0135451 2 2 3
0.015255 0.0135486 0.0135486 2 2 3
0.015209 0.013552 0.013552 2 2 3
0.015163 0.0135554 0.0135554 2 2 3
0.0151171 0.0135589 0.0135589 2 2 3
0.0150712 0.0135623 0.0135623 2 2 3
0.0150254 0.0135658 0.0135658 2 2 3
0.0149795 0.0135692 0.0135692 2 2 3
0.0149337 0.0135726 0.0135726 2 2 3
0.0148879 0.0135761 0.0135761 2 2 3
0.0148422 0.0135795 0.0135795 2 2 3
0.0147965 0.0135829 0.0135829 2 2 3
0.0147508 0.0135864 0.0135864 2 2 3
0.0147052 0.0135898 0.0135898 2 2 3
0.0146595 0.0135932 0.0135932 2 2 3
0.0146139 0.0135967 0.0135967 2 2 3
0.0145684 0.0136001 0.0136001 2 2 3
0.0145228 0.0136035 0.0136035 2 2 3
0.0144773 0.013607 0.013607 2 2 3
0.0144318 0.0136104 0.0136104 2 2 3
0.0143864 0.0136138 0.0136138 2 2 3
0.014341 0.0136173 0.0136173 2 2 3
0.0142956 0.0136207 0.0136207 2 2 3
0.0142502 0.0136241 0.0136241 2 2 3
0.0142049 0.0136276 0.0136276 2 2 3
0.0141596 0.013631 0.013631 2 2 3
0.0141143 0.0136344 0.0136344 2 2 3
0.0140691 0.0136378 0.0136378 2 2 3
0.0140239 0.0136413 0.0136413 2 2 3
0.0139787 0.0136447 0.0136447 2 2 3
0.0139335 0.0136481 0.0136481 2 2 3
0.0138884 0.0136516 0.0136516 2 2 3
0.0138433 0.013655 0.013655 2 2 3
0.0137982 0.0136584 0.0136584 2 2 3
0.0137532 0.0136618 0.0136618 2 2 3
0.0137082 0.0136653 0.0136653 2 2 3
0.0136632 0.0136687 0.0136687 2 2 3
0.0136183 0.0136721 0.0136721 2 2 3
0.0135733 0.0136756 0.0136756 2 2 3
0.0135284 0.013679 0.013679 2 2 3
0.0134836 0.0136824 0.0136824 2 2 3
0.0134387 0.0136858 0.0136858 2 2 3
0.0133939 0.0136893 0.0136893 2 2 3
0.0133491 0.0136927 0.0136927 2 2 3
0.0133044 0.0136961 0.0136961 2 2 3
0.0132597 0.0136995 0.0136995 2 2 3
0.013215 0.013703 0.013703 2 2 3
0.0131703 0.0137064 0.0137064 2 2 3
0.0131257 0.0137098 0.0137098 2 2 3
0.0130811 0.0137132 0.0137132 2 2 3
0.0130365 0.0137167 0.0137167 2 2 3
0.0129919 0.0137201 0.0137201 2 2 3
0.0129474 0.0137235 0.0137235 2 2 3
0.0129029 0.0137269 0.0137269 2 2 3
0.0128585 0.0137304 0.0137304 2 2 3
0.012814 0.0137338 0.0137338 2 2 3
0.0127696 0.0137372 0.0137372 2 2 3
0.0127252 0.0137406 0.0137406 2 2 3
0.0126809 0.0137441 0.0137441 2 2 3
0.0126366 0.0137475 0.0137475 2 2 3
0.0125923 0.0137509 0.0137509 2 2 3
0.012548 0.0137543 0.0137543 2 2 3
0.0125038 0.0137577 0.0137577 2 2 3
0.0124595 0.0137612 0.0137612 2 2 3
0.0124154 0.0137646 0.0137646 2 2 3
0.0123712 0.013768 0.013768 2 2 3
0.0123271 0.0137714 0.0137714 2 2 3
0.012283 0.0137748 0.0137748 2 2 3
0.0122389 0.0137783 0.0137783 2 2 3
0.0121949 0.0137817 0.0137817 2 2 3
0.0121509 0.0137851 0.0137851 2 2 3
0.0121069 0.0137885 0.0137885 2 2 3
0.0120629 0.0137919 0.0137919 2 2 3
0.012019 0.0137954 0.0137954 2 2 3
0.0119751 0.0137988 0.0137988 2 2 3
0.0119312 0.0138022 0.0138022 2 2 3
0.0118874 0.0138056 0.0138056 2 2 3
0.0118435 0.013809 0.013809 2 2 3
0.0117998 0.0138125 0.0138125 2 2 3
0.011756 0.0138159 0.0138159 2 2 3
0.0117123 0.0138193 0.0138193 2 2 3
0.0116686 0.0138227 0.0138227 2 2 3
0.0116249 0.0138261 0.0138261 2 2 3
0.0115812 0.0138295 0.0138295 2 2 3
0.0115376 0.013833 0.013833 2 2 3
0.011494 0.0138364 0.0138364 2 2 3
0.0114504 0.0138398 0.0138398 2 2 3
0.0114069 0.0138432 0.0138432 2 2 3
0.0113634 0.0138466 0.0138466 2 2 3
0.0113199 0.01385 0.01385 2 2 3
0.0112764 0.0138534 0.0138534 2 2 3
0.011233 0.0138569 0.0138569 2 2 3
0.0111896 0.0138603 0.0138603 2 2 3
0.0111462 0.0138637 0.0138637 2 2 3
0.0111029 0.0138671 0.0138671 2 2 3
0.0110596 0.0138705 0.0138705 2 2 3
0.0110163 0.0138739 0.0138739 2 2 3
0.010973 0.0138773 0.0138773 2 2 3
0.0109298 0.0138808 0.0138808 2 2 3
0.0108866 0.0138842 0.0138842 2 2 3
0.0108434 0.0138876 0.0138876 2 2 3
0.0108002 0.013891 0.013891 2 2 3
0.0107571 0.0138944 0.0138944 2 2 3
0.010714 0.0138978 0.0138978 2 2 3
0.0106709 0.0139012 0.0139012 2 2 3
0.0106279 0.0139046 0.0139046 2 2 3
0.0105848 0.013908 0.013908 2 2 3
0.0105418 0.0139115 0.0139115 2 2 3
0.0104989 0.0139149 0.0139149 2 2 3
0.0104559 0.0139183 0.0139183 2 2 3
0.010413 0.0139217 0.0139217 2 2 3
0.0103701 0.0139251 0.0139251 2 2 3
0.0103273 0.0139285 0.0139285 2 2 3
0.0102845 0.0139319 0.0139319 2 2 3
0.0102417 0.0139353 0.0139353 2 2 3
0.0101989 0.0139387 0.0139387 2 2 3
0.0101561 0.0139421 0.0139421 2 2 3
0.0101134 0.0139455 0.0139455 2 2 3
0.0100707 0.013949 0.013949 2 2 3
0.010028 0.0139524 0.0139524 2 2 3
0.00998539 0.0139558 0.0139558 2 2 3
0.00994278 0.0139592 0.0139592 2 2 3
0.00990019 0.0139626 0.0139626 2 2 3
0.00985763 0.013966 0.013966 2 2 3
0.00981509 0.0139694 0.0139694 2 2 3
0.00977258 0.0139728 0.0139728 2 2 3
0.0097301 0.0139762 0.0139762 2 2 3
0.00968764 0.0139796 0.0139796 2 2 3
0.00964521 0.013983 0.013983 2 2 3
0.00960281 0.0139864 0.0139864 2 2 3
0.00956043 0.0139898 0.0139898 2 2 3
0.00951809 0.0139932 0.0139932 2 2 3
0.00947576 0.0139966 0.0139966 2 2 3
0.00943347 0.014 0.014 2 2 3
0.0093912 0.0140034 0.0140034 2 2 3
0.00934895 0.0140068 0.0140068 2 2 3
0.00930674 0.0140103 0.0140103 2 2 3
0.00926454 0.0140137 0.0140137 2 2 3
0.00922238 0.0140171 0.0140171 2 2 3
0.00918024 0.0140205 0.0140205 2 2 3
0.00913813 0.0140239 0.0140239 2 2 3
0.00909605 0.0140273 0.0140273 2 2 3
0.00905399 0.0140307 0.0140307 2 2 3
0.00901195 0.0140341 0.0140341 2 2 3
0.00896995 0.0140375 0.0140375 2 2 3
0.00892797 0.0140409 0.0140409 2 2 3
0.00888601 0.0140443 0.0140443 2 2 3
0.00884409 0.0140477 0.0140477 2 2 3
0.00880218 0.0140511 0.0140511 2 2 3
0.00876031 0.0140545 0.0140545 2 2 3
0.00871846 0.0140579 0.0140579 2 2 3
0.00867664 0.0140613 0.0140613 2 2 3
0.00863484 0.0140647 0.0140647 2 2 3
0.00859307 0.0140681 0.0140681 2 2 3
0.00855132 0.0140715 0.0140715 2 2 3
0.0085096 0.0140749 0.0140749 2 2 3
0.00846791 0.0140783 0.0140783 2 2 3
0.00842624 0.0140817 0.0140817 2 2 3
0.0083846 0.0140851 0.0140851 2 2 3
0.00834299 0.0140885 0.0140885 2 2 3
0.0083014 0.0140919 0.0140919 2 2 3
0.00825983 0.0140953 0.0140953 2 2 3
0.00821829 0.0140987 0.0140987 2 2 3
0.00817678 0.014102 0.014102 2 2 3
0.0081353 0.0141054 0.0141054 2 2 3
0.00809383 0.0141088 0.0141088 2 2 3
0.0080524 0.0141122 0.0141122 2 2 3
0.00801099 0.0141156 0.0141156 2 2 3
0.00796961 0.014119 0.014119 2 2 3
0.00792825 0.0141224 0.0141224 2 2 3
0.00788692 0.0141258 0.0141258 2 2 3
0.00784561 0.0141292 0.0141292 2 2 3
0.00780433 0.0141326 0.0141326 2 2 3
0.00776308 0.014136 0.014136 2 2 3
0.00772185 0.0141394 0.0141394 2 2 3
0.00768064 0.0141428 0.0141428 2 2 3
0.00763946 0.0141462 0.0141462 2 2 3
0.00759831 0.0141496 0.0141496 2 2 3
0.00755718 0.014153 0.014153 2 2 3
0.00751608 0.0141564 0.0141564 2 2 3
0.007475 0.0141598 0.0141598 2 2 3
0.00743395 0.0141631 0.0141631 2 2 3
0.00739293 0.0141665 0.0141665 2 2 3
0.00735192 0.0141699 0.0141699 2 2 3
0.00731095 0.0141733 0.0141733 2 2 3
0.00727 0.0141767 0.0141767 2 2 3
0.00722907 0.0141801 0.0141801 2 2 3
0.00718818 0.0141835 0.0141835 2 2 3
0.0071473 0.0141869 0.0141869 2 2 3
0.00710645 0.0141903 0.0141903 2 2 3
0.00706563 0.0141937 0.0141937 2 2 3
0.00702483 0.0141971 0.0141971 2 2 3
0.00698406 0.0142004 0.0142004 2 2 3
0.00694331 0.0142038 0.0142038 2 2 3
0.00690258 0.0142072 0.0142072 2 2 3
0.00686189 0.0142106 0.0142106 2 2 3
0.00682121 0.014214 0.014214 2 2 3
0.00678057 0.0142174 0.0142174 2 2 3
0.00673994 0.0142208 0.0142208 2 2 3
0.00669934 0.0142242 0.0142242 2 2 3
0.00665877 0.0142276 0.0142276 2 2 3
0.00661822 0.0142309 0.0142309 2 2 3
0.0065777 0.0142343 0.0142343 2 2 3
0.0065372 0.0142377 0.0142377 2 2 3
0.00649673 0.0142411 0.0142411 2 2 3
0.00645628 0.0142445 0.0142445 2 2 3
0.00641586 0.0142479 0.0142479 2 2 3
0.00637546 0.0142513 0.0142513 2 2 3
0.00633509 0.0142547 0.0142547 2 2 3
0.00629474 0.014258 0.014258 2 2 3
0.00625441 0.0142614 0.0142614 2 2 3
0.00621411 0.0142648 0.0142648 2 2 3
0.0820526 0.01 0.01 2 2 3
0.0821521 0.00999619 0.00999619 2 2 3
0.0822517 0.00999238 0.00999238 2 2 3
0.0823514 0.00998857 0.00998857 2 2 3
0.0824512 0.00998476 0.00998476 2 2 3
0.0825511 0.00998095 0.00998095 2 2 3
0.0826512 0.00997714 0.00997714 2 2 3
0.0827513 0.00997332 0.00997332 2 2 3
0.0828515 0.00996951 0.00996951 2 2 3
0.0829518 0.00996569 0.00996569 2 2 3
0.0830522 0.00996188 0.00996188 2 2 3
0.0831527 0.00995806 0.00995806 2 2 3
0.0832534 0.00995424 0.00995424 2 2 3
0.0833541 0.00995042 0.00995042 2 2 3
0.0834549 0.0099466 0.0099466 2 2 3
0.0835558 0.00994278 0.00994278 2 2 3
0.0836568 0.00993896 0.00993896 2 2 3
0.0837579 0.00993514 0.00993514 2 2 3
0.0838591 0.00993132 0.00993132 2 2 3
0.0839604 0.0099275 0.0099275 2 2 3
0.0840619 0.00992367 0.00992367 2 2 3
0.0841634 0.00991985 0.00991985 2 2 3
0.084265 0.00991602 0.00991602 2 2 3
0.0843667 0.00991219 0.00991219 2 2 3
0.0844685 0.00990837 0.00990837 2 2 3
0.0845705 0.00990454 0.00990454 2 2 3
0.0846725 0.00990071 0.00990071 2 2 3
0.0847746 0.00989688 0.00989688 2 2 3
0.0848768 0.00989305 0.00989305 2 2 3
0.0849792 0.00988922 0.00988922 2 2 3
0.0850816 0.00988538 0.00988538 2 2 3
0.0851841 0.00988155 0.00988155 2 2 3
0.0852868 0.00987772 0.00987772 2 2 3
0.0853895 0.00987388 0.00987388 2 2 3
0.0854924 0.00987005 0.00987005 2 2 3
0.0855953 0.00986621 0.00986621 2 2 3
0.0856984 0.00986237 0.00986237 2 2 3
0.0858015 0.00985853 0.00985853 2 2 3
0.0859048 0.00985469 0.00985469 2 2 3
0.0860082 0.00985085 0.00985085 2 2 3
0.0861116 0.00984701 0.00984701 2 2 3
0.0862152 0.00984317 0.00984317 2 2 3
0.0863189 0.00983933 0.00983933 2 2 3
0.0864227 0.00983548 0.00983548 2 2 3
0.0865266 0.00983164 0.00983164 2 2 3
0.0866306 0.00982779 0.00982779 2 2 3
0.0867347 0.00982395 0.00982395 2 2 3
0.0868389 0.0098201 0.0098201 2 2 3
0.0869432 0.00981625 0.00981625 2 2 3
0.0870476 0.0098124 0.0098124 2 2 3
0.0871521 0.00980855 0.00980855 2 2 3
0.0872568 0.0098047 0.0098047 2 2 3
0.0873615 0.00980085 0.00980085 2 2 3
0.0874664 0.00979699 0.00979699 2 2 3
0.0875713 0.00979314 0.00979314 2 2 3
0.0876764 0.00978929 0.00978929 2 2 3
0.0877815 0.00978543 0.00978543 2 2 3
0.0878868 0.00978157 0.00978157 2 2 3
0.0879922 0.00977772 0.00977772 2 2 3
0.0880977 0.00977386 0.00977386 2 2 3
0.0882033 0.00977 0.00977 2 2 3
0.088309 0.00976614 0.00976614 2 2 3
0.0884148 0.00976228 0.00976228 2 2 3
0.0885207 0.00975842 0.00975842 2 2 3
0.0886268 0.00975455 0.00975455 2 2 3
0.0887329 0.00975069 0.00975069 2 2 3
0.0888392 0.00974682 0.00974682 2 2 3
0.0889455 0.00974296 0.00974296 2 2 3
0.089052 0.00973909 0.00973909 2 2 3
0.0891586 0.00973522 0.00973522 2 2 3
0.0892653 0.00973135 0.00973135 2 2 3
0.0893721 0.00972748 0.00972748 2 2 3
0.089479 0.00972361 0.00972361 2 2 3
0.089586 0.00971974 0.00971974 2 2 3
0.0896932 0.00971587 0.00971587 2 2 3
0.0898004 0.009712 0.009712 2 2 3
0.0899078 0.00970812 0.00970812 2 2 3
0.0900152 0.00970425 0.00970425 2 2 3
0.0901228 0.00970037 0.00970037 2 2 3
0.0902305 0.00969649 0.00969649 2 2 3
0.0903383 0.00969261 0.00969261 2 2 3
0.0904462 0.00968873 0.00968873 2 2 3
0.0905543 0.00968485 0.00968485 2 2 3
0.0906624 0.00968097 0.00968097 2 2 3
0.0907707 0.00967709 0.00967709 2 2 3
0.0908791 0.00967321 0.00967321 2 2 3
0.0909875 0.00966932 0.00966932 2 2 3
0.0910961 0.00966544 0.00966544 2 2 3
0.0912048 0.00966155 0.00966155 2 2 3
0.0913137 0.00965766 0.00965766 2 2 3
0.0914226 0.00965377 0.00965377 2 2 3
0.0915317 0.00964988 0.00964988 2 2 3
0.0916408 0.00964599 0.00964599 2 2 3
0.0917501 0.0096421 0.0096421 2 2 3
0.0918595 0.00963821 0.00963821 2 2 3
0.091969 0.00963431 0.00963431 2 2 3
0.0920787 0.00963042 0.00963042 2 2 3
0.0921884 0.00962652 0.00962652 2 2 3
0.0922983 0.00962263 0.00962263 2 2 3
0.0924083 0.00961873 0.00961873 2 2 3
0.0925184 0.00961483 0.00961483 2 2 3
0.0926286 0.00961093 0.00961093 2 2 3
0.0927389 0.00960703 0.00960703 2 2 3
0.0928493 0.00960313 0.00960313 2 2 3
0.0929599 0.00959922 0.00959922 2 2 3
0.0930706 0.00959532 0.00959532 2 2 3
0.0931814 0.00959141 0.00959141 2 2 3
0.0932923 0.00958751 0.00958751 2 2 3
0.0934033 0.0095836 0.0095836 2 2 3
0.0935145 0.00957969 0.00957969 2 2 3
0.0936258 0.00957578 0.00957578 2 2 3
0.0937372 0.00957187 0.00957187 2 2 3
0.0938487 0.00956796 0.00956796 2 2 3
0.0939603 0.00956404 0.00956404 2 2 3
0.094072 0.00956013 0.00956013 2 2 3
0.0941839 0.00955621 0.00955621 2 2 3
0.0942959 0.0095523 0.0095523 2 2 3
0.094408 0.00954838 0.00954838 2 2 3
0.0945202 0.00954446 0.00954446 2 2 3
0.0946326 0.00954054 0.00954054 2 2 3
0.0947451 0.00953662 0.00953662 2 2 3
0.0948577 0.0095327 0.0095327 2 2 3
0.0949704 0.00952877 0.00952877 2 2 3
0.0950832 0.00952485 0.00952485 2 2 3
0.0951962 0.00952092 0.00952092 2 2 3
0.0953092 0.009517 0.009517 2 2 3
0.0954224 0.00951307 0.00951307 2 2 3
0.0955358 0.00950914 0.00950914 2 2 3
0.0956492 0.00950521 0.00950521 2 2 3
0.0957628 0.00950128 0.00950128 2 2 3
0.0958765 0.00949735 0.00949735 2 2 3
0.0959903 0.00949341 0.00949341 2 2 3
0.0961042 0.00948948 0.00948948 2 2 3
0.0962183 0.00948554 0.00948554 2 2 3
0.0963325 0.0094816 0.0094816 2 2 3
0.0964468 0.00947766 0.00947766 2 2 3
0.0965613 0.00947372 0.00947372 2 2 3
0.0966758 0.00946978 0.00946978 2 2 3
0.0967905 0.00946584 0.00946584 2 2 3
0.0969053 0.0094619 0.0094619 2 2 3
0.0970203 0.00945795 0.00945795 2 2 3
0.0971353 0.00945401 0.00945401 2 2 3
0.0972505 0.00945006 0.00945006 2 2 3
0.0973659 0.00944611 0.00944611 2 2 3
0.0974813 0.00944216 0.00944216 2 2 3
0.0975969 0.00943821 0.00943821 2 2 3
0.0977126 0.00943426 0.00943426 2 2 3
0.0978284 0.00943031 0.00943031 2 2 3
0.0979444 0.00942635 0.00942635 2 2 3
0.0980604 0.0094224 0.0094224 2 2 3
0.0981767 0.00941844 0.00941844 2 2 3
0.098293 0.00941448 0.00941448 2 2 3
0.0984095 0.00941052 0.00941052 2 2 3
0.0985261 0.00940656 0.00940656 2 2 3
0.0986428 0.0094026 0.0094026 2 2 3
0.0987597 0.00939864 0.00939864 2 2 3
0.0988766 0.00939467 0.00939467 2 2 3
0.0989938 0.0093907 0.0093907 2 2 3
0.099111 0.00938674 0.00938674 2 2 3
0.0992284 0.00938277 0.00938277 2 2 3
0.0993459 0.0093788 0.0093788 2 2 3
0.0994636 0.00937483 0.00937483 2 2 3
0.0995813 0.00937086 0.00937086 2 2 3
0.0996992 0.00936688 0.00936688 2 2 3
0.0998173 0.00936291 0.00936291 2 2 3
0.0999354 0.00935893 0.00935893 2 2 3
0.100054 0.00935495 0.00935495 2 2 3
0.100172 0.00935097 0.00935097 2 2 3
0.100291 0.00934699 0.00934699 2 2 3
0.100409 0.00934301 0.00934301 2 2 3
0.100528 0.00933903 0.00933903 2 2 3
0.100647 0.00933504 0.00933504 2 2 3
0.100766 0.00933106 0.00933106 2 2 3
0.100886 0.00932707 0.00932707 2 2 3
0.101005 0.00932308 0.00932308 2 2 3
0.101124 0.00931909 0.00931909 2 2 3
0.101244 0.0093151 0.0093151 2 2 3
0.101364 0.00931111 0.00931111 2 2 3
0.101484 0.00930711 0.00930711 2 2 3
0.101604 0.00930312 0.00930312 2 2 3
0.101724 0.00929912 0.00929912 2 2 3
0.101844 0.00929512 0.00929512 2 2 3
0.101965 0.00929112 0.00929112 2 2 3
0.102085 0.00928712 0.00928712 2 2 3
0.102206 0.00928312 0.00928312 2 2 3
0.102327 0.00927911 0.00927911 2 2 3
0.102448 0.00927511 0.00927511 2 2 3
0.102569 0.0092711 0.0092711 2 2 3
0.10269 0.00926709 0.00926709 2 2 3
0.102812 0.00926308 0.00926308 2 2 3
0.102933 0.00925907 0.00925907 2 2 3
0.103055 0.00925506 0.00925506 2 2 3
0.103177 0.00925105 0.00925105 2 2 3
0.103299 0.00924703 0.00924703 2 2 3
0.103421 0.00924301 0.00924301 2 2 3
0.103543 0.00923899 0.00923899 2 2 3
0.103666 0.00923497 0.00923497 2 2 3
0.103788 0.00923095 0.00923095 2 2 3
0.103911 0.00922693 0.00922693 2 2 3
0.104034 0.0092229 0.0092229 2 2 3
0.104157 0.00921888 0.00921888 2 2 3
0.10428 0.00921485 0.00921485 2 2 3
0.104403 0.00921082 0.00921082 2 2 3
0.104527 0.00920679 0.00920679 2 2 3
0.10465 0.00920276 0.00920276 2 2 3
0.104774 0.00919872 0.00919872 2 2 3
0.104898 0.00919469 0.00919469 2 2 3
0.105022 0.00919065 0.00919065 2 2 3
0.105146 0.00918661 0.00918661 2 2 3
0.10527 0.00918257 0.00918257 2 2 3
0.105395 0.00917853 0.00917853 2 2 3
0.105519 0.00917449 0.00917449 2 2 3
0.105644 0.00917044 0.00917044 2 2 3
0.105769 0.0091664 0.0091664 2 2 3
0.105894 0.00916235 0.00916235 2 2 3
0.106019 0.0091583 0.0091583 2 2 3
0.106144 0.00915425 0.00915425 2 2 3
0.10627 0.0091502 0.0091502 2 2 3
0.106395 0.00914614 0.00914614 2 2 3
0.106521 0.00914209 0.00914209 2 2 3
0.106647 0.00913803 0.00913803 2 2 3
0.106773 0.00913397 0.00913397 2 2 3
0.106899 0.00912991 0.00912991 2 2 3
0.107025 0.00912585 0.00912585 2 2 3
0.107152 0.00912178 0.00912178 2 2 3
0.107278 0.00911772 0.00911772 2 2 3
0.107405 0.00911365 0.00911365 2 2 3
0.107532 0.00910958 0.00910958 2 2 3
0.107659 0.00910551 0.00910551 2 2 3
0.107787 0.00910144 0.00910144 2 2 3
0.107914 0.00909736 0.00909736 2 2 3
0.108041 0.00909328 0.00909328 2 2 3
0.108169 0.00908921 0.00908921 2 2 3
0.108297 0.00908513 0.00908513 2 2 3
0.108425 0.00908105 0.00908105 2 2 3
0.108553 0.00907696 0.00907696 2 2 3
0.108681 0.00907288 0.00907288 2 2 3
0.10881 0.00906879 0.00906879 2 2 3
0.108939 0.0090647 0.0090647 2 2 3
0.109067 0.00906061 0.00906061 2 2 3
0.109196 0.00905652 0.00905652 2 2 3
0.109325 0.00905243 0.00905243 2 2 3
0.109455 0.00904833 0.00904833 2 2 3
0.109584 0.00904424 0.00904424 2 2 3
0.109714 0.00904014 0.00904014 2 2 3
0.109843 0.00903604 0.00903604 2 2 3
0.109973 0.00903194 0.00903194 2 2 3
0.110103 0.00902783 0.00902783 2 2 3
0.110233 0.00902373 0.00902373 2 2 3
0.110364 0.00901962 0.00901962 2 2 3
0.110494 0.00901551 0.00901551 2 2 3
0.110625 0.0090114 0.0090114 2 2 3
0.110756 0.00900728 0.00900728 2 2 3
0.110887 0.00900317 0.00900317 2 2 3
0.111018 0.00899905 0.00899905 2 2 3
0.111149 0.00899493 0.00899493 2 2 3
0.111281 0.00899081 0.00899081 2 2 3
0.111412 0.00898669 0.00898669 2 2 3
0.111544 0.00898256 0.00898256 2 2 3
0.111676 0.00897844 0.00897844 2 2 3
0.111808 0.00897431 0.00897431 2 2 3
0.11194 0.00897018 0.00897018 2 2 3
0.112073 0.00896605 0.00896605 2 2 3
0.112205 0.00896191 0.00896191 2 2 3
0.112338 0.00895778 0.00895778 2 2 3
0.112471 0.00895364 0.00895364 2 2 3
0.112604 0.0089495 0.0089495 2 2 3
0.112738 0.00894536 0.00894536 2 2 3
0.112871 0.00894121 0.00894121 2 2 3
0.113005 0.00893707 0.00893707 2 2 3
0.113138 0.00893292 0.00893292 2 2 3
0.113272 0.00892877 0.00892877 2 2 3
0.113406 0.00892462 0.00892462 2 2 3
0.113541 0.00892046 0.00892046 2 2 3
0.113675 0.00891631 0.00891631 2 2 3
0.11381 0.00891215 0.00891215 2 2 3
0.113944 0.00890799 0.00890799 2 2 3
0.114079 0.00890383 0.00890383 2 2 3
0.114215 0.00889966 0.00889966 2 2 3
0.11435 0.0088955 0.0088955 2 2 3
0.114485 0.00889133 0.00889133 2 2 3
0.114621 0.00888716 0.00888716 2 2 3
0.114757 0.00888299 0.00888299 2 2 3
0.114893 0.00887881 0.00887881 2 2 3
0.115029 0.00887463 0.00887463 2 2 3
0.115165 0.00887046 0.00887046 2 2 3
0.115302 0.00886627 0.00886627 2 2 3
0.115438 0.00886209 0.00886209 2 2 3
0.115575 0.00885791 0.00885791 2 2 3
0.115712 0.00885372 0.00885372 2 2 3
0.115849 0.00884953 0.00884953 2 2 3
0.115987 0.00884534 0.00884534 2 2 3
0.116124 0.00884114 0.00884114 2 2 3
0.116262 0.00883695 0.00883695 2 2 3
0.1164 0.00883275 0.00883275 2 2 3
0.116538 0.00882855 0.00882855 2 2 3
0.116676 0.00882435 0.00882435 2 2 3
0.116815 0.00882014 0.00882014 2 2 3
0.116953 0.00881594 0.00881594 2 2 3
0.117092 0.00881173 0.00881173 2 2 3
0.117231 0.00880752 0.00880752 2 2 3
0.11737 0.0088033 0.0088033 2 2 3
0.117509 0.00879909 0.00879909 2 2 3
0.117649 0.00879487 0.00879487 2 2 3
0.117789 0.00879065 0.00879065 2 2 3
0.117928 0.00878642 0.00878642 2 2 3
0.118069 0.0087822 0.0087822 2 2 3
0.118209 0.00877797 0.00877797 2 2 3
0.118349 0.00877374 0.00877374 2 2 3
0.11849 0.00876951 0.00876951 2 2 3
0.118631 0.00876528 0.00876528 2 2 3
0.118772 0.00876104 0.00876104 2 2 3
0.118913 0.0087568 0.0087568 2 2 3
0.119054 0.00875256 0.00875256 2 2 3
0.119196 0.00874831 0.00874831 2 2 3
0.119337 0.00874407 0.00874407 2 2 3
0.119479 0.00873982 0.00873982 2 2 3
0.119621 0.00873557 0.00873557 2 2 3
0.119763 0.00873131 0.00873131 2 2 3
0.119906 0.00872706 0.00872706 2 2 3
0.120049 0.0087228 0.0087228 2 2 3
0.120191 0.00871854 0.00871854 2 2 3
0.120334 0.00871428 0.00871428 2 2 3
0.120478 0.00871001 0.00871001 2 2 3
0.120621 0.00870574 0.00870574 2 2 3
0.120765 0.00870147 0.00870147 2 2 3
0.120908 0.0086972 0.0086972 2 2 3
0.121052 0.00869292 0.00869292 2 2 3
0.121197 0.00868864 0.00868864 2 2 3
0.121341 0.00868436 0.00868436 2 2 3
0.121486 0.00868008 0.00868008 2 2 3
0.12163 0.00867579 0.00867579 2 2 3
0.121775 0.00867151 0.00867151 2 2 3
0.12192 0.00866721 0.00866721 2 2 3
0.122066 0.00866292 0.00866292 2 2 3
0.122211 0.00865862 0.00865862 2 2 3
0.122357 0.00865433 0.00865433 2 2 3
0.122503 0.00865002 0.00865002 2 2 3
0.122649 0.00864572 0.00864572 2 2 3
0.122795 0.00864141 0.00864141 2 2 3
0.122942 0.0086371 0.0086371 2 2 3
0.123089 0.00863279 0.00863279 2 2 3
0.123236 0.00862848 0.00862848 2 2 3
0.123383 0.00862416 0.00862416 2 2 3
0.12353 0.00861984 0.00861984 2 2 3
0.123678 0.00861552 0.00861552 2 2 3
0.123825 0.00861119 0.00861119 2 2 3
0.123973 0.00860686 0.00860686 2 2 3
0.124121 0.00860253 0.00860253 2 2 3
0.12427 0.0085982 0.0085982 2 2 3
0.124418 0.00859386 0.00859386 2 2 3
0.124567 0.00858952 0.00858952 2 2 3
0.124716 0.00858518 0.00858518 2 2 3
0.124865 0.00858083 0.00858083 2 2 3
0.125014 0.00857648 0.00857648 2 2 3
0.125164 0.00857213 0.00857213 2 2 3
0.125314 0.00856778 0.00856778 2 2 3
0.125464 0.00856342 0.00856342 2 2 3
0.125614 0.00855906 0.00855906 2 2 3
0.125764 0.0085547 0.0085547 2 2 3
0.125915 0.00855034 0.00855034 2 2 3
0.126066 0.00854597 0.00854597 2 2 3
0.126217 0.0085416 0.0085416 2 2 3
0.126368 0.00853722 0.00853722 2 2 3
0.12652 0.00853285 0.00853285 2 2 3
0.126671 0.00852847 0.00852847 2 2 3
0.126823 0.00852408 0.00852408 2 2 3
0.126975 0.0085197 0.0085197 2 2 3
0.127128 0.00851531 0.00851531 2 2 3
0.12728 0.00851092 0.00851092 2 2 3
0.127433 0.00850652 0.00850652 2 2 3
0.127586 0.00850212 0.00850212 2 2 3
0.127739 0.00849772 0.00849772 2 2 3
0.127892 0.00849332 0.00849332 2 2 3
0.128046 0.00848891 0.00848891 2 2 3
0.1282 0.0084845 0.0084845 2 2 3
0.128354 0.00848009 0.00848009 2 2 3
0.128508 0.00847567 0.00847567 2 2 3
0.128663 0.00847125 0.00847125 2 2 3
0.128817 0.00846683 0.00846683 2 2 3
0.128972 0.0084624 0.0084624 2 2 3
0.129128 0.00845797 0.00845797 2 2 3
0.129283 0.00845354 0.00845354 2 2 3
0.129439 0.00844911 0.00844911 2 2 3
0.129594 0.00844467 0.00844467 2 2 3
0.12975 0.00844022 0.00844022 2 2 3
0.129907 0.00843578 0.00843578 2 2 3
0.130063 0.00843133 0.00843133 2 2 3
0.13022 0.00842688 0.00842688 2 2 3
0.130377 0.00842242 0.00842242 2 2 3
0.130534 0.00841797 0.00841797 2 2 3
0.130692 0.0084135 0.0084135 2 2 3
0.130849 0.00840904 0.00840904 2 2 3
0.131007 0.00840457 0.00840457 2 2 3
0.131165 0.0084001 0.0084001 2 2 3
0.131324 0.00839562 0.00839562 2 2 3
0.131482 0.00839114 0.00839114 2 2 3
0.131641 0.00838666 0.00838666 2 2 3
0.1318 0.00838218 0.00838218 2 2 3
0.131959 0.00837769 0.00837769 2 2 3
0.132119 0.0083732 0.0083732 2 2 3
0.132279 0.0083687 0.0083687 2 2 3
0.132439 0.0083642 0.0083642 2 2 3
0.132599 0.0083597 0.0083597 2 2 3
0.132759 0.00835519 0.00835519 2 2 3
0.13292 0.00835068 0.00835068 2 2 3
0.133081 0.00834617 0.00834617 2 2 3
0.133242 0.00834165 0.00834165 2 2 3
0.133404 0.00833713 0.00833713 2 2 3
0.133565 0.0083326 0.0083326 2 2 3
0.133727 0.00832808 0.00832808 2 2 3
0.133889 0.00832354 0.00832354 2 2 3
0.134052 0.00831901 0.00831901 2 2 3
0.134215 0.00831447 0.00831447 2 2 3
0.134377 0.00830993 0.00830993 2 2 3
0.134541 0.00830538 0.00830538 2 2 3
0.134704 0.00830083 0.00830083 2 2 3
0.134868 0.00829628 0.00829628 2 2 3
0.135031 0.00829172 0.00829172 2 2 3
0.135196 0.00828716 0.00828716 2 2 3
0.13536 0.00828259 0.00828259 2 2 3
0.135525 0.00827802 0.00827802 2 2 3
0.13569 0.00827345 0.00827345 2 2 3
0.135855 0.00826887 0.00826887 2 2 3
0.13602 0.00826429 0.00826429 2 2 3
0.136186 0.00825971 0.00825971 2 2 3
0.136352 0.00825512 0.00825512 2 2 3
0.136518 0.00825053 0.00825053 2 2 3
0.136684 0.00824593 0.00824593 2 2 3
0.136851 0.00824133 0.00824133 2 2 3
0.137018 0.00823673 0.00823673 2 2 3
0.137185 0.00823212 0.00823212 2 2 3
0.137352 0.00822751 0.00822751 2 2 3
0.13752 0.00822289 0.00822289 2 2 3
0.137688 0.00821827 0.00821827 2 2 3
0.137856 0.00821365 0.00821365 2 2 3
0.138025 0.00820902 0.00820902 2 2 3
0.138194 0.00820439 0.00820439 2 2 3
0.138363 0.00819975 0.00819975 2 2 3
0.138532 0.00819511 0.00819511 2 2 3
0.138701 0.00819046 0.00819046 2 2 3
0.138871 0.00818581 0.00818581 2 2 3
0.139041 0.00818116 0.00818116 2 2 3
0.139212 0.0081765 0.0081765 2 2 3
0.139382 0.00817184 0.00817184 2 2 3
0.139553 0.00816718 0.00816718 2 2 3
0.139724 0.0081625 0.0081625 2 2 3
0.139896 0.00815783 0.00815783 2 2 3
0.140068 0.00815315 0.00815315 2 2 3
0.14024 0.00814847 0.00814847 2 2 3
0.140412 0.00814378 0.00814378 2 2 3
0.140584 0.00813909 0.00813909 2 2 3
0.140757 0.00813439 0.00813439 2 2 3
0.14093 0.00812969 0.00812969 2 2 3
0.141104 0.00812498 0.00812498 2 2 3
0.141277 0.00812027 0.00812027 2 2 3
0.141451 0.00811556 0.00811556 2 2 3
0.141625 0.00811084 0.00811084 2 2 3
0.1418 0.00810612 0.00810612 2 2 3
0.141975 0.00810139 0.00810139 2 2 3
0.14215 0.00809666 0.00809666 2 2 3
0.142325 0.00809192 0.00809192 2 2 3
0.142501 0.00808718 0.00808718 2 2 3
0.142677 0.00808243 0.00808243 2 2 3
0.142853 0.00807768 0.00807768 2 2 3
0.143029 0.00807293 0.00807293 2 2 3
0.143206 0.00806816 0.00806816 2 2 3
0.143383 0.0080634 0.0080634 2 2 3
0.143561 0.00805863 0.00805863 2 2 3
0.143738 0.00805385 0.00805385 2 2 3
0.143916 0.00804907 0.00804907 2 2 3
0.144095 0.00804429 0.00804429 2 2 3
0.144273 0.0080395 0.0080395 2 2 3
0.144452 0.00803471 0.00803471 2 2 3
0.144631 0.00802991 0.00802991 2 2 3
0.14481 0.0080251 0.0080251 2 2 3
0.14499 0.0080203 0.0080203 2 2 3
0.14517 0.00801548 0.00801548 2 2 3
0.145351 0.00801066 0.00801066 2 2 3
0.145531 0.00800584 0.00800584 2 2 3
0.145712 0.00800101 0.00800101 2 2 3
0.145893 0.00799618 0.00799618 2 2 3
0.146075 0.00799134 0.00799134 2 2 3
0.146257 0.00798649 0.00798649 2 2 3
0.146439 0.00798164 0.00798164 2 2 3
0.146622 0.00797679 0.00797679 2 2 3
0.146804 0.00797193 0.00797193 2 2 3
0.146987 0.00796706 0.00796706 2 2 3
0.147171 0.00796219 0.00796219 2 2 3
0.147355 0.00795732 0.00795732 2 2 3
0.147539 0.00795244 0.00795244 2 2 3
0.147723 0.00794755 0.00794755 2 2 3
0.147908 0.00794266 0.00794266 2 2 3
0.148093 0.00793776 0.00793776 2 2 3
0.148278 0.00793286 0.00793286 2 2 3
0.148464 0.00792795 0.00792795 2 2 3
0.14865 0.00792304 0.00792304 2 2 3
0.148836 0.00791812 0.00791812 2 2 3
0.149023 0.0079132 0.0079132 2 2 3
0.149209 0.00790827 0.00790827 2 2 3
0.149397 0.00790333 0.00790333 2 2 3
0.149584 0.00789839 0.00789839 2 2 3
0.149772 0.00789345 0.00789345 2 2 3
0.14996 0.0078885 0.0078885 2 2 3
0.150149 0.00788354 0.00788354 2 2 3
0.150338 0.00787858 0.00787858 2 2 3
0.150527 0.00787361 0.00787361 2 2 3
0.150717 0.00786863 0.00786863 2 2 3
0.150907 0.00786365 0.00786365 2 2 3
0.151097 0.00785867 0.00785867 2 2 3
0.151287 0.00785367 0.00785367 2 2 3
0.151478 0.00784868 0.00784868 2 2 3
0.15167 0.00784367 0.00784367 2 2 3
0.151861 0.00783866 0.00783866 2 2 3
0.152053 0.00783365 0.00783365 2 2 3
0.152245 0.00782862 0.00782862 2 2 3
0.152438 0.0078236 0.0078236 2 2 3
0.152631 0.00781856 0.00781856 2 2 3
0.152824 0.00781352 0.00781352 2 2 3
0.153018 0.00780848 0.00780848 2 2 3
0.153212 0.00780343 0.00780343 2 2 3
0.153407 0.00779837 0.00779837 2 2 3
0.153601 0.0077933 0.0077933 2 2 3
0.153796 0.00778823 0.00778823 2 2 3
0.153992 0.00778316 0.00778316 2 2 3
0.154188 0.00777807 0.00777807 2 2 3
0.154384 0.00777298 0.00777298 2 2 3
0.15458 0.00776789 0.00776789 2 2 3
0.154777 0.00776279 0.00776279 2 2 3
0.154974 0.00775768 0.00775768 2 2 3
0.155172 0.00775256 0.00775256 2 2 3
0.15537 0.00774744 0.00774744 2 2 3
0.155568 0.00774231 0.00774231 2 2 3
0.155767 0.00773718 0.00773718 2 2 3
0.155966 0.00773204 0.00773204 2 2 3
0.156166 0.00772689 0.00772689 2 2 3
0.156365 0.00772173 0.00772173 2 2 3
0.156566 0.00771657 0.00771657 2 2 3
0.156766 0.00771141 0.00771141 2 2 3
0.156967 0.00770623 0.00770623 2 2 3
0.157168 0.00770105 0.00770105 2 2 3
0.15737 0.00769586 0.00769586 2 2 3
0.157572 0.00769067 0.00769067 2 2 3
0.157775 0.00768547 0.00768547 2 2 3
0.157977 0.00768026 0.00768026 2 2 3
0.158181 0.00767504 0.00767504 2 2 3
0.158384 0.00766982 0.00766982 2 2 3
0.158588 0.00766459 0.00766459 2 2 3
0.158793 0.00765935 0.00765935 2 2 3
0.158998 0.00765411 0.00765411 2 2 3
0.159203 0.00764886 0.00764886 2 2 3
0.159408 0.0076436 0.0076436 2 2 3
0.159614 0.00763833 0.00763833 2 2 3
0.159821 0.00763306 0.00763306 2 2 3
0.160027 0.00762778 0.00762778 2 2 3
0.160235 0.00762249 0.00762249 2 2 3
0.160442 0.0076172 0.0076172 2 2 3
0.16065 0.0076119 0.0076119 2 2 3
0.160859 0.00760659 0.00760659 2 2 3
0.161067 0.00760127 0.00760127 2 2 3
0.161276 0.00759595 0.00759595 2 2 3
0.161486 0.00759062 0.00759062 2 2 3
0.161696 0.00758528 0.00758528 2 2 3
0.161907 0.00757993 0.00757993 2 2 3
0.162117 0.00757458 0.00757458 2 2 3
0.162329 0.00756921 0.00756921 2 2 3
0.16254 0.00756384 0.00756384 2 2 3
0.162752 0.00755847 0.00755847 2 2 3
0.162965 0.00755308 0.00755308 2 2 3
0.163178 0.00754769 0.00754769 2 2 3
0.163391 0.00754228 0.00754228 2 2 3
0.163605 0.00753688 0.00753688 2 2 3
0.163819 0.00753146 0.00753146 2 2 3
0.164034 0.00752603 0.00752603 2 2 3
0.164249 0.0075206 0.0075206 2 2 3
0.164465 0.00751516 0.00751516 2 2 3
0.164681 0.00750971 0.00750971 2 2 3
0.164897 0.00750425 0.00750425 2 2 3
0.165114 0.00749878 0.00749878 2 2 3
0.165331 0.00749331 0.00749331 2 2 3
0.165549 0.00748783 0.00748783 2 2 3
0.165767 0.00748234 0.00748234 2 2 3
0.165986 0.00747684 0.00747684 2 2 3
0.166205 0.00747133 0.00747133 2 2 3
0.166424 0.00746581 0.00746581 2 2 3
0.166644 0.00746029 0.00746029 2 2 3
0.166865 0.00745475 0.00745475 2 2 3
0.167086 0.00744921 0.00744921 2 2 3
0.167307 0.00744366 0.00744366 2 2 3
0.167529 0.0074381 0.0074381 2 2 3
0.167751 0.00743253 0.00743253 2 2 3
0.167974 0.00742696 0.00742696 2 2 3
0.168197 0.00742137 0.00742137 2 2 3
0.168421 0.00741578 0.00741578 2 2 3
0.168645 0.00741017 0.00741017 2 2 3
0.16887 0.00740456 0.00740456 2 2 3
0.169095 0.00739894 0.00739894 2 2 3
0.16932 0.00739331 0.00739331 2 2 3
0.169546 0.00738767 0.00738767 2 2 3
0.169773 0.00738202 0.00738202 2 2 3
0.17 0.00737636 0.00737636 2 2 3
0.170227 0.00737069 0.00737069 2 2 3
0.170455 0.00736501 0.00736501 2 2 3
0.170684 0.00735933 0.00735933 2 2 3
0.170913 0.00735363 0.00735363 2 2 3
0.171142 0.00734793 0.00734793 2 2 3
0.171372 0.00734221 0.00734221 2 2 3
0.171603 0.00733649 0.00733649 2 2 3
0.171834 0.00733075 0.00733075 2 2 3
0.172065 0.00732501 0.00732501 2 2 3
0.172297 0.00731925 0.00731925 2 2 3
0.172529 0.00731349 0.00731349 2 2 3
0.172762 0.00730772 0.00730772 2 2 3
0.172996 0.00730193 0.00730193 2 2 3
0.17323 0.00729614 0.00729614 2 2 3
0.173464 0.00729034 0.00729034 2 2 3
0.173699 0.00728453 0.00728453 2 2 3
0.173935 0.0072787 0.0072787 2 2 3
0.174171 0.00727287 0.00727287 2 2 3
0.174408 0.00726703 0.00726703 2 2 3
0.174645 0.00726117 0.00726117 2 2 3
0.174882 0.00725531 0.00725531 2 2 3
0.175121 0.00724943 0.00724943 2 2 3
0.175359 0.00724355 0.00724355 2 2 3
0.175599 0.00723765 0.00723765 2 2 3
0.175838 0.00723175 0.00723175 2 2 3
0.176079 0.00722583 0.00722583 2 2 3
0.17632 0.0072199 0.0072199 2 2 3
0.176561 0.00721396 0.00721396 2 2 3
0.176803 0.00720801 0.00720801 2 2 3
0.177046 0.00720205 0.00720205 2 2 3
0.177289 0.00719608 0.00719608 2 2 3
0.177532 0.0071901 0.0071901 2 2 3
0.177777 0.00718411 0.00718411 2 2 3
0.178021 0.00717811 0.00717811 2 2 3
0.178267 0.00717209 0.00717209 2 2 3
0.178513 0.00716606 0.00716606 2 2 3
0.178759 0.00716003 0.00716003 2 2 3
0.179006 0.00715398 0.00715398 2 2 3
0.179254 0.00714792 0.00714792 2 2 3
0.179502 0.00714185 0.00714185 2 2 3
0.179751 0.00713576 0.00713576 2 2 3
0.18 0.00712967 0.00712967 2 2 3
0.18025 0.00712356 0.00712356 2 2 3
0.180501 0.00711744 0.00711744 2 2 3
0.180752 0.00711132 0.00711132 2 2 3
0.181004 0.00710517 0.00710517 2 2 3
0.181256 0.00709902 0.00709902 2 2 3
0.181509 0.00709285 0.00709285 2 2 3
0.181762 0.00708668 0.00708668 2 2 3
0.182016 0.00708049 0.00708049 2 2 3
0.182271 0.00707429 0.00707429 2 2 3
0.182527 0.00706807 0.00706807 2 2 3
0.182783 0.00706185 0.00706185 2 2 3
0.183039 0.00705561 0.00705561 2 2 3
0.183296 0.00704936 0.00704936 2 2 3
0.183554 0.00704309 0.00704309 2 2 3
0.183813 0.00703682 0.00703682 2 2 3
0.184072 0.00703053 0.00703053 2 2 3
0.184332 0.00702423 0.00702423 2 2 3
0.184592 0.00701791 0.00701791 2 2 3
0.184853 0.00701158 0.00701158 2 2 3
0.185115 0.00700524 0.00700524 2 2 3
0.185377 0.00699889 0.00699889 2 2 3
0.18564 0.00699253 0.00699253 2 2 3
0.185903 0.00698615 0.00698615 2 2 3
0.186168 0.00697975 0.00697975 2 2 3
0.186433 0.00697335 0.00697335 2 2 3
0.186698 0.00696693 0.00696693 2 2 3
0.186964 0.0069605 0.0069605 2 2 3
0.187231 0.00695405 0.00695405 2 2 3
0.187499 0.00694759 0.00694759 2 2 3
0.187767 0.00694112 0.00694112 2 2 3
0.188036 0.00693463 0.00693463 2 2 3
0.188306 0.00692813 0.00692813 2 2 3
0.188576 0.00692161 0.00692161 2 2 3
0.188847 0.00691509 0.00691509 2 2 3
0.189119 0.00690854 0.00690854 2 2 3
0.189391 0.00690199 0.00690199 2 2 3
0.189664 0.00689541 0.00689541 2 2 3
0.189938 0.00688883 0.00688883 2 2 3
0.190212 0.00688223 0.00688223 2 2 3
0.190487 0.00687562 0.00687562 2 2 3
0.190763 0.00686899 0.00686899 2 2 3
0.19104 0.00686234 0.00686234 2 2 3
0.191317 0.00685568 0.00685568 2 2 3
0.191595 0.00684901 0.00684901 2 2 3
0.191874 0.00684232 0.00684232 2 2 3
0.192154 0.00683562 0.00683562 2 2 3
0.192434 0.0068289 0.0068289 2 2 3
0.192715 0.00682217 0.00682217 2 2 3
0.192997 0.00681542 0.00681542 2 2 3
0.193279 0.00680866 0.00680866 2 2 3
0.193562 0.00680188 0.00680188 2 2 3
0.193846 0.00679509 0.00679509 2 2 3
0.194131 0.00678828 0.00678828 2 2 3
0.194417 0.00678145 0.00678145 2 2 3
0.194703 0.00677461 0.00677461 2 2 3
0.19499 0.00676775 0.00676775 2 2 3
0.195278 0.00676088 0.00676088 2 2 3
0.195567 0.00675399 0.00675399 2 2 3
0.195856 0.00674709 0.00674709 2 2 3
0.196146 0.00674016 0.00674016 2 2 3
0.196437 0.00673323 0.00673323 2 2 3
0.196729 0.00672627 0.00672627 2 2 3
0.197022 0.0067193 0.0067193 2 2 3
0.197315 0.00671232 0.00671232 2 2 3
0.197609 0.00670531 0.00670531 2 2 3
0.197904 0.00669829 0.00669829 2 2 3
0.1982 0.00669125 0.00669125 2 2 3
0.198497 0.0066842 0.0066842 2 2 3
0.198794 0.00667713 0.00667713 2 2 3
0.199092 0.00667004 0.00667004 2 2 3
0.199392 0.00666293 0.00666293 2 2 3
0.199692 0.00665581 0.00665581 2 2 3
0.199992 0.00664867 0.00664867 2 2 3
0.200294 0.00664151 0.00664151 2 2 3
0.200597 0.00663434 0.00663434 2 2 3
0.2009 0.00662714 0.00662714 2 2 3
0.201204 0.00661993 0.00661993 2 2 3
0.201509 0.0066127 0.0066127 2 2 3
0.201815 0.00660546 0.00660546 2 2 3
0.202122 0.00659819 0.00659819 2 2 3
0.20243 0.00659091 0.00659091 2 2 3
0.202739 0.0065836 0.0065836 2 2 3
0.203048 0.00657628 0.00657628 2 2 3
0.203359 0.00656894 0.00656894 2 2 3
0.20367 0.00656159 0.00656159 2 2 3
0.203982 0.00655421 0.00655421 2 2 3
0.204295 0.00654681 0.00654681 2 2 3
0.204609 0.0065394 0.0065394 2 2 3
0.204924 0.00653196 0.00653196 2 2 3
0.20524 0.00652451 0.00652451 2 2 3
0.205557 0.00651704 0.00651704 2 2 3
0.205875 0.00650954 0.00650954 2 2 3
0.206194 0.00650203 0.00650203 2 2 3
0.206513 0.0064945 0.0064945 2 2 3
0.206834 0.00648695 0.00648695 2 2 3
0.207156 0.00647938 0.00647938 2 2 3
0.207478 0.00647179 0.00647179 2 2 3
0.207802 0.00646417 0.00646417 2 2 3
0.208126 0.00645654 0.00645654 2 2 3
0.208452 0.00644889 0.00644889 2 2 3
0.208778 0.00644122 0.00644122 2 2 3
0.209106 0.00643352 0.00643352 2 2 3
0.209434 0.00642581 0.00642581 2 2 3
0.209764 0.00641807 0.00641807 2 2 3
0.210094 0.00641032 0.00641032 2 2 3
0.210426 0.00640254 0.00640254 2 2 3
0.210758 0.00639474 0.00639474 2 2 3
0.211092 0.00638692 0.00638692 2 2 3
0.211426 0.00637908 0.00637908 2 2 3
0.211762 0.00637121 0.00637121 2 2 3
0.212099 0.00636333 0.00636333 2 2 3
0.212437 0.00635542 0.00635542 2 2 3
0.212775 0.00634749 0.00634749 2 2 3
0.213115 0.00633954 0.00633954 2 2 3
0.213456 0.00633156 0.00633156 2 2 3
0.213798 0.00632357 0.00632357 2 2 3
0.214141 0.00631555 0.00631555 2 2 3
0.214486 0.0063075 0.0063075 2 2 3
0.214831 0.00629944 0.00629944 2 2 3
0.215177 0.00629135 0.00629135 2 2 3
0.215525 0.00628324 0.00628324 2 2 3
0.215873 0.00627511 0.00627511 2 2 3
0.216223 0.00626695 0.00626695 2 2 3
0.216574 0.00625877 0.00625877 2 2 3
0.216926 0.00625056 0.00625056 2 2 3
0.217279 0.00624233 0.00624233 2 2 3
0.217634 0.00623408 0.00623408 2 2 3
0.217989 0.0062258 0.0062258 2 2 3
0.218346 0.0062175 0.0062175 2 2 3
0.218704 0.00620917 0.00620917 2 2 3
0.219063 0.00620082 0.00620082 2 2 3
0.219423 0.00619244 0.00619244 2 2 3
0.219784 0.00618404 0.00618404 2 2 3
0.220147 0.00617562 0.00617562 2 2 3
0.220511 0.00616717 0.00616717 2 2 3
0.220876 0.00615869 0.00615869 2 2 3
0.221242 0.00615019 0.00615019 2 2 3
0.221609 0.00614166 0.00614166 2 2 3
0.221978 0.0061331 0.0061331 2 2 3
0.222348 0.00612452 0.00612452 2 2 3
0.222719 0.00611592 0.00611592 2 2 3
0.223092 0.00610729 0.00610729 2 2 3
0.223466 0.00609863 0.00609863 2 2 3
0.223841 0.00608994 0.00608994 2 2 3
0.224217 0.00608123 0.00608123 2 2 3
0.224595 0.00607249 0.00607249 2 2 3
0.224974 0.00606372 0.00606372 2 2 3
0.225354 0.00605493 0.00605493 2 2 3
0.225735 0.00604611 0.00604611 2 2 3
0.226118 0.00603726 0.00603726 2 2 3
0.226503 0.00602838 0.00602838 2 2 3
0.226888 0.00601948 0.00601948 2 2 3
0.227275 0.00601054 0.00601054 2 2 3
0.227663 0.00600158 0.00600158 2 2 3
0.228053 0.00599259 0.00599259 2 2 3
0.228444 0.00598357 0.00598357 2 2 3
0.228837 0.00597453 0.00597453 2 2 3
0.22923 0.00596545 0.00596545 2 2 3
0.229626 0.00595634 0.00595634 2 2 3
0.230022 0.00594721 0.00594721 2 2 3
0.230421 0.00593804 0.00593804 2 2 3
0.23082 0.00592885 0.00592885 2 2 3
0.231221 0.00591962 0.00591962 2 2 3
0.231624 0.00591037 0.00591037 2 2 3
0.232027 0.00590108 0.00590108 2 2 3
0.232433 0.00589176 0.00589176 2 2 3
0.23284 0.00588242 0.00588242 2 2 3
0.233248 0.00587304 0.00587304 2 2 3
0.233658 0.00586363 0.00586363 2 2 3
0.234069 0.00585419 0.00585419 2 2 3
0.234482 0.00584472 0.00584472 2 2 3
0.234897 0.00583521 0.00583521 2 2 3
0.235313 0.00582568 0.00582568 2 2 3
0.23573 0.00581611 0.00581611 2 2 3
0.236149 0.00580651 0.00580651 2 2 3
0.23657 0.00579687 0.00579687 2 2 3
0.236992 0.00578721 0.00578721 2 2 3
0.237416 0.00577751 0.00577751 2 2 3
0.237842 0.00576778 0.00576778 2 2 3
0.238269 0.00575801 0.00575801 2 2 3
0.238698 0.00574821 0.00574821 2 2 3
0.239128 0.00573838 0.00573838 2 2 3
0.23956 0.00572851 0.00572851 2 2 3
0.239994 0.00571861 0.00571861 2 2 3
0.240429 0.00570868 0.00570868 2 2 3
0.240866 0.0056987 0.0056987 2 2 3
0.241305 0.0056887 0.0056887 2 2 3
0.241745 0.00567866 0.00567866 2 2 3
0.242188 0.00566858 0.00566858 2 2 3
0.242632 0.00565847 0.00565847 2 2 3
0.243077 0.00564832 0.00564832 2 2 3
0.243525 0.00563814 0.00563814 2 2 3
0.243974 0.00562792 0.00562792 2 2 3
0.244425 0.00561766 0.00561766 2 2 3
0.244878 0.00560737 0.00560737 2 2 3
0.245332 0.00559704 0.00559704 2 2 3
0.245789 0.00558667 0.00558667 2 2 3
0.246247 0.00557626 0.00557626 2 2 3
0.246707 0.00556582 0.00556582 2 2 3
0.247169 0.00555534 0.00555534 2 2 3
0.247633 0.00554482 0.00554482 2 2 3
0.248099 0.00553426 0.00553426 2 2 3
0.248566 0.00552367 0.00552367 2 2 3
0.249036 0.00551303 0.00551303 2 2 3
0.249507 0.00550236 0.00550236 2 2 3
0.249981 0.00549164 0.00549164 2 2 3
0.250456 0.00548089 0.00548089 2 2 3
0.250933 0.00547009 0.00547009 2 2 3
0.251413 0.00545926 0.00545926 2 2 3
0.251894 0.00544838 0.00544838 2 2 3
0.252377 0.00543747 0.00543747 2 2 3
0.252863 0.00542651 0.00542651 2 2 3
0.25335 0.00541551 0.00541551 2 2 3
0.25384 0.00540447 0.00540447 2 2 3
0.254331 0.00539339 0.00539339 2 2 3
0.254825 0.00538227 0.00538227 2 2 3
0.25532 0.0053711 0.0053711 2 2 3
0.255818 0.00535989 0.00535989 2 2 3
0.256318 0.00534864 0.00534864 2 2 3
0.25682 0.00533734 0.00533734 2 2 3
0.257325 0.005326 0.005326 2 2 3
0.257831 0.00531462 0.00531462 2 2 3
0.25834 0.00530319 0.00530319 2 2 3
0.258851 0.00529172 0.00529172 2 2 3
0.259364 0.0052802 0.0052802 2 2 3
0.259879 0.00526864 0.00526864 2 2 3
0.260397 0.00525703 0.00525703 2 2 3
0.260917 0.00524538 0.00524538 2 2 3
0.261439 0.00523368 0.00523368 2 2 3
0.261963 0.00522194 0.00522194 2 2 3
0.26249 0.00521014 0.00521014 2 2 3
0.263019 0.00519831 0.00519831 2 2 3
0.263551 0.00518642 0.00518642 2 2 3
0.264085 0.00517449 0.00517449 2 2 3
0.264621 0.0051625 0.0051625 2 2 3
0.26516 0.00515047 0.00515047 2 2 3
0.265701 0.0051384 0.0051384 2 2 3
0.266245 0.00512627 0.00512627 2 2 3
0.266791 0.00511409 0.00511409 2 2 3
0.26734 0.00510187 0.00510187 2 2 3
0.267891 0.00508959 0.00508959 2 2 3
0.268445 0.00507727 0.00507727 2 2 3
0.269001 0.00506489 0.00506489 2 2 3
0.26956 0.00505246 0.00505246 2 2 3
0.270122 0.00503998 0.00503998 2 2 3
0.270686 0.00502745 0.00502745 2 2 3
0.271252 0.00501487 0.00501487 2 2 3
0.271822 0.00500224 0.00500224 2 2 3
0.272394 0.00498955 0.00498955 2 2 3
0.272969 0.00497681 0.00497681 2 2 3
0.273546 0.00496402 0.00496402 2 2 3
0.274127 0.00495117 0.00495117 2 2 3
0.27471 0.00493827 0.00493827 2 2 3
0.275295 0.00492531 0.00492531 2 2 3
0.275884 0.0049123 0.0049123 2 2 3
0.276475 0.00489924 0.00489924 2 2 3
0.27707 0.00488612 0.00488612 2 2 3
0.277667 0.00487294 0.00487294 2 2 3
0.278267 0.00485971 0.00485971 2 2 3
0.27887 0.00484642 0.00484642 2 2 3
0.279476 0.00483307 0.00483307 2 2 3
0.280085 0.00481967 0.00481967 2 2 3
0.280697 0.0048062 0.0048062 2 2 3
0.281312 0.00479268 0.00479268 2 2 3
0.28193 0.0047791 0.0047791 2 2 3
0.282551 0.00476546 0.00476546 2 2 3
0.283175 0.00475177 0.00475177 2 2 3
0.283803 0.00473801 0.00473801 2 2 3
0.284433 0.00472419 0.00472419 2 2 3
0.285067 0.00471031 0.00471031 2 2 3
0.285704 0.00469637 0.00469637 2 2 3
0.286344 0.00468237 0.00468237 2 2 3
0.286987 0.0046683 0.0046683 2 2 3
0.287634 0.00465418 0.00465418 2 2 3
0.288284 0.00463999 0.00463999 2 2 3
0.288937 0.00462573 0.00462573 2 2 3
0.289594 0.00461142 0.00461142 2 2 3
0.290254 0.00459703 0.00459703 2 2 3
0.290917 0.00458259 0.00458259 2 2 3
0.291584 0.00456808 0.00456808 2 2 3
0.292254 0.0045535 0.0045535 2 2 3
0.292928 0.00453886 0.00453886 2 2 3
0.293606 0.00452415 0.00452415 2 2 3
0.294287 0.00450937 0.00450937 2 2 3
0.294971 0.00449453 0.00449453 2 2 3
0.29566 0.00447962 0.00447962 2 2 3
0.296352 0.00446463 0.00446463 2 2 3
0.297047 0.00444959 0.00444959 2 2 3
0.297747 0.00443447 0.00443447 2 2 3
0.29845 0.00441928 0.00441928 2 2 3
0.299157 0.00440402 0.00440402 2 2 3
0.299867 0.00438869 0.00438869 2 2 3
0.300582 0.00437329 0.00437329 2 2 3
0.3013 0.00435781 0.00435781 2 2 3
0.302023 0.00434227 0.00434227 2 2 3
0.302749 0.00432665 0.00432665 2 2 3
0.30348 0.00431096 0.00431096 2 2 3
0.304214 0.00429519 0.00429519 2 2 3
0.304953 0.00427935 0.00427935 2 2 3
0.305695 0.00426343 0.00426343 2 2 3
0.306442 0.00424744 0.00424744 2 2 3
0.307193 0.00423137 0.00423137 2 2 3
0.307948 0.00421523 0.00421523 2 2 3
0.308707 0.00419901 0.00419901 2 2 3
0.309471 0.00418271 0.00418271 2 2 3
0.310239 0.00416633 0.00416633 2 2 3
0.311011 0.00414987 0.00414987 2 2 3
0.311788 0.00413333 0.00413333 2 2 3
0.312569 0.00411672 0.00411672 2 2 3
0.313355 0.00410002 0.00410002 2 2 3
0.314145 0.00408324 0.00408324 2 2 3
0.31494 0.00406638 0.00406638 2 2 3
0.315739 0.00404944 0.00404944 2 2 3
0.316543 0.00403241 0.00403241 2 2 3
0.317352 0.0040153 0.0040153 2 2 3
0.318166 0.00399811 0.00399811 2 2 3
0.318984 0.00398083 0.00398083 2 2 3
0.319807 0.00396347 0.00396347 2 2 3
0.320635 0.00394602 0.00394602 2 2 3
0.321468 0.00392848 0.00392848 2 2 3
0.322306 0.00391086 0.00391086 2 2 3
0.323149 0.00389315 0.00389315 2 2 3
0.323997 0.00387534 0.00387534 2 2 3
0.32485 0.00385745 0.00385745 2 2 3
0.325708 0.00383947 0.00383947 2 2 3
0.326571 0.0038214 0.0038214 2 2 3
0.32744 0.00380324 0.00380324 2 2 3
0.328314 0.00378499 0.00378499 2 2 3
0.329193 0.00376664 0.00376664 2 2 3
0.330078 0.0037482 0.0037482 2 2 3
0.330968 0.00372967 0.00372967 2 2 3
0.331864 0.00371104 0.00371104 2 2 3
0.332765 0.00369232 0.00369232 2 2 3
0.333672 0.0036735 0.0036735 2 2 3
0.334584 0.00365458 0.00365458 2 2 3
0.335502 0.00363557 0.00363557 2 2 3
0.336426 0.00361646 0.00361646 2 2 3
0.337356 0.00359725 0.00359725 2 2 3
0.338292 0.00357793 0.00357793 2 2 3
0.339234 0.00355852 0.00355852 2 2 3
0.340181 0.00353901 0.00353901 2 2 3
0.341135 0.0035194 0.0035194 2 2 3
0.342095 0.00349968 0.00349968 2 2 3
0.343061 0.00347986 0.00347986 2 2 3
0.344033 0.00345994 0.00345994 2 2 3
0.345012 0.00343991 0.00343991 2 2 3
0.345997 0.00341977 0.00341977 2 2 3
0.346988 0.00339953 0.00339953 2 2 3
0.347986 0.00337918 0.00337918 2 2 3
0.34899 0.00335873 0.00335873 2 2 3
0.350002 0.00333816 0.00333816 2 2 3
0.351019 0.00331748 0.00331748 2 2 3
0.352044 0.0032967 0.0032967 2 2 3
0.353075 0.0032758 0.0032758 2 2 3
0.354113 0.00325479 0.00325479 2 2 3
0.355159 0.00323367 0.00323367 2 2 3
0.356211 0.00321243 0.00321243 2 2 3
0.35727 0.00319108 0.00319108 2 2 3
0.358337 0.00316961 0.00316961 2 2 3
0.359411 0.00314803 0.00314803 2 2 3
0.360492 0.00312633 0.00312633 2 2 3
0.361581 0.00310451 0.00310451 2 2 3
0.362677 0.00308257 0.00308257 2 2 3
0.36378 0.00306052 0.00306052 2 2 3
0.364891 0.00303834 0.00303834 2 2 3
0.36601 0.00301604 0.00301604 2 2 3
0.367137 0.00299361 0.00299361 2 2 3
0.368272 0.00297107 0.00297107 2 2 3
0.369414 0.00294839 0.00294839 2 2 3
0.370565 0.0029256 0.0029256 2 2 3
0.371724 0.00290267 0.00290267 2 2 3
0.372891 0.00287962 0.00287962 2 2 3
0.374066 0.00285644 0.00285644 2 2 3
0.37525 0.00283313 0.00283313 2 2 3
0.376442 0.00280969 0.00280969 2 2 3
0.377643 0.00278612 0.00278612 2 2 3
0.378852 0.00276242 0.00276242 2 2 3
0.380071 0.00273859 0.00273859 2 2 3
0.381298 0.00271462 0.00271462 2 2 3
0.382534 0.00269051 0.00269051 2 2 3
0.383779 0.00266627 0.00266627 2 2 3
0.385033 0.00264189 0.00264189 2 2 3
0.386296 0.00261737 0.00261737 2 2 3
0.387569 0.00259271 0.00259271 2 2 3
0.388851 0.00256792 0.00256792 2 2 3
0.390143 0.00254298 0.00254298 2 2 3
0.391444 0.00251789 0.00251789 2 2 3
0.392755 0.00249267 0.00249267 2 2 3
0.394076 0.0024673 0.0024673 2 2 3
0.395407 0.00244178 0.00244178 2 2 3
0.396748 0.00241612 0.00241612 2 2 3
0.3981 0.00239031 0.00239031 2 2 3
0.399461 0.00236435 0.00236435 2 2 3
0.400833 0.00233824 0.00233824 2 2 3
0.402216 0.00231198 0.00231198 2 2 3
0.403609 0.00228556 0.00228556 2 2 3
0.405013 0.00225899 0.00225899 2 2 3
0.406427 0.00223227 0.00223227 2 2 3
0.407853 0.00220539 0.00220539 2 2 3
0.40929 0.00217836 0.00217836 2 2 3
0.410738 0.00215116 0.00215116 2 2 3
0.412198 0.00212381 0.00212381 2 2 3
0.413669 0.00209629 0.00209629 2 2 3
0.415152 0.00206861 0.00206861 2 2 3
0.416646 0.00204077 0.00204077 2 2 3
0.418153 0.00201277 0.00201277 2 2 3
0.419671 0.0019846 0.0019846 2 2 3
0.421202 0.00195626 0.00195626 2 2 3
0.422745 0.00192776 0.00192776 2 2 3
0.424301 0.00189908 0.00189908 2 2 3
0.425869 0.00187024 0.00187024 2 2 3
0.42745 0.00184122 0.00184122 2 2 3
0.429044 0.00181203 0.00181203 2 2 3
0.43065 0.00178267 0.00178267 2 2 3
0.43227 0.00175313 0.00175313 2 2 3
0.433904 0.00172341 0.00172341 2 2 3
0.435551 0.00169352 0.00169352 2 2 3
0.437211 0.00166344 0.00166344 2 2 3
0.438886 0.00163319 0.00163319 2 2 3
0.440574 0.00160275 0.00160275 2 2 3
0.442277 0.00157213 0.00157213 2 2 3
0.443994 0.00154132 0.00154132 2 2 3
0.445726 0.00151033 0.00151033 2 2 3
0.447472 0.00147915 0.00147915 2 2 3
0.449233 0.00144778 0.00144778 2 2 3
0.451009 0.00141622 0.00141622 2 2 3
0.4528 0.00138447 0.00138447 2 2 3
0.454607 0.00135253 0.00135253 2 2 3
0.456429 0.00132039 0.00132039 2 2 3
0.458267 0.00128805 0.00128805 2 2 3
0.460121 0.00125552 0.00125552 2 2 3
0.461991 0.00122279 0.00122279 2 2 3
0.463877 0.00118986 0.00118986 2 2 3
0.46578 0.00115673 0.00115673 2 2 3
0.4677 0.0011234 0.0011234 2 2 3
0.469636 0.00108986 0.00108986 2 2 3
0.47159 0.00105612 0.00105612 2 2 3
0.473561 0.00102217 0.00102217 2 2 3
0.475549 0.000988009 0.000988009 2 2 3
0.477556 0.00095364 0.00095364 2 2 3
0.47958 0.00091906 0.00091906 2 2 3
0.481622 0.000884268 0.000884268 2 2 3
0.483683 0.000849261 0.000849261 2 2 3
0.485763 0.000814039 0.000814039 2 2 3
0.487861 0.0007786 0.0007786 2 2 3
0.489979 0.000742943 0.000742943 2 2 3
0.492115 0.000707065 0.000707065 2 2 3
0.494272 0.000670967 0.000670967 2 2 3
0.496448 0.000634646 0.000634646 2 2 3
0.498644 0.0005981 0.0005981 2 2 3
0.500861 0.000561329 0.000561329 2 2 3
0.503098 0.000524332 0.000524332 2 2 3
0.505356 0.000487105 0.000487105 2 2 3
0.507635 0.000449649 0.000449649 2 2 3
0.509935 0.000411962 0.000411962 2 2 3
0.512257 0.000374042 0.000374042 2 2 3
0.5146 0.000335888 0.000335888 2 2 3
0.516966 0.000297499 0.000297499 2 2 3
0.519354 0.000258872 0.000258872 2 2 3
0.521765 0.000220008 0.000220008 2 2 3
0.524199 0.000180904 0.000180904 2 2 3
0.526655 0.000141559 0.000141559 2 2 3
0.529136 0.000101972 0.000101972 2 2 3
0.53164 6.21406e-05 6.21406e-05 2 2 3
0.534168 2.20646e-05 2.20646e-05 2 2 3
0.536721 -1.82577e-05 -1.82577e-05 2 2 3
0.539298 -5.88276e-05 -5.88276e-05 2 2 3
0.541901 -9.96464e-05 -9.96464e-05 2 2 3
0.544528 -0.000140715 -0.000140715 2 2 3
0.547181 -0.000182036 -0.000182036 2 2 3
0.54986 -0.000223609 -0.000223609 2 2 3
0.552566 -0.000265436 -0.000265436 2 2 3
0.555297 -0.000307518 -0.000307518 2 2 3
0.558056 -0.000349857 -0.000349857 2 2 3
0.560842 -0.000392453 -0.000392453 2 2 3
0.563655 -0.000435307 -0.000435307 2 2 3
0.566496 -0.000478422 -0.000478422 2 2 3
0.569366 -0.000521797 -0.000521797 2 2 3
0.572264 -0.000565434 -0.000565434 2 2 3
0.57519 -0.000609334 -0.000609334 2 2 3
0.578146 -0.000653497 -0.000653497 2 2 3
0.581132 -0.000697926 -0.000697926 2 2 3
0.584147 -0.00074262 -0.00074262 2 2 3
0.587193 -0.000787581 -0.000787581 2 2 3
0.590269 -0.000832809 -0.000832809 2 2 3
0.593377 -0.000878306 -0.000878306 2 2 3
0.596516 -0.000924072 -0.000924072 2 2 3
0.599686 -0.000970107 -0.000970107 2 2 3
0.602888 -0.00101641 -0.00101641 2 2 3
0.606123 -0.00106299 -0.00106299 2 2 3
0.609391 -0.00110984 -0.00110984 2 2 3
0.612692 -0.00115696 -0.00115696 2 2 3
0.616027 -0.00120435 -0.00120435 2 2 3
0.619395 -0.00125202 -0.00125202 2 2 3
0.622798 -0.00129996 -0.00129996 2 2 3
0.626236 -0.00134818 -0.00134818 2 2 3
0.629709 -0.00139667 -0.00139667 2 2 3
0.633217 -0.00144543 -0.00144543 2 2 3
0.636761 -0.00149447 -0.00149447 2 2 3
0.640342 -0.00154378 -0.00154378 2 2 3
0.643959 -0.00159337 -0.00159337 2 2 3
0.647614 -0.00164323 -0.00164323 2 2 3
0.651305 -0.00169336 -0.00169336 2 2 3
0.655035 -0.00174377 -0.00174377 2 2 3
0.658803 -0.00179445 -0.00179445 2 2 3
0.66261 -0.00184541 -0.00184541 2 2 3
0.666455 -0.00189664 -0.00189664 2 2 3
0.670341 -0.00194814 -0.00194814 2 2 3
0.674266 -0.00199991 -0.00199991 2 2 3
0.678231 -0.00205195 -0.00205195 2 2 3
0.682237 -0.00210427 -0.00210427 2 2 3
0.686284 -0.00215685 -0.00215685 2 2 3
0.690372 -0.0022097 -0.0022097 2 2 3
0.694503 -0.00226281 -0.00226281 2 2 3
0.698675 -0.00231619 -0.00231619 2 2 3
0.70289 -0.00236984 -0.00236984 2 2 3
0.707148 -0.00242375 -0.00242375 2 2 3
0.711449 -0.00247792 -0.00247792 2 2 3
0.715794 -0.00253234 -0.00253234 2 2 3
0.720183 -0.00258703 -0.00258703 2 2 3
0.724617 -0.00264197 -0.00264197 2 2 3
0.729095 -0.00269716 -0.00269716 2 2 3
0.733619 -0.00275261 -0.00275261 2 2 3
0.738188 -0.0028083 -0.0028083 2 2 3
0.742803 -0.00286424 -0.00286424 2 2 3
0.747464 -0.00292042 -0.00292042 2 2 3
0.752171 -0.00297685 -0.00297685 2 2 3
0.756926 -0.00303351 -0.00303351 2 2 3
0.761727 -0.00309041 -0.00309041 2 2 3
0.766576 -0.00314753 -0.00314753 2 2 3
0.771473 -0.00320489 -0.00320489 2 2 3
0.776418 -0.00326247 -0.00326247 2 2 3
0.781411 -0.00332028 -0.00332028 2 2 3
0.786453 -0.0033783 -0.0033783 2 2 3
0.791543 -0.00343653 -0.00343653 2 2 3
0.796683 -0.00349498 -0.00349498 2 2 3
0.801872 -0.00355363 -0.00355363 2 2 3
0.807111 -0.00361248 -0.00361248 2 2 3
0.812399 -0.00367153 -0.00367153 2 2 3
0.817738 -0.00373078 -0.00373078 2 2 3
0.823126 -0.00379021 -0.00379021 2 2 3
0.828565 -0.00384982 -0.00384982 2 2 3
0.834055 -0.00390961 -0.00390961 2 2 3
0.839595 -0.00396958 -0.00396958 2 2 3
0.845186 -0.00402971 -0.00402971 2 2 3
0.850828 -0.00409 -0.00409 2 2 3
0.856521 -0.00415046 -0.00415046 2 2 3
0.862265 -0.00421106 -0.00421106 2 2 3
0.86806 -0.00427181 -0.00427181 2 2 3
0.873906 -0.0043327 -0.0043327 2 2 3
0.879804 -0.00439372 -0.00439372 2 2 3
0.885753 -0.00445487 -0.00445487 2 2 3
0.891754 -0.00451614 -0.00451614 2 2 3
0.897805 -0.00457753 -0.00457753 2 2 3
0.903908 -0.00463902 -0.00463902 2 2 3
0.910062 -0.00470062 -0.00470062 2 2 3
0.916268 -0.00476231 -0.00476231 2 2 3
1.8573 0.01 0.01 2 7 3
1.86728 0.00995396 0.00995396 2 7 3
1.87725 0.0099082 0.0099082 2 7 3
1.88723 0.00986283 0.00986283 2 7 3
1.89721 0.00981785 0.00981785 2 7 3
1.90719 0.00977318 0.00977318 2 7 3
1.91716 0.00972881 0.00972881 2 7 3
1.92714 0.00968475 0.00968475 2 7 3
1.93712 0.00964099 0.00964099 2 7 3
1.9471 0.00959753 0.00959753 2 7 3
1.95708 0.00955436 0.00955436 2 7 3
1.96706 0.00951149 0.00951149 2 7 3
1.97704 0.0094689 0.0094689 2 7 3
1.98702 0.00942659 0.00942659 2 7 3
1.997 0.00938457 0.00938457 2 7 3
2.00698 0.00934283 0.00934283 2 7 3
2.01696 0.00930136 0.00930136 2 7 3
2.02694 0.00926017 0.00926017 2 7 3
2.03692 0.00921924 0.00921924 2 7 3
2.0469 0.00917859 0.00917859 2 7 3
2.05689 0.0091382 0.0091382 2 7 3
2.06687 0.00909807 0.00909807 2 7 3
2.07685 0.0090582 0.0090582 2 7 3
2.08683 0.00901859 0.00901859 2 7 3
2.09682 0.00897924 0.00897924 2 7 3
2.1068 0.00894014 0.00894014 2 7 3
2.11678 0.00890128 0.00890128 2 7 3
2.12677 0.00886268 0.00886268 2 7 3
2.13675 0.00882432 0.00882432 2 7 3
2.14673 0.0087862 0.0087862 2 7 3
2.15672 0.00874832 0.00874832 2 7 3
2.1667 0.00871068 0.00871068 2 7 3
2.17669 0.00867328 0.00867328 2 7 3
2.18667 0.0086361 0.0086361 2 7 3
2.19666 0.00859916 0.00859916 2 7 3
2.20664 0.00856245 0.00856245 2 7 3
2.21663 0.00852597 0.00852597 2 7 3
2.22661 0.00848971 0.00848971 2 7 3
2.2366 0.00845367 0.00845367 2 7 3
2.24658 0.00841785 0.00841785 2 7 3
2.25657 0.00838226 0.00838226 2 7 3
2.26655 0.00834687 0.00834687 2 7 3
2.27654 0.0083117 0.0083117 2 7 3
2.28653 0.00827675 0.00827675 2 7 3
2.29651 0.008242 0.008242 2 7 3
2.3065 0.00820746 0.00820746 2 7 3
2.31649 0.00817313 0.00817313 2 7 3
2.32647 0.00813901 0.00813901 2 7 3
2.33646 0.00810508 0.00810508 2 7 3
2.34645 0.00807136 0.00807136 2 7 3
2.35644 0.00803783 0.00803783 2 7 3
2.36642 0.00800451 0.00800451 2 7 3
2.37641 0.00797138 0.00797138 2 7 3
2.3864 0.00793844 0.00793844 2 7 3
2.39639 0.00790569 0.00790569 2 7 3
2.40638 0.00787314 0.00787314 2 7 3
2.41636 0.00784077 0.00784077 2 7 3
2.42635 0.00780859 0.00780859 2 7 3
2.43634 0.00777659 0.00777659 2 7 3
2.44633 0.00774478 0.00774478 2 7 3
2.45632 0.00771315 0.00771315 2 7 3
2.46631 0.0076817 0.0076817 2 7 3
2.4763 0.00765043 0.00765043 2 7 3
2.48629 0.00761934 0.00761934 2 7 3
2.49628 0.00758842 0.00758842 2 7 3
2.50627 0.00755768 0.00755768 2 7 3
2.51625 0.00752711 0.00752711 2 7 3
2.52624 0.00749671 0.00749671 2 7 3
2.53623 0.00746648 0.00746648 2 7 3
2.54622 0.00743642 0.00743642 2 7 3
2.55621 0.00740652 0.00740652 2 7 3
2.5662 0.00737679 0.00737679 2 7 3
2.57619 0.00734723 0.00734723 2 7 3
2.58619 0.00731782 0.00731782 2 7 3
2.59618 0.00728858 0.00728858 2 7 3
2.60617 0.0072595 0.0072595 2 7 3
2.61616 0.00723058 0.00723058 2 7 3
2.62615 0.00720181 0.00720181 2 7 3
2.63614 0.0071732 0.0071732 2 7 3
2.64613 0.00714475 0.00714475 2 7 3
2.65612 0.00711645 0.00711645 2 7 3
2.66611 0.0070883 0.0070883 2 7 3
2.6761 0.0070603 0.0070603 2 7 3
2.68609 0.00703245 0.00703245 2 7 3
2.69609 0.00700475 0.00700475 2 7 3
2.70608 0.0069772 0.0069772 2 7 3
2.71607 0.00694979 0.00694979 2 7 3
2.72606 0.00692253 0.00692253 2 7 3
2.73605 0.00689541 0.00689541 2 7 3
2.74604 0.00686843 0.00686843 2 7 3
2.75604 0.0068416 0.0068416 2 7 3
2.76603 0.0068149 0.0068149 2 7 3
2.77602 0.00678835 0.00678835 2 7 3
2.78601 0.00676193 0.00676193 2 7 3
2.79601 0.00673565 0.00673565 2 7 3
2.806 0.00670951 0.00670951 2 7 3
2.81599 0.0066835 0.0066835 2 7 3
2.82598 0.00665762 0.00665762 2 7 3
2.83598 0.00663188 0.00663188 2 7 3
2.84597 0.00660627 0.00660627 2 7 3
2.85596 0.00658078 0.00658078 2 7 3
2.86595 0.00655543 0.00655543 2 7 3
2.87595 0.00653021 0.00653021 2 7 3
2.88594 0.00650511 0.00650511 2 7 3
2.89593 0.00648015 0.00648015 2 7 3
2.90593 0.0064553 0.0064553 2 7 3
2.91592 0.00643058 0.00643058 2 7 3
2.92591 0.00640599 0.00640599 2 7 3
2.93591 0.00638152 0.00638152 2 7 3
2.9459 0.00635717 0.00635717 2 7 3
2.95589 0.00633294 0.00633294 2 7 3
2.96589 0.00630883 0.00630883 2 7 3
2.97588 0.00628484 0.00628484 2 7 3
2.98587 0.00626097 0.00626097 2 7 3
2.99587 0.00623721 0.00623721 2 7 3
3.00586 0.00621357 0.00621357 2 7 3
