0 0.0953135 0.0953135 2 1 0
3.44652e-05 0.0953712 0.0953712 1 1 0
6.88666e-05 0.0954289 0.0954289 1 1 0
0.000103203 0.0954868 0.0954868 1 1 0
0.000137477 0.0955447 0.0955447 1 1 0
0.000171687 0.0956026 0.0956026 1 1 0
0.000205834 0.0956607 0.0956607 1 1 0
0.00023992 0.0957188 0.0957188 1 1 0
0.000273945 0.095777 0.095777 1 1 0
0.00030791 0.0958352 0.0958352 1 1 0
0.000341814 0.0958936 0.0958936 1 1 0
0.00037566 0.095952 0.095952 1 1 0
0.000409447 0.0960104 0.0960104 1 1 0
0.000443176 0.096069 0.096069 1 1 0
0.000476848 0.0961276 0.0961276 1 1 0
0.000510463 0.0961863 0.0961863 1 1 0
0.000544023 0.0962451 0.0962451 1 1 0
0.000577527 0.0963039 0.0963039 1 1 0
0.000610975 0.0963628 0.0963628 1 1 0
0.00064437 0.0964218 0.0964218 1 1 0
0.000677711 0.0964808 0.0964808 1 1 0
0.000710999 0.0965399 0.0965399 1 1 0
0.000744234 0.0965991 0.0965991 1 1 0
0.000777417 0.0966584 0.0966584 1 1 0
0.000810548 0.0967177 0.0967177 1 1 0
0.000843628 0.0967771 0.0967771 1 1 0
0.000876658 0.0968366 0.0968366 1 1 0
0.000909638 0.0968962 0.0968962 1 1 0
0.000942568 0.0969558 0.0969558 1 1 0
0.00097545 0.0970155 0.0970155 1 1 0
0.00100828 0.0970753 0.0970753 1 1 0
0.00104107 0.0971352 0.0971352 1 1 0
0.00107381 0.0971951 0.0971951 1 1 0
0.0011065 0.0972551 0.0972551 1 1 0
0.00113914 0.0973152 0.0973152 1 1 0
0.00117174 0.0973753 0.0973753 1 1 0
0.00120429 0.0974355 0.0974355 1 1 0
0.0012368 0.0974958 0.0974958 1 1 0
0.00126926 0.0975562 0.0975562 1 1 0
0.00130168 0.0976166 0.0976166 1 1 0
0.00133405 0.0976771 0.0976771 1 1 0
0.00136639 0.0977377 0.0977377 1 1 0
0.00139867 0.0977984 0.0977984 1 1 0
0.00143092 0.0978591 0.0978591 1 1 0
0.00146313 0.0979199 0.0979199 1 1 0
0.00149529 0.0979808 0.0979808 1 1 0
0.00152741 0.0980418 0.0980418 1 1 0
0.00155949 0.0981028 0.0981028 1 1 0
0.00159153 0.098164 0.098164 1 1 0
0.00162353 0.0982251 0.0982251 1 1 0
0.00165549 0.0982864 0.0982864 1 1 0
0.00168741 0.0983477 0.0983477 1 1 0
0.0017193 0.0984092 0.0984092 1 1 0
0.00175114 0.0984706 0.0984706 1 1 0
0.00178295 0.0985322 0.0985322 1 1 0
0.00181472 0.0985939 0.0985939 1 1 0
0.00184645 0.0986556 0.0986556 1 1 0
0.00187814 0.0987174 0.0987174 1 1 0
0.0019098 0.0987792 0.0987792 1 1 0
0.00194142 0.0988412 0.0988412 1 1 0
0.00197301 0.0989032 0.0989032 1 1 0
0.00200456 0.0989653 0.0989653 1 1 0
0.00203608 0.0990275 0.0990275 1 1 0
0.00206756 0.0990897 0.0990897 1 1 0
0.00209901 0.0991521 0.0991521 1 1 0
0.00213042 0.0992145 0.0992145 1 1 0
0.0021618 0.0992769 0.0992769 1 1 0
0.00219315 0.0993395 0.0993395 1 1 0
0.00222446 0.0994021 0.0994021 1 1 0
0.00225574 0.0994648 0.0994648 1 1 0
0.00228699 0.0995276 0.0995276 1 1 0
0.0023182 0.0995905 0.0995905 1 1 0
0.00234939 0.0996534 0.0996534 1 1 0
0.00238054 0.0997165 0.0997165 1 1 0
0.00241167 0.0997796 0.0997796 1 1 0
0.00244276 0.0998427 0.0998427 1 1 0
0.00247382 0.099906 0.099906 1 1 0
0.00250485 0.0999693 0.0999693 1 1 0
0.00253585 0.100033 0.100033 1 1 0
0.00256682 0.100096 0.100096 1 1 0
0.00259777 0.10016 0.10016 1 1 0
0.00262868 0.100223 0.100223 1 1 0
0.00265957 0.100287 0.100287 1 1 0
0.00269042 0.100351 0.100351 1 1 0
0.00272125 0.100415 0.100415 1 1 0
0.00275205 0.100479 0.100479 1 1 0
0.00278283 0.100543 0.100543 1 1 0
0.00281358 0.100607 0.100607 1 1 0
0.0028443 0.100671 0.100671 1 1 0
0.00287499 0.100735 0.100735 1 1 0
0.00290566 0.1008 0.1008 1 1 0
0.0029363 0.100864 0.100864 1 1 0
0.00296692 0.100929 0.100929 1 1 0
0.00299751 0.100993 0.100993 1 1 0
0.00302807 0.101058 0.101058 1 1 0
0.00305861 0.101123 0.101123 1 1 0
0.00308913 0.101188 0.101188 1 1 0
0.00311962 0.101252 0.101252 1 1 0
0.00315009 0.101317 0.101317 1 1 0
0.00318053 0.101383 0.101383 1 1 0
0.00321095 0.101448 0.101448 1 1 0
0.00324135 0.101513 0.101513 1 1 0
0.00327172 0.101578 0.101578 1 1 0
0.00330207 0.101644 0.101644 1 1 0
0.0033324 0.101709 0.101709 1 1 0
0.00336271 0.101775 0.101775 1 1 0
0.00339299 0.10184 0.10184 1 1 0
0.00342325 0.101906 0.101906 1 1 0
0.00345349 0.101972 0.101972 1 1 0
0.00348371 0.102038 0.102038 1 1 0
0.00351391 0.102104 0.102104 1 1 0
0.00354409 0.10217 0.10217 1 1 0
0.00357425 0.102236 0.102236 1 1 0
0.00360438 0.102302 0.102302 1 1 0
0.0036345 0.102368 0.102368 1 1 0
0.0036646 0.102435 0.102435 1 1 0
0.00369467 0.102501 0.102501 1 1 0
0.00372473 0.102568 0.102568 1 1 0
0.00375477 0.102634 0.102634 1 1 0
0.00378479 0.102701 0.102701 1 1 0
0.00381479 0.102768 0.102768 1 1 0
0.00384477 0.102835 0.102835 1 1 0
0.00387474 0.102902 0.102902 1 1 0
0.00390468 0.102969 0.102969 1 1 0
0.00393461 0.103036 0.103036 1 1 0
0.00396452 0.103103 0.103103 1 1 0
0.00399441 0.10317 0.10317 1 1 0
0.00402429 0.103238 0.103238 1 1 0
0.00405415 0.103305 0.103305 1 1 0
0.00408399 0.103373 0.103373 1 1 0
0.00411382 0.10344 0.10344 1 1 0
0.00414363 0.103508 0.103508 1 1 0
0.00417342 0.103576 0.103576 1 1 0
0.0042032 0.103643 0.103643 1 1 0
0.00423296 0.103711 0.103711 1 1 0
0.00426271 0.103779 0.103779 1 1 0
0.00429244 0.103848 0.103848 1 1 0
0.00432215 0.103916 0.103916 1 1 0
0.00435185 0.103984 0.103984 1 1 0
0.00438154 0.104052 0.104052 1 1 0
0.00441121 0.104121 0.104121 1 1 0
0.00444087 0.104189 0.104189 1 1 0
0.00447051 0.104258 0.104258 1 1 0
0.00450015 0.104327 0.104327 1 1 0
0.00452976 0.104396 0.104396 1 1 0
0.00455936 0.104464 0.104464 1 1 0
0.00458895 0.104533 0.104533 1 1 0
0.00461853 0.104602 0.104602 1 1 0
0.00464809 0.104672 0.104672 1 1 0
0.00467765 0.104741 0.104741 1 1 0
0.00470718 0.10481 0.10481 1 1 0
0.00473671 0.104879 0.104879 1 1 0
0.00476623 0.104949 0.104949 1 1 0
0.00479573 0.105018 0.105018 1 1 0
0.00482522 0.105088 0.105088 1 1 0
0.0048547 0.105158 0.105158 1 1 0
0.00488417 0.105228 0.105228 1 1 0
0.00491362 0.105298 0.105298 1 1 0
0.00494307 0.105368 0.105368 1 1 0
0.0049725 0.105438 0.105438 1 1 0
0.00500193 0.105508 0.105508 1 1 0
0.00503134 0.105578 0.105578 1 1 0
0.00506075 0.105648 0.105648 1 1 0
0.00509014 0.105719 0.105719 1 1 0
0.00511953 0.105789 0.105789 1 1 0
0.0051489 0.10586 0.10586 1 1 0
0.00517827 0.105931 0.105931 1 1 0
0.00520762 0.106001 0.106001 1 1 0
0.00523697 0.106072 0.106072 1 1 0
0.00526631 0.106143 0.106143 1 1 0
0.00529563 0.106214 0.106214 1 1 0
0.00532496 0.106285 0.106285 1 1 0
0.00535427 0.106357 0.106357 1 1 0
0.00538357 0.106428 0.106428 1 1 0
0.00541287 0.106499 0.106499 1 1 0
0.00544216 0.106571 0.106571 1 1 0
0.00547144 0.106642 0.106642 1 1 0
0.00550071 0.106714 0.106714 1 1 0
0.00552997 0.106786 0.106786 1 1 0
0.00555923 0.106858 0.106858 1 1 0
0.00558848 0.10693 0.10693 1 1 0
0.00561773 0.107002 0.107002 1 1 0
0.00564697 0.107074 0.107074 1 1 0
0.0056762 0.107146 0.107146 1 1 0
0.00570542 0.107218 0.107218 1 1 0
0.00573464 0.107291 0.107291 1 1 0
0.00576385 0.107363 0.107363 1 1 0
0.00579306 0.107436 0.107436 1 1 0
0.00582226 0.107508 0.107508 1 1 0
0.00585146 0.107581 0.107581 1 1 0
0.00588065 0.107654 0.107654 1 1 0
0.00590984 0.107727 0.107727 1 1 0
0.00593902 0.1078 0.1078 1 1 0
0.00596819 0.107873 0.107873 1 1 0
0.00599736 0.107946 0.107946 1 1 0
0.00602653 0.108019 0.108019 1 1 0
0.00605569 0.108093 0.108093 1 1 0
0.00608485 0.108166 0.108166 1 1 0
0.00611401 0.10824 0.10824 1 1 0
0.00614316 0.108313 0.108313 1 1 0
0.0061723 0.108387 0.108387 1 1 0
0.00620145 0.108461 0.108461 1 1 0
0.00623059 0.108535 0.108535 1 1 0
0.00625972 0.108609 0.108609 1 1 0
0.00628886 0.108683 0.108683 1 1 0
0.00631799 0.108757 0.108757 1 1 0
0.00634712 0.108832 0.108832 1 1 0
0.00637624 0.108906 0.108906 1 1 0
0.00640537 0.10898 0.10898 1 1 0
0.00643449 0.109055 0.109055 1 1 0
0.00646361 0.10913 0.10913 1 1 0
0.00649273 0.109204 0.109204 1 1 0
0.00652184 0.109279 0.109279 1 1 0
0.00655096 0.109354 0.109354 1 1 0
0.00658007 0.109429 0.109429 1 1 0
0.00660918 0.109504 0.109504 1 1 0
0.00663829 0.10958 0.10958 1 1 0
0.0066674 0.109655 0.109655 1 1 0
0.00669651 0.10973 0.10973 1 1 0
0.00672562 0.109806 0.109806 1 1 0
0.00675473 0.109881 0.109881 1 1 0
0.00678384 0.109957 0.109957 1 1 0
0.00681294 0.110033 0.110033 1 1 0
0.00684205 0.110109 0.110109 1 1 0
0.00687116 0.110185 0.110185 1 1 0
0.00690027 0.110261 0.110261 1 1 0
0.00692937 0.110337 0.110337 1 1 0
0.00695848 0.110413 0.110413 1 1 0
0.00698759 0.11049 0.11049 1 1 0
0.0070167 0.110566 0.110566 1 1 0
0.00704582 0.110643 0.110643 1 1 0
0.00707493 0.110719 0.110719 1 1 0
0.00710404 0.110796 0.110796 1 1 0
0.00713316 0.110873 0.110873 1 1 0
0.00716228 0.11095 0.11095 1 1 0
0.0071914 0.111027 0.111027 1 1 0
0.00722052 0.111104 0.111104 1 1 0
0.00724964 0.111181 0.111181 1 1 0
0.00727877 0.111258 0.111258 1 1 0
0.0073079 0.111336 0.111336 1 1 0
0.00733703 0.111413 0.111413 1 1 0
0.00736617 0.111491 0.111491 1 1 0
0.0073953 0.111569 0.111569 1 1 0
0.00742444 0.111647 0.111647 1 1 0
0.00745359 0.111724 0.111724 1 1 0
0.00748273 0.111802 0.111802 1 1 0
0.00751188 0.11188 0.11188 1 1 0
0.00754104 0.111959 0.111959 1 1 0
0.0075702 0.112037 0.112037 1 1 0
0.00759936 0.112115 0.112115 1 1 0
0.00762852 0.112194 0.112194 1 1 0
0.00765769 0.112272 0.112272 1 1 0
0.00768687 0.112351 0.112351 1 1 0
0.00771605 0.11243 0.11243 1 1 0
0.00774523 0.112509 0.112509 1 1 0
0.00777442 0.112588 0.112588 1 1 0
0.00780362 0.112667 0.112667 1 1 0
0.00783282 0.112746 0.112746 1 1 0
0.00786202 0.112825 0.112825 1 1 0
0.00789123 0.112905 0.112905 1 1 0
0.00792045 0.112984 0.112984 1 1 0
0.00794967 0.113064 0.113064 1 1 0
0.0079789 0.113143 0.113143 1 1 0
0.00800813 0.113223 0.113223 1 1 0
0.00803737 0.113303 0.113303 1 1 0
0.00806662 0.113383 0.113383 1 1 0
0.00809587 0.113463 0.113463 1 1 0
0.00812513 0.113543 0.113543 1 1 0
0.0081544 0.113623 0.113623 1 1 0
0.00818367 0.113704 0.113704 1 1 0
0.00821295 0.113784 0.113784 1 1 0
0.00824224 0.113865 0.113865 1 1 0
0.00827154 0.113945 0.113945 1 1 0
0.00830084 0.114026 0.114026 1 1 0
0.00833015 0.114107 0.114107 1 1 0
0.00835947 0.114188 0.114188 1 1 0
0.0083888 0.114269 0.114269 1 1 0
0.00841813 0.11435 0.11435 1 1 0
0.00844748 0.114432 0.114432 1 1 0
0.00847683 0.114513 0.114513 1 1 0
0.00850619 0.114594 0.114594 1 1 0
0.00853556 0.114676 0.114676 1 1 0
0.00856494 0.114758 0.114758 1 1 0
0.00859433 0.114839 0.114839 1 1 0
0.00862372 0.114921 0.114921 1 1 0
0.00865313 0.115003 0.115003 1 1 0
0.00868255 0.115085 0.115085 1 1 0
0.00871197 0.115168 0.115168 1 1 0
0.00874141 0.11525 0.11525 1 1 0
0.00877085 0.115332 0.115332 1 1 0
0.00880031 0.115415 0.115415 1 1 0
0.00882977 0.115497 0.115497 1 1 0
0.00885925 0.11558 0.11558 1 1 0
0.00888874 0.115663 0.115663 1 1 0
0.00891824 0.115746 0.115746 1 1 0
0.00894774 0.115829 0.115829 1 1 0
0.00897726 0.115912 0.115912 1 1 0
0.0090068 0.115995 0.115995 1 1 0
0.00903634 0.116079 0.116079 1 1 0
0.00906589 0.116162 0.116162 1 1 0
0.00909546 0.116246 0.116246 1 1 0
0.00912503 0.116329 0.116329 1 1 0
0.00915462 0.116413 0.116413 1 1 0
0.00918423 0.116497 0.116497 1 1 0
0.00921384 0.116581 0.116581 1 1 0
0.00924347 0.116665 0.116665 1 1 0
0.0092731 0.116749 0.116749 1 1 0
0.00930276 0.116833 0.116833 1 1 0
0.00933242 0.116918 0.116918 1 1 0
0.0093621 0.117002 0.117002 1 1 0
0.00939179 0.117087 0.117087 1 1 0
0.00942149 0.117172 0.117172 1 1 0
0.00945121 0.117256 0.117256 1 1 0
0.00948094 0.117341 0.117341 1 1 0
0.00951068 0.117426 0.117426 1 1 0
0.00954044 0.117511 0.117511 1 1 0
0.00957022 0.117597 0.117597 1 1 0
0.0096 0.117682 0.117682 1 1 0
0.0096298 0.117767 0.117767 1 1 0
0.00965962 0.117853 0.117853 1 1 0
0.00968945 0.117939 0.117939 1 1 0
0.0097193 0.118024 0.118024 1 1 0
0.00974916 0.11811 0.11811 1 1 0
0.00977903 0.118196 0.118196 1 1 0
0.00980892 0.118282 0.118282 1 1 0
0.00983883 0.118369 0.118369 1 1 0
0.00986875 0.118455 0.118455 1 1 0
0.00989869 0.118541 0.118541 1 1 0
0.00992864 0.118628 0.118628 1 1 0
0.00995861 0.118715 0.118715 1 1 0
0.0099886 0.118801 0.118801 1 1 0
0.0100186 0.118888 0.118888 1 1 0
0.0100486 0.118975 0.118975 1 1 0
0.0100787 0.119062 0.119062 1 1 0
0.0101087 0.119149 0.119149 1 1 0
0.0101388 0.119237 0.119237 1 1 0
0.0101689 0.119324 0.119324 1 1 0
0.010199 0.119412 0.119412 1 1 0
0.0102291 0.119499 0.119499 1 1 0
0.0102592 0.119587 0.119587 1 1 0
0.0102894 0.119675 0.119675 1 1 0
0.0103196 0.119763 0.119763 1 1 0
0.0103498 0.119851 0.119851 1 1 0
0.01038 0.119939 0.119939 1 1 0
0.0104102 0.120027 0.120027 1 1 0
0.0104404 0.120116 0.120116 1 1 0
0.0104707 0.120204 0.120204 1 1 0
0.010501 0.120293 0.120293 1 1 0
0.0105313 0.120381 0.120381 1 1 0
0.0105616 0.12047 0.12047 1 1 0
0.010592 0.120559 0.120559 1 1 0
0.0106223 0.120648 0.120648 1 1 0
0.0106527 0.120737 0.120737 1 1 0
0.0106831 0.120827 0.120827 1 1 0
0.0107135 0.120916 0.120916 1 1 0
0.010744 0.121006 0.121006 1 1 0
0.0107744 0.121095 0.121095 1 1 0
0.0108049 0.121185 0.121185 1 1 0
0.0108354 0.121275 0.121275 1 1 0
0.010866 0.121365 0.121365 1 1 0
0.0108965 0.121455 0.121455 1 1 0
0.0109271 0.121545 0.121545 1 1 0
0.0109577 0.121635 0.121635 1 1 0
0.0109883 0.121726 0.121726 1 1 0
0.0110189 0.121816 0.121816 1 1 0
0.0110496 0.121907 0.121907 1 1 0
0.0110802 0.121998 0.121998 1 1 0
0.0111109 0.122089 0.122089 1 1 0
0.0111416 0.12218 0.12218 1 1 0
0.0111724 0.122271 0.122271 1 1 0
0.0112032 0.122362 0.122362 1 1 0
0.0112339 0.122453 0.122453 1 1 0
0.0112648 0.122545 0.122545 1 1 0
0.0112956 0.122636 0.122636 1 1 0
0.0113264 0.122728 0.122728 1 1 0
0.0113573 0.12282 0.12282 1 1 0
0.0113882 0.122912 0.122912 1 1 0
0.0114192 0.123004 0.123004 1 1 0
0.0114501 0.123096 0.123096 1 1 0
0.0114811 0.123188 0.123188 1 1 0
0.0115121 0.12328 0.12328 1 1 0
0.0115431 0.123373 0.123373 1 1 0
0.0115741 0.123466 0.123466 1 1 0
0.0116052 0.123558 0.123558 1 1 0
0.0116363 0.123651 0.123651 1 1 0
0.0116674 0.123744 0.123744 1 1 0
0.0116986 0.123837 0.123837 1 1 0
0.0117298 0.12393 0.12393 1 1 0
0.011761 0.124024 0.124024 1 1 0
0.0117922 0.124117 0.124117 1 1 0
0.0118234 0.124211 0.124211 1 1 0
0.0118547 0.124304 0.124304 1 1 0
0.011886 0.124398 0.124398 1 1 0
0.0119173 0.124492 0.124492 1 1 0
0.0119487 0.124586 0.124586 1 1 0
0.0119801 0.12468 0.12468 1 1 0
0.0120115 0.124774 0.124774 1 1 0
0.0120429 0.124869 0.124869 1 1 0
0.0120744 0.124963 0.124963 1 1 0
0.0121059 0.125058 0.125058 1 1 0
0.0121374 0.125153 0.125153 1 1 0
0.012169 0.125247 0.125247 1 1 0
0.0122005 0.125342 0.125342 1 1 0
0.0122321 0.125437 0.125437 1 1 0
0.0122638 0.125533 0.125533 1 1 0
0.0122954 0.125628 0.125628 1 1 0
0.0123271 0.125723 0.125723 1 1 0
0.0123588 0.125819 0.125819 1 1 0
0.0123906 0.125915 0.125915 1 1 0
0.0124224 0.12601 0.12601 1 1 0
0.0124542 0.126106 0.126106 1 1 0
0.012486 0.126202 0.126202 1 1 0
0.0125179 0.126299 0.126299 1 1 0
0.0125498 0.126395 0.126395 1 1 0
0.0125817 0.126491 0.126491 1 1 0
0.0126136 0.126588 0.126588 1 1 0
0.0126456 0.126684 0.126684 1 1 0
0.0126776 0.126781 0.126781 1 1 0
0.0127097 0.126878 0.126878 1 1 0
0.0127418 0.126975 0.126975 1 1 0
0.0127739 0.127072 0.127072 1 1 0
0.012806 0.12717 0.12717 1 1 0
0.0128382 0.127267 0.127267 1 1 0
0.0128704 0.127364 0.127364 1 1 0
0.0129026 0.127462 0.127462 1 1 0
0.0129349 0.12756 0.12756 1 1 0
0.0129672 0.127658 0.127658 1 1 0
0.0129995 0.127756 0.127756 1 1 0
0.0130319 0.127854 0.127854 1 1 0
0.0130643 0.127952 0.127952 1 1 0
0.0130967 0.128051 0.128051 1 1 0
0.0131292 0.128149 0.128149 1 1 0
0.0131617 0.128248 0.128248 1 1 0
0.0131942 0.128346 0.128346 1 1 0
0.0132268 0.128445 0.128445 1 1 0
0.0132594 0.128544 0.128544 1 1 0
0.013292 0.128643 0.128643 1 1 0
0.0133247 0.128743 0.128743 1 1 0
0.0133574 0.128842 0.128842 1 1 0
0.0133901 0.128941 0.128941 1 1 0
0.0134229 0.129041 0.129041 1 1 0
0.0134557 0.129141 0.129141 1 1 0
0.0134885 0.129241 0.129241 1 1 0
0.0135214 0.129341 0.129341 1 1 0
0.0135543 0.129441 0.129441 1 1 0
0.0135872 0.129541 0.129541 1 1 0
0.0136202 0.129641 0.129641 1 1 0
0.0136532 0.129742 0.129742 1 1 0
0.0136863 0.129843 0.129843 1 1 0
0.0137194 0.129943 0.129943 1 1 0
0.0137525 0.130044 0.130044 1 1 0
0.0137857 0.130145 0.130145 1 1 0
0.0138189 0.130246 0.130246 1 1 0
0.0138521 0.130348 0.130348 1 1 0
0.0138854 0.130449 0.130449 1 1 0
0.0139187 0.130551 0.130551 1 1 0
0.0139521 0.130652 0.130652 1 1 0
0.0139855 0.130754 0.130754 1 1 0
0.0140189 0.130856 0.130856 1 1 0
0.0140524 0.130958 0.130958 1 1 0
0.0140859 0.13106 0.13106 1 1 0
0.0141194 0.131162 0.131162 1 1 0
0.014153 0.131265 0.131265 1 1 0
0.0141866 0.131367 0.131367 1 1 0
0.0142203 0.13147 0.13147 1 1 0
0.014254 0.131573 0.131573 1 1 0
0.0142877 0.131676 0.131676 1 1 0
0.0143215 0.131779 0.131779 1 1 0
0.0143554 0.131882 0.131882 1 1 0
0.0143892 0.131986 0.131986 1 1 0
0.0144231 0.132089 0.132089 1 1 0
0.0144571 0.132193 0.132193 1 1 0
0.0144911 0.132296 0.132296 1 1 0
0.0145251 0.1324 0.1324 1 1 0
0.0145592 0.132504 0.132504 1 1 0
0.0145933 0.132608 0.132608 1 1 0
0.0146274 0.132713 0.132713 1 1 0
0.0146616 0.132817 0.132817 1 1 0
0.0146959 0.132921 0.132921 1 1 0
0.0147301 0.133026 0.133026 1 1 0
0.0147645 0.133131 0.133131 1 1 0
0.0147988 0.133236 0.133236 1 1 0
0.0148332 0.133341 0.133341 1 1 0
0.0148677 0.133446 0.133446 1 1 0
0.0149022 0.133551 0.133551 1 1 0
0.0149367 0.133657 0.133657 1 1 0
0.0149713 0.133762 0.133762 1 1 0
0.0150059 0.133868 0.133868 1 1 0
0.0150406 0.133974 0.133974 1 1 0
0.0150753 0.13408 0.13408 1 1 0
0.0151101 0.134186 0.134186 1 1 0
0.0151449 0.134292 0.134292 1 1 0
0.0151798 0.134399 0.134399 1 1 0
0.0152147 0.134505 0.134505 1 1 0
0.0152496 0.134612 0.134612 1 1 0
0.0152846 0.134718 0.134718 1 1 0
0.0153196 0.134825 0.134825 1 1 0
0.0153547 0.134932 0.134932 1 1 0
0.0153899 0.13504 0.13504 1 1 0
0.015425 0.135147 0.135147 1 1 0
0.0154603 0.135254 0.135254 1 1 0
0.0154955 0.135362 0.135362 1 1 0
0.0155309 0.13547 0.13547 1 1 0
0.0155662 0.135578 0.135578 1 1 0
0.0156016 0.135686 0.135686 1 1 0
0.0156371 0.135794 0.135794 1 1 0
0.0156726 0.135902 0.135902 1 1 0
0.0157082 0.13601 0.13601 1 1 0
0.0157438 0.136119 0.136119 1 1 0
0.0157794 0.136228 0.136228 1 1 0
0.0158151 0.136337 0.136337 1 1 0
0.0158509 0.136445 0.136445 1 1 0
0.0158867 0.136555 0.136555 1 1 0
0.0159226 0.136664 0.136664 1 1 0
0.0159585 0.136773 0.136773 1 1 0
0.0159944 0.136883 0.136883 1 1 0
0.0160304 0.136992 0.136992 1 1 0
0.0160665 0.137102 0.137102 1 1 0
0.0161026 0.137212 0.137212 1 1 0
0.0161388 0.137322 0.137322 1 1 0
0.016175 0.137432 0.137432 1 1 0
0.0162113 0.137543 0.137543 1 1 0
0.0162476 0.137653 0.137653 1 1 0
0.0162839 0.137764 0.137764 1 1 0
0.0163204 0.137875 0.137875 1 1 0
0.0163568 0.137985 0.137985 1 1 0
0.0163934 0.138096 0.138096 1 1 0
0.01643 0.138208 0.138208 1 1 0
0.0164666 0.138319 0.138319 1 1 0
0.0165033 0.13843 0.13843 1 1 0
0.01654 0.138542 0.138542 1 1 0
0.0165768 0.138654 0.138654 1 1 0
0.0166137 0.138766 0.138766 1 1 0
0.0166506 0.138878 0.138878 1 1 0
0.0166875 0.13899 0.13899 1 1 0
0.0167246 0.139102 0.139102 1 1 0
0.0167616 0.139215 0.139215 1 1 0
0.0167988 0.139327 0.139327 1 1 0
0.0168359 0.13944 0.13944 1 1 0
0.0168732 0.139553 0.139553 1 1 0
0.0169105 0.139666 0.139666 1 1 0
0.0169478 0.139779 0.139779 1 1 0
0.0169852 0.139892 0.139892 1 1 0
0.0170227 0.140006 0.140006 1 1 0
0.0170602 0.140119 0.140119 1 1 0
0.0170978 0.140233 0.140233 1 1 0
0.0171355 0.140347 0.140347 1 1 0
0.0171732 0.140461 0.140461 1 1 0
0.0172109 0.140575 0.140575 1 1 0
0.0172487 0.14069 0.14069 1 1 0
0.0172866 0.140804 0.140804 1 1 0
0.0173245 0.140919 0.140919 1 1 0
0.0173625 0.141033 0.141033 1 1 0
0.0174006 0.141148 0.141148 1 1 0
0.0174387 0.141263 0.141263 1 1 0
0.0174769 0.141378 0.141378 1 1 0
0.0175151 0.141494 0.141494 1 1 0
0.0175534 0.141609 0.141609 1 1 0
0.0175918 0.141725 0.141725 1 1 0
0.0176302 0.141841 0.141841 1 1 0
0.0176687 0.141957 0.141957 1 1 0
0.0177072 0.142073 0.142073 1 1 0
0.0177458 0.142189 0.142189 1 1 0
0.0177845 0.142305 0.142305 1 1 0
0.0178232 0.142422 0.142422 1 1 0
0.017862 0.142538 0.142538 1 1 0
0.0179008 0.142655 0.142655 1 1 0
0.0179398 0.142772 0.142772 1 1 0
0.0179787 0.142889 0.142889 1 1 0
0.0180178 0.143006 0.143006 1 1 0
0.0180569 0.143124 0.143124 1 1 0
0.0180961 0.143241 0.143241 1 1 0
0.0181353 0.143359 0.143359 1 1 0
0.0181746 0.143477 0.143477 1 1 0
0.018214 0.143595 0.143595 1 1 0
0.0182534 0.143713 0.143713 1 1 0
0.0182929 0.143831 0.143831 1 1 0
0.0183325 0.14395 0.14395 1 1 0
0.0183721 0.144068 0.144068 1 1 0
0.0184118 0.144187 0.144187 1 1 0
0.0184516 0.144306 0.144306 1 1 0
0.0184914 0.144425 0.144425 1 1 0
0.0185313 0.144544 0.144544 1 1 0
0.0185713 0.144663 0.144663 1 1 0
0.0186113 0.144783 0.144783 1 1 0
0.0186514 0.144903 0.144903 1 1 0
0.0186916 0.145022 0.145022 1 1 0
0.0187319 0.145142 0.145142 1 1 0
0.0187722 0.145262 0.145262 1 1 0
0.0188126 0.145383 0.145383 1 1 0
0.018853 0.145503 0.145503 1 1 0
0.0188935 0.145623 0.145623 1 1 0
0.0189341 0.145744 0.145744 1 1 0
0.0189748 0.145865 0.145865 1 1 0
0.0190155 0.145986 0.145986 1 1 0
0.0190563 0.146107 0.146107 1 1 0
0.0190972 0.146228 0.146228 1 1 0
0.0191382 0.14635 0.14635 1 1 0
0.0191792 0.146472 0.146472 1 1 0
0.0192203 0.146593 0.146593 1 1 0
0.0192615 0.146715 0.146715 1 1 0
0.0193027 0.146837 0.146837 1 1 0
0.019344 0.146959 0.146959 1 1 0
0.0193854 0.147082 0.147082 1 1 0
0.0194022 0.147131 0.147131 1 1 0
0.0194437 0.147254 0.147254 2 1 0
0.0194852 0.147377 0.147377 2 1 0
0.0195269 0.1475 0.1475 2 1 0
0.0195686 0.147623 0.147623 2 1 0
0.0196104 0.147746 0.147746 2 1 0
0.0196523 0.147869 0.147869 2 1 0
0.0196942 0.147993 0.147993 2 1 0
0.0197362 0.148117 0.148117 2 1 0
0.0197783 0.14824 0.14824 2 1 0
0.0198205 0.148364 0.148364 2 1 0
0.0198627 0.148489 0.148489 2 1 0
0.0199051 0.148613 0.148613 2 1 0
0.0199475 0.148737 0.148737 2 1 0
0.01999 0.148862 0.148862 2 1 0
0.0200325 0.148987 0.148987 2 1 0
0.0200752 0.149112 0.149112 2 1 0
0.0201179 0.149237 0.149237 2 1 0
0.0201607 0.149362 0.149362 2 1 0
0.0202036 0.149487 0.149487 2 1 0
0.0202465 0.149613 0.149613 2 1 0
0.0202896 0.149739 0.149739 2 1 0
0.0203327 0.149865 0.149865 2 1 0
0.0203759 0.149991 0.149991 2 1 0
0.0204192 0.150117 0.150117 2 1 0
0.0204626 0.150243 0.150243 2 1 0
0.020506 0.15037 0.15037 2 1 0
0.0205495 0.150496 0.150496 2 1 0
0.0205931 0.150623 0.150623 2 1 0
0.0206368 0.15075 0.15075 2 1 0
0.0206806 0.150877 0.150877 2 1 0
0.0207245 0.151005 0.151005 2 1 0
0.0207684 0.151132 0.151132 2 1 0
0.0208125 0.15126 0.15126 2 1 0
0.0208566 0.151388 0.151388 2 1 0
0.0209008 0.151516 0.151516 2 1 0
0.0209451 0.151644 0.151644 2 1 0
0.0209894 0.151772 0.151772 2 1 0
0.0210339 0.1519 0.1519 2 1 0
0.0210784 0.152029 0.152029 2 1 0
0.0211231 0.152158 0.152158 2 1 0
0.0211678 0.152287 0.152287 2 1 0
0.0212126 0.152416 0.152416 2 1 0
0.0212575 0.152545 0.152545 2 1 0
0.0213025 0.152675 0.152675 2 1 0
0.0213476 0.152804 0.152804 2 1 0
0.0213927 0.152934 0.152934 2 1 0
0.021438 0.153064 0.153064 2 1 0
0.0214833 0.153194 0.153194 2 1 0
0.0215287 0.153324 0.153324 2 1 0
0.0215743 0.153454 0.153454 2 1 0
0.0216199 0.153585 0.153585 2 1 0
0.0216656 0.153716 0.153716 2 1 0
0.0217114 0.153847 0.153847 2 1 0
0.0217572 0.153978 0.153978 2 1 0
0.0218032 0.154109 0.154109 2 1 0
0.0218493 0.15424 0.15424 2 1 0
0.0218955 0.154372 0.154372 2 1 0
0.0219417 0.154504 0.154504 2 1 0
0.0219881 0.154635 0.154635 2 1 0
0.0220345 0.154768 0.154768 2 1 0
0.022081 0.1549 0.1549 2 1 0
0.0221277 0.155032 0.155032 2 1 0
0.0221744 0.155165 0.155165 2 1 0
0.0222212 0.155297 0.155297 2 1 0
0.0222681 0.15543 0.15543 2 1 0
0.0223152 0.155563 0.155563 2 1 0
0.0223623 0.155697 0.155697 2 1 0
0.0224095 0.15583 0.15583 2 1 0
0.0224568 0.155964 0.155964 2 1 0
0.0225042 0.156097 0.156097 2 1 0
0.0225517 0.156231 0.156231 2 1 0
0.0225993 0.156365 0.156365 2 1 0
0.022647 0.156499 0.156499 2 1 0
0.0226948 0.156634 0.156634 2 1 0
0.0227427 0.156768 0.156768 2 1 0
0.0227907 0.156903 0.156903 2 1 0
0.0228388 0.157038 0.157038 2 1 0
0.022887 0.157173 0.157173 2 1 0
0.0229353 0.157308 0.157308 2 1 0
0.0229837 0.157444 0.157444 2 1 0
0.0230322 0.157579 0.157579 2 1 0
0.0230808 0.157715 0.157715 2 1 0
0.0231295 0.157851 0.157851 2 1 0
0.0231783 0.157987 0.157987 2 1 0
0.0232273 0.158123 0.158123 2 1 0
0.0232763 0.15826 0.15826 2 1 0
0.0233254 0.158396 0.158396 2 1 0
0.0233746 0.158533 0.158533 2 1 0
0.023424 0.15867 0.15867 2 1 0
0.0234734 0.158807 0.158807 2 1 0
0.023523 0.158945 0.158945 2 1 0
0.0235726 0.159082 0.159082 2 1 0
0.0236224 0.15922 0.15922 2 1 0
0.0236723 0.159358 0.159358 2 1 0
0.0237222 0.159496 0.159496 2 1 0
0.0237723 0.159634 0.159634 2 1 0
0.0238225 0.159772 0.159772 2 1 0
0.0238728 0.159911 0.159911 2 1 0
0.0239232 0.160049 0.160049 2 1 0
0.0239738 0.160188 0.160188 2 1 0
0.0240244 0.160327 0.160327 2 1 0
0.0240752 0.160466 0.160466 2 1 0
0.024126 0.160606 0.160606 2 1 0
0.024177 0.160745 0.160745 2 1 0
0.0242281 0.160885 0.160885 2 1 0
0.0242793 0.161025 0.161025 2 1 0
0.0243306 0.161165 0.161165 2 1 0
0.024382 0.161305 0.161305 2 1 0
0.0244335 0.161446 0.161446 2 1 0
0.0244852 0.161586 0.161586 2 1 0
0.0245369 0.161727 0.161727 2 1 0
0.0245888 0.161868 0.161868 2 1 0
0.0246408 0.162009 0.162009 2 1 0
0.0246929 0.16215 0.16215 2 1 0
0.0247451 0.162292 0.162292 2 1 0
0.0247975 0.162434 0.162434 2 1 0
0.02485 0.162576 0.162576 2 1 0
0.0249025 0.162718 0.162718 2 1 0
0.0249552 0.16286 0.16286 2 1 0
0.0250081 0.163002 0.163002 2 1 0
0.025061 0.163145 0.163145 2 1 0
0.0251141 0.163287 0.163287 2 1 0
0.0251672 0.16343 0.16343 2 1 0
0.0252205 0.163573 0.163573 2 1 0
0.0252739 0.163717 0.163717 2 1 0
0.0253275 0.16386 0.16386 2 1 0
0.0253812 0.164004 0.164004 2 1 0
0.0254349 0.164148 0.164148 2 1 0
0.0254889 0.164292 0.164292 2 1 0
0.0255429 0.164436 0.164436 2 1 0
0.025597 0.16458 0.16458 2 1 0
0.0256513 0.164725 0.164725 2 1 0
0.0257057 0.164869 0.164869 2 1 0
0.0257603 0.165014 0.165014 2 1 0
0.0258149 0.165159 0.165159 2 1 0
0.0258697 0.165305 0.165305 2 1 0
0.0259246 0.16545 0.16545 2 1 0
0.0259797 0.165596 0.165596 2 1 0
0.0260348 0.165742 0.165742 2 1 0
0.0260901 0.165888 0.165888 2 1 0
0.0261456 0.166034 0.166034 2 1 0
0.0262011 0.16618 0.16618 2 1 0
0.0262568 0.166327 0.166327 2 1 0
0.0263126 0.166473 0.166473 2 1 0
0.0263686 0.16662 0.16662 2 1 0
0.0264247 0.166767 0.166767 2 1 0
0.0264809 0.166915 0.166915 2 1 0
0.0265372 0.167062 0.167062 2 1 0
0.0265937 0.16721 0.16721 2 1 0
0.0266503 0.167358 0.167358 2 1 0
0.0267071 0.167506 0.167506 2 1 0
0.0267639 0.167654 0.167654 2 1 0
0.026821 0.167802 0.167802 2 1 0
0.0268781 0.167951 0.167951 2 1 0
0.0269354 0.168099 0.168099 2 1 0
0.0269928 0.168248 0.168248 2 1 0
0.0270504 0.168398 0.168398 2 1 0
0.0271081 0.168547 0.168547 2 1 0
0.0271659 0.168696 0.168696 2 1 0
0.0272239 0.168846 0.168846 2 1 0
0.027282 0.168996 0.168996 2 1 0
0.0273403 0.169146 0.169146 2 1 0
0.0273987 0.169296 0.169296 2 1 0
0.0274572 0.169447 0.169447 2 1 0
0.0275159 0.169597 0.169597 2 1 0
0.0275747 0.169748 0.169748 2 1 0
0.0276337 0.169899 0.169899 2 1 0
0.0276928 0.17005 0.17005 2 1 0
0.0277521 0.170202 0.170202 2 1 0
0.0278115 0.170353 0.170353 2 1 0
0.027871 0.170505 0.170505 2 1 0
0.0279307 0.170657 0.170657 2 1 0
0.0279905 0.170809 0.170809 2 1 0
0.0280505 0.170961 0.170961 2 1 0
0.0281107 0.171114 0.171114 2 1 0
0.0281709 0.171266 0.171266 2 1 0
0.0282314 0.171419 0.171419 2 1 0
0.0282919 0.171572 0.171572 2 1 0
0.0283527 0.171726 0.171726 2 1 0
0.0284136 0.171879 0.171879 2 1 0
0.0284746 0.172033 0.172033 2 1 0
0.0285358 0.172187 0.172187 2 1 0
0.0285971 0.172341 0.172341 2 1 0
0.0286586 0.172495 0.172495 2 1 0
0.0287202 0.172649 0.172649 2 1 0
0.028782 0.172804 0.172804 2 1 0
0.028844 0.172959 0.172959 2 1 0
0.0289061 0.173114 0.173114 2 1 0
0.0289683 0.173269 0.173269 2 1 0
0.0290307 0.173424 0.173424 2 1 0
0.0290933 0.17358 0.17358 2 1 0
0.029156 0.173736 0.173736 2 1 0
0.0292189 0.173892 0.173892 2 1 0
0.029282 0.174048 0.174048 2 1 0
0.0293452 0.174204 0.174204 2 1 0
0.0294085 0.174361 0.174361 2 1 0
0.0294721 0.174517 0.174517 2 1 0
0.0295358 0.174674 0.174674 2 1 0
0.0295996 0.174831 0.174831 2 1 0
0.0296636 0.174989 0.174989 2 1 0
0.0297278 0.175146 0.175146 2 1 0
0.0297921 0.175304 0.175304 2 1 0
0.0298566 0.175462 0.175462 2 1 0
0.0299213 0.17562 0.17562 2 1 0
0.0299861 0.175778 0.175778 2 1 0
0.0300511 0.175937 0.175937 2 1 0
0.0301163 0.176096 0.176096 2 1 0
0.0301816 0.176254 0.176254 2 1 0
0.0302472 0.176414 0.176414 2 1 0
0.0303128 0.176573 0.176573 2 1 0
0.0303787 0.176732 0.176732 2 1 0
0.0304447 0.176892 0.176892 2 1 0
0.0305109 0.177052 0.177052 2 1 0
0.0305772 0.177212 0.177212 2 1 0
0.0306438 0.177372 0.177372 2 1 0
0.0307105 0.177533 0.177533 2 1 0
0.0307773 0.177693 0.177693 2 1 0
0.0308444 0.177854 0.177854 2 1 0
0.0309116 0.178015 0.178015 2 1 0
0.030979 0.178177 0.178177 2 1 0
0.0310466 0.178338 0.178338 2 1 0
0.0311144 0.1785 0.1785 2 1 0
0.0311823 0.178662 0.178662 2 1 0
0.0312504 0.178824 0.178824 2 1 0
0.0313187 0.178986 0.178986 2 1 0
0.0313872 0.179148 0.179148 2 1 0
0.0314558 0.179311 0.179311 2 1 0
0.0315247 0.179474 0.179474 2 1 0
0.0315937 0.179637 0.179637 2 1 0
0.0316629 0.1798 0.1798 2 1 0
0.0317323 0.179964 0.179964 2 1 0
0.0318019 0.180127 0.180127 2 1 0
0.0318716 0.180291 0.180291 2 1 0
0.0319416 0.180455 0.180455 2 1 0
0.0320117 0.18062 0.18062 2 1 0
0.032082 0.180784 0.180784 2 1 0
0.0321525 0.180949 0.180949 2 1 0
0.0322232 0.181114 0.181114 2 1 0
0.0322941 0.181279 0.181279 2 1 0
0.0323652 0.181444 0.181444 2 1 0
0.0324364 0.18161 0.18161 2 1 0
0.0325079 0.181775 0.181775 2 1 0
0.0325795 0.181941 0.181941 2 1 0
0.0326514 0.182107 0.182107 2 1 0
0.0327234 0.182274 0.182274 2 1 0
0.0327957 0.18244 0.18244 2 1 0
0.0328681 0.182607 0.182607 2 1 0
0.0329407 0.182774 0.182774 2 1 0
0.0330135 0.182941 0.182941 2 1 0
0.0330866 0.183109 0.183109 2 1 0
0.0331598 0.183276 0.183276 2 1 0
0.0332332 0.183444 0.183444 2 1 0
0.0333068 0.183612 0.183612 2 1 0
0.0333806 0.18378 0.18378 2 1 0
0.0334547 0.183948 0.183948 2 1 0
0.0335289 0.184117 0.184117 2 1 0
0.0336033 0.184286 0.184286 2 1 0
0.033678 0.184455 0.184455 2 1 0
0.0337528 0.184624 0.184624 2 1 0
0.0338279 0.184793 0.184793 2 1 0
0.0339031 0.184963 0.184963 2 1 0
0.0339786 0.185133 0.185133 2 1 0
0.0340542 0.185303 0.185303 2 1 0
0.0341301 0.185473 0.185473 2 1 0
0.0342062 0.185644 0.185644 2 1 0
0.0342825 0.185814 0.185814 2 1 0
0.034359 0.185985 0.185985 2 1 0
0.0344358 0.186156 0.186156 2 1 0
0.0345127 0.186328 0.186328 2 1 0
0.0345899 0.186499 0.186499 2 1 0
0.0346673 0.186671 0.186671 2 1 0
0.0347448 0.186843 0.186843 2 1 0
0.0348227 0.187015 0.187015 2 1 0
0.0349007 0.187187 0.187187 2 1 0
0.0349789 0.18736 0.18736 2 1 0
0.0350574 0.187533 0.187533 2 1 0
0.0351361 0.187706 0.187706 2 1 0
0.035215 0.187879 0.187879 2 1 0
0.0352941 0.188052 0.188052 2 1 0
0.0353735 0.188226 0.188226 2 1 0
0.0354531 0.1884 0.1884 2 1 0
0.0355329 0.188574 0.188574 2 1 0
0.0356129 0.188748 0.188748 2 1 0
0.0356932 0.188923 0.188923 2 1 0
0.0357737 0.189097 0.189097 2 1 0
0.0358544 0.189272 0.189272 2 1 0
0.0359353 0.189447 0.189447 2 1 0
0.0360165 0.189623 0.189623 2 1 0
0.0360979 0.189798 0.189798 2 1 0
0.0361796 0.189974 0.189974 2 1 0
0.0362614 0.19015 0.19015 2 1 0
0.0363435 0.190326 0.190326 2 1 0
0.0364259 0.190503 0.190503 2 1 0
0.0365085 0.190679 0.190679 2 1 0
0.0365913 0.190856 0.190856 2 1 0
0.0366744 0.191033 0.191033 2 1 0
0.0367577 0.191211 0.191211 2 1 0
0.0368412 0.191388 0.191388 2 1 0
0.036925 0.191566 0.191566 2 1 0
0.037009 0.191744 0.191744 2 1 0
0.0370933 0.191922 0.191922 2 1 0
0.0371778 0.1921 0.1921 2 1 0
0.0372626 0.192279 0.192279 2 1 0
0.0373476 0.192458 0.192458 2 1 0
0.0374329 0.192637 0.192637 2 1 0
0.0375184 0.192816 0.192816 2 1 0
0.0376041 0.192995 0.192995 2 1 0
0.0376901 0.193175 0.193175 2 1 0
0.0377764 0.193355 0.193355 2 1 0
0.0378629 0.193535 0.193535 2 1 0
0.0379497 0.193715 0.193715 2 1 0
0.0380367 0.193896 0.193896 2 1 0
0.038124 0.194077 0.194077 2 1 0
0.0382115 0.194258 0.194258 2 1 0
0.0382993 0.194439 0.194439 2 1 0
0.0383873 0.19462 0.19462 2 1 0
0.0384757 0.194802 0.194802 2 1 0
0.0385642 0.194984 0.194984 2 1 0
0.0386531 0.195166 0.195166 2 1 0
0.0387422 0.195348 0.195348 2 1 0
0.0388315 0.195531 0.195531 2 1 0
0.0389212 0.195714 0.195714 2 1 0
0.0390111 0.195897 0.195897 2 1 0
0.0391012 0.19608 0.19608 2 1 0
0.0391917 0.196263 0.196263 2 1 0
0.0392824 0.196447 0.196447 2 1 0
0.0393733 0.196631 0.196631 2 1 0
0.0394646 0.196815 0.196815 2 1 0
0.0395561 0.196999 0.196999 2 1 0
0.0396479 0.197184 0.197184 2 1 0
0.03974 0.197368 0.197368 2 1 0
0.0398323 0.197553 0.197553 2 1 0
0.039925 0.197739 0.197739 2 1 0
0.0400179 0.197924 0.197924 2 1 0
0.0401111 0.19811 0.19811 2 1 0
0.0402046 0.198296 0.198296 2 1 0
0.0402983 0.198482 0.198482 2 1 0
0.0403923 0.198668 0.198668 2 1 0
0.0404867 0.198855 0.198855 2 1 0
0.0405813 0.199041 0.199041 2 1 0
0.0406762 0.199228 0.199228 2 1 0
0.0407714 0.199416 0.199416 2 1 0
0.0408669 0.199603 0.199603 2 1 0
0.0409626 0.199791 0.199791 2 1 0
0.0410587 0.199979 0.199979 2 1 0
0.0411551 0.200167 0.200167 2 1 0
0.0412517 0.200355 0.200355 2 1 0
0.0413487 0.200544 0.200544 2 1 0
0.0414459 0.200733 0.200733 2 1 0
0.0415435 0.200922 0.200922 2 1 0
0.0416413 0.201111 0.201111 2 1 0
0.0417395 0.2013 0.2013 2 1 0
0.0418379 0.20149 0.20149 2 1 0
0.0419367 0.20168 0.20168 2 1 0
0.0420357 0.20187 0.20187 2 1 0
0.0421351 0.202061 0.202061 2 1 0
0.0422348 0.202251 0.202251 2 1 0
0.0423348 0.202442 0.202442 2 1 0
0.0424351 0.202633 0.202633 2 1 0
0.0425357 0.202825 0.202825 2 1 0
0.0426366 0.203016 0.203016 2 1 0
0.0427378 0.203208 0.203208 2 1 0
0.0428394 0.2034 0.2034 2 1 0
0.0429413 0.203592 0.203592 2 1 0
0.0430435 0.203785 0.203785 2 1 0
0.043146 0.203978 0.203978 2 1 0
0.0432488 0.204171 0.204171 2 1 0
0.043352 0.204364 0.204364 2 1 0
0.0434554 0.204557 0.204557 2 1 0
0.0435592 0.204751 0.204751 2 1 0
0.0436634 0.204945 0.204945 2 1 0
0.0437678 0.205139 0.205139 2 1 0
0.0438726 0.205333 0.205333 2 1 0
0.0439778 0.205528 0.205528 2 1 0
0.0440832 0.205723 0.205723 2 1 0
0.044189 0.205918 0.205918 2 1 0
0.0442951 0.206113 0.206113 2 1 0
0.0444016 0.206308 0.206308 2 1 0
0.0445084 0.206504 0.206504 2 1 0
0.0446156 0.2067 0.2067 2 1 0
0.044723 0.206896 0.206896 2 1 0
0.0448309 0.207093 0.207093 2 1 0
0.044939 0.20729 0.20729 2 1 0
0.0450476 0.207486 0.207486 2 1 0
0.0451564 0.207684 0.207684 2 1 0
0.0452657 0.207881 0.207881 2 1 0
0.0453752 0.208079 0.208079 2 1 0
0.0454851 0.208276 0.208276 2 1 0
0.0455954 0.208475 0.208475 2 1 0
0.045706 0.208673 0.208673 2 1 0
0.045817 0.208871 0.208871 2 1 0
0.0459284 0.20907 0.20907 2 1 0
0.0460401 0.209269 0.209269 2 1 0
0.0461522 0.209469 0.209469 2 1 0
0.0462646 0.209668 0.209668 2 1 0
0.0463774 0.209868 0.209868 2 1 0
0.0464906 0.210068 0.210068 2 1 0
0.0466041 0.210268 0.210268 2 1 0
0.046718 0.210469 0.210469 2 1 0
0.0468323 0.210669 0.210669 2 1 0
0.0469469 0.21087 0.21087 2 1 0
0.0470619 0.211071 0.211071 2 1 0
0.0471773 0.211273 0.211273 2 1 0
0.0472931 0.211474 0.211474 2 1 0
0.0474093 0.211676 0.211676 2 1 0
0.0475258 0.211878 0.211878 2 1 0
0.0476427 0.212081 0.212081 2 1 0
0.04776 0.212283 0.212283 2 1 0
0.0478777 0.212486 0.212486 2 1 0
0.0479958 0.212689 0.212689 2 1 0
0.0481143 0.212893 0.212893 2 1 0
0.0482331 0.213096 0.213096 2 1 0
0.0483524 0.2133 0.2133 2 1 0
0.0484721 0.213504 0.213504 2 1 0
0.0485921 0.213709 0.213709 2 1 0
0.0487126 0.213913 0.213913 2 1 0
0.0488334 0.214118 0.214118 2 1 0
0.0489547 0.214323 0.214323 2 1 0
0.0490763 0.214528 0.214528 2 1 0
0.0491984 0.214734 0.214734 2 1 0
0.0493209 0.214939 0.214939 2 1 0
0.0494437 0.215145 0.215145 2 1 0
0.049567 0.215352 0.215352 2 1 0
0.0496908 0.215558 0.215558 2 1 0
0.0498149 0.215765 0.215765 2 1 0
0.0499394 0.215972 0.215972 2 1 0
0.0500644 0.216179 0.216179 2 1 0
0.0501898 0.216387 0.216387 2 1 0
0.0503156 0.216594 0.216594 2 1 0
0.0504418 0.216802 0.216802 2 1 0
0.0505685 0.21701 0.21701 2 1 0
0.0506955 0.217219 0.217219 2 1 0
0.0508231 0.217427 0.217427 2 1 0
0.050951 0.217636 0.217636 2 1 0
0.0510794 0.217846 0.217846 2 1 0
0.0512082 0.218055 0.218055 2 1 0
0.0513375 0.218265 0.218265 2 1 0
0.0514672 0.218475 0.218475 2 1 0
0.0515973 0.218685 0.218685 2 1 0
0.0517279 0.218895 0.218895 2 1 0
0.051859 0.219106 0.219106 2 1 0
0.0519905 0.219317 0.219317 2 1 0
0.0521224 0.219528 0.219528 2 1 0
0.0522548 0.219739 0.219739 2 1 0
0.0523876 0.219951 0.219951 2 1 0
0.052521 0.220163 0.220163 2 1 0
0.0526547 0.220375 0.220375 2 1 0
0.052789 0.220587 0.220587 2 1 0
0.0529236 0.2208 0.2208 2 1 0
0.0530588 0.221013 0.221013 2 1 0
0.0531944 0.221226 0.221226 2 1 0
0.0533305 0.221439 0.221439 2 1 0
0.0534671 0.221653 0.221653 2 1 0
0.0536042 0.221867 0.221867 2 1 0
0.0537417 0.222081 0.222081 2 1 0
0.0538797 0.222295 0.222295 2 1 0
0.0540182 0.22251 0.22251 2 1 0
0.0541571 0.222725 0.222725 2 1 0
0.0542966 0.22294 0.22294 2 1 0
0.0544365 0.223155 0.223155 2 1 0
0.054577 0.223371 0.223371 2 1 0
0.0547179 0.223587 0.223587 2 1 0
0.0548593 0.223803 0.223803 2 1 0
0.0550012 0.224019 0.224019 2 1 0
0.0551437 0.224236 0.224236 2 1 0
0.0552866 0.224453 0.224453 2 1 0
0.05543 0.22467 0.22467 2 1 0
0.055574 0.224887 0.224887 2 1 0
0.0557184 0.225105 0.225105 2 1 0
0.0558634 0.225323 0.225323 2 1 0
0.0560088 0.225541 0.225541 2 1 0
0.0561548 0.225759 0.225759 2 1 0
0.0563013 0.225978 0.225978 2 1 0
0.0564484 0.226197 0.226197 2 1 0
0.0565959 0.226416 0.226416 2 1 0
0.056744 0.226635 0.226635 2 1 0
0.0568926 0.226855 0.226855 2 1 0
0.0570418 0.227075 0.227075 2 1 0
0.0571915 0.227295 0.227295 2 1 0
0.0573417 0.227515 0.227515 2 1 0
0.0574924 0.227736 0.227736 2 1 0
0.0576437 0.227957 0.227957 2 1 0
0.0577956 0.228178 0.228178 2 1 0
0.057948 0.228399 0.228399 2 1 0
0.0581009 0.228621 0.228621 2 1 0
0.0582544 0.228843 0.228843 2 1 0
0.0584085 0.229065 0.229065 2 1 0
0.0585631 0.229288 0.229288 2 1 0
0.0587183 0.22951 0.22951 2 1 0
0.058874 0.229733 0.229733 2 1 0
0.0590303 0.229956 0.229956 2 1 0
0.0591872 0.23018 0.23018 2 1 0
0.0593446 0.230404 0.230404 2 1 0
0.0595027 0.230628 0.230628 2 1 0
0.0596613 0.230852 0.230852 2 1 0
0.0598205 0.231076 0.231076 2 1 0
0.0599802 0.231301 0.231301 2 1 0
0.0601406 0.231526 0.231526 2 1 0
0.0603015 0.231751 0.231751 2 1 0
0.060463 0.231977 0.231977 2 1 0
0.0606252 0.232203 0.232203 2 1 0
0.0607879 0.232429 0.232429 2 1 0
0.0609512 0.232655 0.232655 2 1 0
0.0611152 0.232882 0.232882 2 1 0
0.0612797 0.233108 0.233108 2 1 0
0.0614449 0.233335 0.233335 2 1 0
0.0616106 0.233563 0.233563 2 1 0
0.061777 0.23379 0.23379 2 1 0
0.061944 0.234018 0.234018 2 1 0
0.0621116 0.234246 0.234246 2 1 0
0.0622799 0.234475 0.234475 2 1 0
0.0624487 0.234703 0.234703 2 1 0
0.0626183 0.234932 0.234932 2 1 0
0.0627884 0.235161 0.235161 2 1 0
0.0629592 0.235391 0.235391 2 1 0
0.0631306 0.23562 0.23562 2 1 0
0.0633027 0.23585 0.23585 2 1 0
0.0634754 0.236081 0.236081 2 1 0
0.0636488 0.236311 0.236311 2 1 0
0.0638228 0.236542 0.236542 2 1 0
0.0639975 0.236773 0.236773 2 1 0
0.0641728 0.237004 0.237004 2 1 0
0.0643488 0.237235 0.237235 2 1 0
0.0645255 0.237467 0.237467 2 1 0
0.0647028 0.237699 0.237699 2 1 0
0.0648808 0.237931 0.237931 2 1 0
0.0650595 0.238164 0.238164 2 1 0
0.0652389 0.238397 0.238397 2 1 0
0.065419 0.23863 0.23863 2 1 0
0.0655997 0.238863 0.238863 2 1 0
0.0657812 0.239097 0.239097 2 1 0
0.0659633 0.239331 0.239331 2 1 0
0.0661462 0.239565 0.239565 2 1 0
0.0663297 0.239799 0.239799 2 1 0
0.066514 0.240034 0.240034 2 1 0
0.0666989 0.240269 0.240269 2 1 0
0.0668846 0.240504 0.240504 2 1 0
0.067071 0.240739 0.240739 2 1 0
0.0672581 0.240975 0.240975 2 1 0
0.0674459 0.241211 0.241211 2 1 0
0.0676345 0.241447 0.241447 2 1 0
0.0678238 0.241684 0.241684 2 1 0
0.0680138 0.24192 0.24192 2 1 0
0.0682046 0.242157 0.242157 2 1 0
0.0683961 0.242395 0.242395 2 1 0
0.0685884 0.242632 0.242632 2 1 0
0.0687814 0.24287 0.24287 2 1 0
0.0689752 0.243108 0.243108 2 1 0
0.0691697 0.243346 0.243346 2 1 0
0.069365 0.243585 0.243585 2 1 0
0.0695611 0.243824 0.243824 2 1 0
0.0697579 0.244063 0.244063 2 1 0
0.0699555 0.244302 0.244302 2 1 0
0.0701539 0.244542 0.244542 2 1 0
0.0703531 0.244782 0.244782 2 1 0
0.0705531 0.245022 0.245022 2 1 0
0.0707538 0.245263 0.245263 2 1 0
0.0709554 0.245503 0.245503 2 1 0
0.0711578 0.245745 0.245745 2 1 0
0.0713609 0.245986 0.245986 2 1 0
0.0715649 0.246227 0.246227 2 1 0
0.0717697 0.246469 0.246469 2 1 0
0.0719753 0.246711 0.246711 2 1 0
0.0721817 0.246954 0.246954 2 1 0
0.072389 0.247196 0.247196 2 1 0
0.0725971 0.247439 0.247439 2 1 0
0.072806 0.247682 0.247682 2 1 0
0.0730158 0.247926 0.247926 2 1 0
0.0732264 0.248169 0.248169 2 1 0
0.0734378 0.248413 0.248413 2 1 0
0.0736501 0.248657 0.248657 2 1 0
0.0738633 0.248902 0.248902 2 1 0
0.0740773 0.249147 0.249147 2 1 0
0.0742922 0.249392 0.249392 2 1 0
0.074508 0.249637 0.249637 2 1 0
0.0747247 0.249883 0.249883 2 1 0
0.0749422 0.250128 0.250128 2 1 0
0.0751606 0.250374 0.250374 2 1 0
0.07538 0.250621 0.250621 2 1 0
0.0756002 0.250867 0.250867 2 1 0
0.0758213 0.251114 0.251114 2 1 0
0.0760433 0.251362 0.251362 2 1 0
0.0762662 0.251609 0.251609 2 1 0
0.0764901 0.251857 0.251857 2 1 0
0.0767149 0.252105 0.252105 2 1 0
0.0769406 0.252353 0.252353 2 1 0
0.0771672 0.252602 0.252602 2 1 0
0.0773948 0.25285 0.25285 2 1 0
0.0776233 0.253099 0.253099 2 1 0
0.0778528 0.253349 0.253349 2 1 0
0.0780832 0.253598 0.253598 2 1 0
0.0783145 0.253848 0.253848 2 1 0
0.0785469 0.254098 0.254098 2 1 0
0.0787802 0.254349 0.254349 2 1 0
0.0790145 0.2546 0.2546 2 1 0
0.0790145 0.2546 0.2546 2 1 0
0.0792497 0.254851 0.254851 2 1 0
0.079486 0.255102 0.255102 2 1 0
0.0797232 0.255353 0.255353 2 1 0
0.0799615 0.255605 0.255605 2 1 0
0.0802007 0.255857 0.255857 2 1 0
0.080441 0.256109 0.256109 2 1 0
0.0806822 0.256362 0.256362 2 1 0
0.0809245 0.256615 0.256615 2 1 0
0.0811678 0.256868 0.256868 2 1 0
0.0814121 0.257122 0.257122 2 1 0
0.0816575 0.257375 0.257375 2 1 0
0.0819039 0.257629 0.257629 2 1 0
0.0821514 0.257883 0.257883 2 1 0
0.0823999 0.258138 0.258138 2 1 0
0.0826495 0.258393 0.258393 2 1 0
0.0829002 0.258648 0.258648 2 1 0
0.0831519 0.258903 0.258903 2 1 0
0.0834047 0.259159 0.259159 2 1 0
0.0836586 0.259415 0.259415 2 1 0
0.0839136 0.259671 0.259671 2 1 0
0.0841697 0.259927 0.259927 2 1 0
0.0844269 0.260184 0.260184 2 1 0
0.0846852 0.260441 0.260441 2 1 0
0.0849446 0.260698 0.260698 2 1 0
0.0852051 0.260956 0.260956 2 1 0
0.0854668 0.261213 0.261213 2 1 0
0.0857296 0.261472 0.261472 2 1 0
0.0859936 0.26173 0.26173 2 1 0
0.0862587 0.261989 0.261989 2 1 0
0.0865249 0.262247 0.262247 2 1 0
0.0867924 0.262507 0.262507 2 1 0
0.087061 0.262766 0.262766 2 1 0
0.0873307 0.263026 0.263026 2 1 0
0.0876017 0.263286 0.263286 2 1 0
0.0878739 0.263546 0.263546 2 1 0
0.0881472 0.263807 0.263807 2 1 0
0.0884218 0.264067 0.264067 2 1 0
0.0886975 0.264328 0.264328 2 1 0
0.0889745 0.26459 0.26459 2 1 0
0.0892528 0.264852 0.264852 2 1 0
0.0895322 0.265113 0.265113 2 1 0
0.0898129 0.265376 0.265376 2 1 0
0.0900949 0.265638 0.265638 2 1 0
0.0903781 0.265901 0.265901 2 1 0
0.0906626 0.266164 0.266164 2 1 0
0.0909483 0.266427 0.266427 2 1 0
0.0912353 0.266691 0.266691 2 1 0
0.0915237 0.266955 0.266955 2 1 0
0.0918133 0.267219 0.267219 2 1 0
0.0921042 0.267483 0.267483 2 1 0
0.0923964 0.267748 0.267748 2 1 0
0.09269 0.268013 0.268013 2 1 0
0.0929849 0.268278 0.268278 2 1 0
0.0932811 0.268544 0.268544 2 1 0
0.0935786 0.268809 0.268809 2 1 0
0.0938775 0.269075 0.269075 2 1 0
0.0941778 0.269342 0.269342 2 1 0
0.0944795 0.269608 0.269608 2 1 0
0.0947825 0.269875 0.269875 2 1 0
0.0950869 0.270142 0.270142 2 1 0
0.0953927 0.27041 0.27041 2 1 0
0.0956999 0.270678 0.270678 2 1 0
0.0960085 0.270946 0.270946 2 1 0
0.0963186 0.271214 0.271214 2 1 0
0.09663 0.271482 0.271482 2 1 0
0.0969429 0.271751 0.271751 2 1 0
0.0972573 0.27202 0.27202 2 1 0
0.0975731 0.27229 0.27229 2 1 0
0.0978904 0.27256 0.27256 2 1 0
0.0982092 0.272829 0.272829 2 1 0
0.0985294 0.2731 0.2731 2 1 0
0.0988511 0.27337 0.27337 2 1 0
0.0991744 0.273641 0.273641 2 1 0
0.0994991 0.273912 0.273912 2 1 0
0.0998254 0.274183 0.274183 2 1 0
0.100153 0.274455 0.274455 2 1 0
0.100483 0.274727 0.274727 2 1 0
0.100813 0.274999 0.274999 2 1 0
0.101146 0.275271 0.275271 2 1 0
0.10148 0.275544 0.275544 2 1 0
0.101816 0.275817 0.275817 2 1 0
0.102153 0.27609 0.27609 2 1 0
0.102492 0.276364 0.276364 2 1 0
0.102832 0.276638 0.276638 2 1 0
0.103174 0.276912 0.276912 2 1 0
0.103518 0.277186 0.277186 2 1 0
0.103863 0.277461 0.277461 2 1 0
0.10421 0.277736 0.277736 2 1 0
0.104559 0.278011 0.278011 2 1 0
0.104909 0.278287 0.278287 2 1 0
0.105261 0.278562 0.278562 2 1 0
0.105615 0.278839 0.278839 2 1 0
0.10597 0.279115 0.279115 2 1 0
0.106327 0.279391 0.279391 2 1 0
0.106686 0.279668 0.279668 2 1 0
0.107047 0.279946 0.279946 2 1 0
0.107409 0.280223 0.280223 2 1 0
0.107773 0.280501 0.280501 2 1 0
0.108139 0.280779 0.280779 2 1 0
0.108507 0.281057 0.281057 2 1 0
0.108876 0.281336 0.281336 2 1 0
0.109248 0.281614 0.281614 2 1 0
0.109621 0.281893 0.281893 2 1 0
0.109996 0.282173 0.282173 2 1 0
0.110373 0.282453 0.282453 2 1 0
0.110751 0.282733 0.282733 2 1 0
0.111132 0.283013 0.283013 2 1 0
0.111514 0.283293 0.283293 2 1 0
0.111899 0.283574 0.283574 2 1 0
0.112285 0.283855 0.283855 2 1 0
0.112673 0.284136 0.284136 2 1 0
0.113063 0.284418 0.284418 2 1 0
0.113455 0.2847 0.2847 2 1 0
0.113849 0.284982 0.284982 2 1 0
0.114245 0.285265 0.285265 2 1 0
0.114643 0.285547 0.285547 2 1 0
0.115043 0.28583 0.28583 2 1 0
0.115445 0.286114 0.286114 2 1 0
0.115849 0.286397 0.286397 2 1 0
0.116256 0.286681 0.286681 2 1 0
0.116664 0.286965 0.286965 2 1 0
0.117074 0.28725 0.28725 2 1 0
0.117486 0.287534 0.287534 2 1 0
0.117901 0.287819 0.287819 2 1 0
0.118317 0.288104 0.288104 2 1 0
0.118736 0.28839 0.28839 2 1 0
0.119157 0.288676 0.288676 2 1 0
0.11958 0.288962 0.288962 2 1 0
0.120005 0.289248 0.289248 2 1 0
0.120433 0.289535 0.289535 2 1 0
0.120862 0.289822 0.289822 2 1 0
0.121294 0.290109 0.290109 2 1 0
0.121728 0.290396 0.290396 2 1 0
0.122165 0.290684 0.290684 2 1 0
0.122603 0.290972 0.290972 2 1 0
0.123044 0.29126 0.29126 2 1 0
0.123487 0.291549 0.291549 2 1 0
0.123933 0.291838 0.291838 2 1 0
0.124381 0.292127 0.292127 2 1 0
0.124831 0.292416 0.292416 2 1 0
0.125284 0.292706 0.292706 2 1 0
0.125739 0.292996 0.292996 2 1 0
0.126196 0.293286 0.293286 2 1 0
0.126656 0.293577 0.293577 2 1 0
0.127118 0.293867 0.293867 2 1 0
0.127583 0.294158 0.294158 2 1 0
0.12805 0.29445 0.29445 2 1 0
0.12852 0.294741 0.294741 2 1 0
0.128992 0.295033 0.295033 2 1 0
0.129467 0.295325 0.295325 2 1 0
0.129944 0.295618 0.295618 2 1 0
0.130424 0.29591 0.29591 2 1 0
0.130907 0.296203 0.296203 2 1 0
0.131392 0.296497 0.296497 2 1 0
0.131879 0.29679 0.29679 2 1 0
0.13237 0.297084 0.297084 2 1 0
0.132863 0.297378 0.297378 2 1 0
0.133358 0.297673 0.297673 2 1 0
0.133857 0.297967 0.297967 2 1 0
0.134358 0.298262 0.298262 2 1 0
0.134862 0.298557 0.298557 2 1 0
0.135369 0.298853 0.298853 2 1 0
0.135878 0.299148 0.299148 2 1 0
0.13639 0.299445 0.299445 2 1 0
0.136905 0.299741 0.299741 2 1 0
0.137423 0.300037 0.300037 2 1 0
0.137944 0.300334 0.300334 2 1 0
0.138468 0.300631 0.300631 2 1 0
0.138995 0.300929 0.300929 2 1 0
0.139524 0.301226 0.301226 2 1 0
0.140057 0.301524 0.301524 2 1 0
0.140592 0.301823 0.301823 2 1 0
0.141131 0.302121 0.302121 2 1 0
0.141672 0.30242 0.30242 2 1 0
0.142217 0.302719 0.302719 2 1 0
0.142765 0.303018 0.303018 2 1 0
0.143315 0.303318 0.303318 2 1 0
0.143869 0.303617 0.303617 2 1 0
0.144426 0.303918 0.303918 2 1 0
0.144987 0.304218 0.304218 2 1 0
0.14555 0.304519 0.304519 2 1 0
0.146117 0.30482 0.30482 2 1 0
0.146687 0.305121 0.305121 2 1 0
0.14726 0.305422 0.305422 2 1 0
0.147837 0.305724 0.305724 2 1 0
0.148416 0.306026 0.306026 2 1 0
0.149 0.306328 0.306328 2 1 0
0.149586 0.306631 0.306631 2 1 0
0.150176 0.306934 0.306934 2 1 0
0.15077 0.307237 0.307237 2 1 0
0.151367 0.30754 0.30754 2 1 0
0.151967 0.307844 0.307844 2 1 0
0.152571 0.308148 0.308148 2 1 0
0.153178 0.308452 0.308452 2 1 0
0.153789 0.308756 0.308756 2 1 0
0.154404 0.309061 0.309061 2 1 0
0.155022 0.309366 0.309366 2 1 0
0.155644 0.309671 0.309671 2 1 0
0.15627 0.309977 0.309977 2 1 0
0.156899 0.310283 0.310283 2 1 0
0.157532 0.310589 0.310589 2 1 0
0.158169 0.310895 0.310895 2 1 0
0.15881 0.311202 0.311202 2 1 0
0.159455 0.311509 0.311509 2 1 0
0.160103 0.311816 0.311816 2 1 0
0.160755 0.312123 0.312123 2 1 0
0.161412 0.312431 0.312431 2 1 0
0.162072 0.312739 0.312739 2 1 0
0.162736 0.313047 0.313047 2 1 0
0.163405 0.313356 0.313356 2 1 0
0.164077 0.313664 0.313664 2 1 0
0.164754 0.313973 0.313973 2 1 0
0.165435 0.314283 0.314283 2 1 0
0.166119 0.314592 0.314592 2 1 0
0.166809 0.314902 0.314902 2 1 0
0.167502 0.315212 0.315212 2 1 0
0.1682 0.315522 0.315522 2 1 0
0.168902 0.315833 0.315833 2 1 0
0.169608 0.316144 0.316144 2 1 0
0.170319 0.316455 0.316455 2 1 0
0.171034 0.316766 0.316766 2 1 0
0.171754 0.317078 0.317078 2 1 0
0.172478 0.31739 0.31739 2 1 0
0.173207 0.317702 0.317702 2 1 0
0.17394 0.318015 0.318015 2 1 0
0.174678 0.318327 0.318327 2 1 0
0.175421 0.31864 0.31864 2 1 0
0.176168 0.318953 0.318953 2 1 0
0.17692 0.319267 0.319267 2 1 0
0.177677 0.319581 0.319581 2 1 0
0.178439 0.319895 0.319895 2 1 0
0.179205 0.320209 0.320209 2 1 0
0.179977 0.320523 0.320523 2 1 0
0.180754 0.320838 0.320838 2 1 0
0.181535 0.321153 0.321153 2 1 0
0.182322 0.321468 0.321468 2 1 0
0.183114 0.321784 0.321784 2 1 0
0.183911 0.3221 0.3221 2 1 0
0.184713 0.322416 0.322416 2 1 0
0.18552 0.322732 0.322732 2 1 0
0.186333 0.323049 0.323049 2 1 0
0.187151 0.323366 0.323366 2 1 0
0.187974 0.323683 0.323683 2 1 0
0.188803 0.324 0.324 2 1 0
0.189637 0.324318 0.324318 2 1 0
0.190477 0.324635 0.324635 2 1 0
0.191323 0.324954 0.324954 2 1 0
0.192174 0.325272 0.325272 2 1 0
0.193031 0.32559 0.32559 2 1 0
0.193893 0.325909 0.325909 2 1 0
0.194762 0.326228 0.326228 2 1 0
0.195636 0.326548 0.326548 2 1 0
0.196516 0.326867 0.326867 2 1 0
0.197402 0.327187 0.327187 2 1 0
0.198294 0.327507 0.327507 2 1 0
0.199192 0.327828 0.327828 2 1 0
0.200097 0.328148 0.328148 2 1 0
0.201007 0.328469 0.328469 2 1 0
0.201924 0.32879 0.32879 2 1 0
0.202847 0.329112 0.329112 2 1 0
0.203776 0.329433 0.329433 2 1 0
0.204712 0.329755 0.329755 2 1 0
0.205655 0.330077 0.330077 2 1 0
0.206604 0.330399 0.330399 2 1 0
0.207559 0.330722 0.330722 2 1 0
0.208522 0.331045 0.331045 2 1 0
0.209491 0.331368 0.331368 2 1 0
0.210466 0.331691 0.331691 2 1 0
0.211449 0.332015 0.332015 2 1 0
0.212439 0.332338 0.332338 2 1 0
0.213435 0.332662 0.332662 2 1 0
0.214439 0.332987 0.332987 2 1 0
0.21545 0.333311 0.333311 2 1 0
0.216468 0.333636 0.333636 2 1 0
0.217493 0.333961 0.333961 2 1 0
0.218526 0.334286 0.334286 2 1 0
0.219566 0.334611 0.334611 2 1 0
0.220614 0.334937 0.334937 2 1 0
0.22167 0.335263 0.335263 2 1 0
0.222733 0.335589 0.335589 2 1 0
0.223803 0.335915 0.335915 2 1 0
0.224882 0.336242 0.336242 2 1 0
0.225968 0.336569 0.336569 2 1 0
0.227063 0.336896 0.336896 2 1 0
0.228165 0.337223 0.337223 2 1 0
0.229276 0.337551 0.337551 2 1 0
0.230395 0.337878 0.337878 2 1 0
0.231522 0.338206 0.338206 2 1 0
0.232658 0.338535 0.338535 2 1 0
0.233802 0.338863 0.338863 2 1 0
0.234954 0.339192 0.339192 2 1 0
0.236116 0.33952 0.33952 2 1 0
0.237286 0.339849 0.339849 2 1 0
0.238465 0.340179 0.340179 2 1 0
0.239653 0.340508 0.340508 2 1 0
0.240849 0.340838 0.340838 2 1 0
0.242055 0.341168 0.341168 2 1 0
0.243271 0.341498 0.341498 2 1 0
0.244495 0.341829 0.341829 2 1 0
0.245729 0.342159 0.342159 2 1 0
0.246973 0.34249 0.34249 2 1 0
0.248226 0.342821 0.342821 2 1 0
0.249489 0.343152 0.343152 2 1 0
0.250761 0.343484 0.343484 2 1 0
0.252044 0.343815 0.343815 2 1 0
0.253336 0.344147 0.344147 2 1 0
0.254639 0.344479 0.344479 2 1 0
0.255952 0.344811 0.344811 2 1 0
0.257275 0.345144 0.345144 2 1 0
0.258609 0.345477 0.345477 2 1 0
0.259954 0.345809 0.345809 2 1 0
0.261309 0.346143 0.346143 2 1 0
0.262675 0.346476 0.346476 2 1 0
0.264052 0.346809 0.346809 2 1 0
0.26544 0.347143 0.347143 2 1 0
0.266839 0.347477 0.347477 2 1 0
0.268249 0.347811 0.347811 2 1 0
0.269671 0.348145 0.348145 2 1 0
0.271105 0.34848 0.34848 2 1 0
0.27255 0.348814 0.348814 2 1 0
0.274007 0.349149 0.349149 2 1 0
0.275476 0.349484 0.349484 2 1 0
0.276957 0.349819 0.349819 2 1 0
0.27845 0.350155 0.350155 2 1 0
0.279956 0.35049 0.35049 2 1 0
0.281474 0.350826 0.350826 2 1 0
0.283005 0.351162 0.351162 2 1 0
0.284548 0.351498 0.351498 2 1 0
0.286105 0.351834 0.351834 2 1 0
0.287674 0.35217 0.35217 2 1 0
0.289257 0.352507 0.352507 2 1 0
0.290854 0.352844 0.352844 2 1 0
0.292463 0.353181 0.353181 2 1 0
0.294087 0.353518 0.353518 2 1 0
0.295724 0.353855 0.353855 2 1 0
0.297376 0.354192 0.354192 2 1 0
0.299041 0.35453 0.35453 2 1 0
0.300721 0.354868 0.354868 2 1 0
0.302416 0.355205 0.355205 2 1 0
0.304125 0.355543 0.355543 2 1 0
0.305849 0.355882 0.355882 2 1 0
0.307588 0.35622 0.35622 2 1 0
0.309342 0.356558 0.356558 2 1 0
0.311112 0.356897 0.356897 2 1 0
0.312897 0.357236 0.357236 2 1 0
0.314698 0.357574 0.357574 2 1 0
0.316515 0.357913 0.357913 2 1 0
0.318348 0.358252 0.358252 2 1 0
0.320198 0.358592 0.358592 2 1 0
0.322064 0.358931 0.358931 2 1 0
0.323946 0.35927 0.35927 2 1 0
0.325846 0.35961 0.35961 2 1 0
0.327763 0.35995 0.35995 2 1 0
0.329697 0.36029 0.36029 2 1 0
0.331649 0.360629 0.360629 2 1 0
0.333618 0.36097 0.36097 2 1 0
0.335606 0.36131 0.36131 2 1 0
0.337612 0.36165 0.36165 2 1 0
0.339636 0.36199 0.36199 2 1 0
0.341679 0.362331 0.362331 2 1 0
0.34374 0.362671 0.362671 2 1 0
0.345821 0.363012 0.363012 2 1 0
0.347921 0.363352 0.363352 2 1 0
0.350041 0.363693 0.363693 2 1 0
0.352181 0.364034 0.364034 2 1 0
0.354341 0.364375 0.364375 2 1 0
0.356521 0.364716 0.364716 2 1 0
0.358721 0.365057 0.365057 2 1 0
0.360943 0.365398 0.365398 2 1 0
0.363185 0.365739 0.365739 2 1 0
0.365449 0.36608 0.36608 2 1 0
0.367735 0.366421 0.366421 2 1 0
0.370042 0.366762 0.366762 2 1 0
0.372372 0.367104 0.367104 2 1 0
0.374724 0.367445 0.367445 2 1 0
0.377099 0.367786 0.367786 2 1 0
0.379497 0.368128 0.368128 2 1 0
0.381918 0.368469 0.368469 2 1 0
0.384362 0.36881 0.36881 2 1 0
0.386831 0.369152 0.369152 2 1 0
0.389324 0.369493 0.369493 2 1 0
0.391841 0.369834 0.369834 2 1 0
0.394383 0.370175 0.370175 2 1 0
0.396951 0.370517 0.370517 2 1 0
0.399543 0.370858 0.370858 2 1 0
0.402162 0.371199 0.371199 2 1 0
0.404806 0.37154 0.37154 2 1 0
0.407477 0.371881 0.371881 2 1 0
0.410175 0.372222 0.372222 2 1 0
0.412899 0.372563 0.372563 2 1 0
0.415652 0.372904 0.372904 2 1 0
0.418431 0.373245 0.373245 2 1 0
0.421239 0.373586 0.373586 2 1 0
0.424076 0.373927 0.373927 2 1 0
0.426941 0.374267 0.374267 2 1 0
0.429835 0.374608 0.374608 2 1 0
0.431694 0.374824 0.374824 2 1 0
0.434634 0.375164 0.375164 1 1 0
0.437607 0.375504 0.375504 1 1 0
0.44061 0.375844 0.375844 1 1 0
0.443644 0.376184 0.376184 1 1 0
0.44671 0.376524 0.376524 1 1 0
0.449807 0.376863 0.376863 1 1 0
0.452937 0.377202 0.377202 1 1 0
0.456098 0.377541 0.377541 1 1 0
0.459293 0.37788 0.37788 1 1 0
0.462521 0.378219 0.378219 1 1 0
0.465782 0.378557 0.378557 1 1 0
0.469077 0.378896 0.378896 1 1 0
0.472407 0.379234 0.379234 1 1 0
0.475772 0.379571 0.379571 1 1 0
0.479172 0.379909 0.379909 1 1 0
0.482607 0.380246 0.380246 1 1 0
0.486079 0.380583 0.380583 1 1 0
0.489587 0.380919 0.380919 1 1 0
0.493132 0.381256 0.381256 1 1 0
0.496715 0.381592 0.381592 1 1 0
0.500335 0.381927 0.381927 1 1 0
0.503994 0.382262 0.382262 1 1 0
0.507691 0.382597 0.382597 1 1 0
0.511427 0.382932 0.382932 1 1 0
0.515203 0.383266 0.383266 1 1 0
0.519018 0.383599 0.383599 1 1 0
0.522874 0.383933 0.383933 1 1 0
0.526771 0.384265 0.384265 1 1 0
0.53071 0.384598 0.384598 1 1 0
0.534689 0.38493 0.38493 1 1 0
0.538711 0.385261 0.385261 1 1 0
0.542776 0.385592 0.385592 1 1 0
0.546883 0.385922 0.385922 1 1 0
0.551034 0.386252 0.386252 1 1 0
0.555229 0.386581 0.386581 1 1 0
0.559468 0.386909 0.386909 1 1 0
0.563752 0.387237 0.387237 1 1 0
0.568081 0.387565 0.387565 1 1 0
0.572456 0.387892 0.387892 1 1 0
0.576876 0.388218 0.388218 1 1 0
0.581343 0.388543 0.388543 1 1 0
0.585857 0.388868 0.388868 1 1 0
0.590418 0.389192 0.389192 1 1 0
0.595026 0.389515 0.389515 1 1 0
0.599683 0.389837 0.389837 1 1 0
0.604387 0.390159 0.390159 1 1 0
0.609141 0.39048 0.39048 1 1 0
0.613944 0.3908 0.3908 1 1 0
0.618796 0.391119 0.391119 1 1 0
0.623698 0.391437 0.391437 1 1 0
0.62865 0.391755 0.391755 1 1 0
0.633652 0.392071 0.392071 1 1 0
0.638706 0.392387 0.392387 1 1 0
0.64381 0.392702 0.392702 1 1 0
0.648966 0.393015 0.393015 1 1 0
0.654174 0.393328 0.393328 1 1 0
0.659433 0.393639 0.393639 1 1 0
0.664745 0.39395 0.39395 1 1 0
0.670109 0.394259 0.394259 1 1 0
0.675526 0.394568 0.394568 1 1 0
0.680996 0.394875 0.394875 1 1 0
0.686519 0.395181 0.395181 1 1 0
0.692096 0.395486 0.395486 1 1 0
0.697725 0.395789 0.395789 1 1 0
0.703409 0.396092 0.396092 1 1 0
0.709146 0.396393 0.396393 1 1 0
0.714938 0.396693 0.396693 1 1 0
0.720783 0.396992 0.396992 1 1 0
0.726682 0.397289 0.397289 1 1 0
0.732636 0.397585 0.397585 1 1 0
0.738644 0.397879 0.397879 1 1 0
0.744706 0.398173 0.398173 1 1 0
0.750822 0.398464 0.398464 1 1 0
0.756992 0.398755 0.398755 1 1 0
0.763217 0.399043 0.399043 1 1 0
0.769496 0.399331 0.399331 1 1 0
0.775828 0.399617 0.399617 1 1 0
0.782215 0.399901 0.399901 1 1 0
0.788656 0.400183 0.400183 1 1 0
0.79515 0.400465 0.400465 1 1 0
0.801698 0.400744 0.400744 1 1 0
0.808299 0.401022 0.401022 1 1 0
0.814953 0.401298 0.401298 1 1 0
0.821661 0.401573 0.401573 1 1 0
0.82842 0.401846 0.401846 1 1 0
0.835233 0.402117 0.402117 1 1 0
0.842097 0.402386 0.402386 1 1 0
0.849014 0.402654 0.402654 1 1 0
0.855982 0.40292 0.40292 1 1 0
0.863001 0.403184 0.403184 1 1 0
0.870071 0.403447 0.403447 1 1 0
0.877191 0.403707 0.403707 1 1 0
0.884362 0.403966 0.403966 1 1 0
0.891582 0.404223 0.404223 1 1 0
0.898851 0.404478 0.404478 1 1 0
0.90617 0.404732 0.404732 1 1 0
0.913536 0.404983 0.404983 1 1 0
0.920951 0.405233 0.405233 1 1 0
0.928412 0.40548 0.40548 1 1 0
0.935921 0.405726 0.405726 1 1 0
0.943476 0.40597 0.40597 1 1 0
0.951077 0.406212 0.406212 1 1 0
0.958723 0.406452 0.406452 1 1 0
0.966414 0.40669 0.40669 1 1 0
0.974149 0.406926 0.406926 1 1 0
0.981927 0.40716 0.40716 1 1 0
0.989749 0.407393 0.407393 1 1 0
0.997614 0.407623 0.407623 1 1 0
1.00552 0.407851 0.407851 1 1 0
0.0194022 0.147131 0.147131 4 2 0
0.0194007 0.148611 0.145692 4 2 0
0.019393 0.150895 0.143615 4 2 0
0.0193731 0.154037 0.141024 4 2 0
0.0193439 0.157245 0.138633 4 2 0
0.0193075 0.160494 0.136448 4 2 0
0.0192653 0.163794 0.134427 4 2 0
0.0192185 0.167222 0.132546 4 2 0
0.0191679 0.170767 0.130762 4 2 0
0.019114 0.174522 0.129036 4 2 0
0.0190574 0.178493 0.127367 4 2 0
0.0189987 0.182863 0.125702 4 2 0
0.0189387 0.187604 0.124085 4 2 0
0.0188791 0.192824 0.122462 4 2 0
0.0188229 0.198364 0.12088 4 2 0
0.0187737 0.204222 0.119431 4 2 0
0.0187343 0.209868 0.118165 4 2 0
0.0187047 0.21517 0.117044 4 2 0
0.0186835 0.220223 0.116098 4 2 0
0.0186691 0.224872 0.115282 4 2 0
0.0186602 0.229331 0.11453 4 2 0
0.0186557 0.23359 0.113913 4 2 0
0.0186549 0.236495 0.113482 3 2 0
0.0186565 0.240385 0.112926 3 2 0
0.018661 0.244143 0.112465 3 2 0
0.0186679 0.247728 0.112001 3 2 0
0.018677 0.25119 0.111577 3 2 0
0.0186881 0.254524 0.111236 3 2 0
0.018701 0.257773 0.110878 3 2 0
0.0187155 0.260928 0.11054 3 2 0
0.0187315 0.263835 0.110256 3 2 0
0.0187488 0.266787 0.109985 3 2 0
0.0187675 0.269655 0.10971 3 2 0
0.0187873 0.272697 0.109473 3 2 0
0.0188083 0.27546 0.109247 3 2 0
0.0188303 0.278153 0.109021 3 2 0
0.0188534 0.280791 0.108833 3 2 0
0.0188774 0.283348 0.108637 3 2 0
0.0189023 0.28584 0.108451 3 2 0
0.018928 0.288273 0.108282 3 2 0
0.0189546 0.29065 0.108131 3 2 0
0.0189819 0.292968 0.107988 3 2 0
0.0190099 0.29521 0.10784 3 2 0
0.0190387 0.297436 0.107714 3 2 0
0.0190682 0.299607 0.107594 3 2 0
0.0190982 0.301488 0.107458 3 2 0
0.0191289 0.303501 0.107351 3 2 0
0.0191602 0.305462 0.107251 3 2 0
0.0191921 0.307788 0.10714 3 2 0
0.0192245 0.309715 0.10705 3 2 0
0.0192574 0.311596 0.106966 3 2 0
0.0192909 0.313407 0.106867 3 2 0
0.0193248 0.315234 0.106791 3 2 0
0.0193592 0.317019 0.10672 3 2 0
0.019394 0.318626 0.106636 3 2 0
0.0194292 0.320355 0.106572 3 2 0
0.0194649 0.322044 0.106512 3 2 0
0.019501 0.323487 0.106447 3 2 0
0.0195375 0.325125 0.106394 3 2 0
0.0195743 0.326727 0.106343 3 2 0
0.0196115 0.327942 0.106296 3 2 0
0.0196491 0.329372 0.106252 3 2 0
0.019687 0.330769 0.10621 3 2 0
0.0197253 0.332283 0.10616 3 2 0
0.0197638 0.333689 0.106123 3 2 0
0.0198027 0.335141 0.106088 3 2 0
0.0198419 0.336604 0.106047 3 2 0
0.0198814 0.337881 0.106016 3 2 0
0.0199212 0.339131 0.105988 3 2 0
0.0199612 0.340451 0.105955 3 2 0
0.0200016 0.341655 0.10593 3 2 0
0.0200422 0.342963 0.105907 3 2 0
0.020083 0.344277 0.105883 3 2 0
0.0201242 0.345422 0.105863 3 2 0
0.0201656 0.346543 0.105844 3 2 0
0.0202072 0.347879 0.105826 3 2 0
0.0202491 0.34897 0.105811 3 2 0
0.0202912 0.350039 0.105797 3 2 0
0.0203335 0.351359 0.105784 3 2 0
0.0203761 0.352404 0.105772 3 2 0
0.0204189 0.353429 0.105762 3 2 0
0.0204619 0.3547 0.105753 3 2 0
0.0205051 0.355705 0.105745 3 2 0
0.0205486 0.356691 0.105738 3 2 0
0.0205922 0.357881 0.105733 3 2 0
0.0206361 0.358849 0.105728 3 2 0
0.0206802 0.359801 0.105724 3 2 0
0.0207244 0.360906 0.105722 3 2 0
0.0207689 0.361842 0.10572 3 2 0
0.0208136 0.362762 0.105719 3 2 0
0.0208584 0.363779 0.105719 3 2 0
0.0209035 0.364684 0.10572 3 2 0
0.0209487 0.365573 0.105721 3 2 0
0.0209942 0.366518 0.105724 3 2 0
0.0210398 0.367394 0.105727 3 2 0
0.0210856 0.368256 0.105731 3 2 0
0.0211316 0.369106 0.105735 3 2 0
0.0211778 0.369962 0.10574 3 2 0
0.0212241 0.370804 0.105746 3 2 0
0.0212706 0.371528 0.105751 3 2 0
0.0213173 0.372364 0.105758 3 2 0
0.0213642 0.373187 0.105766 3 2 0
0.0214112 0.373971 0.105775 3 2 0
0.0214584 0.374774 0.105784 3 2 0
0.0215058 0.375565 0.105793 3 2 0
0.0215534 0.37631 0.105804 3 2 0
0.0216011 0.377084 0.105815 3 2 0
0.021649 0.377847 0.105826 3 2 0
0.0216971 0.378551 0.105838 3 2 0
0.0217453 0.379299 0.10585 3 2 0
0.0217937 0.380038 0.105862 3 2 0
0.0218422 0.380679 0.105876 3 2 0
0.0218909 0.381407 0.105889 3 2 0
0.0219398 0.382126 0.105903 3 2 0
0.0219889 0.382722 0.105918 3 2 0
0.0220381 0.383431 0.105932 3 2 0
0.0220874 0.384131 0.105947 3 2 0
0.0221369 0.384663 0.105962 3 2 0
0.0221866 0.385356 0.105978 3 2 0
0.0222364 0.38604 0.105994 3 2 0
0.0222864 0.386546 0.10601 3 2 0
0.0223366 0.387222 0.106027 3 2 0
0.0223869 0.387891 0.106044 3 2 0
0.0224374 0.388303 0.106062 3 2 0
0.022488 0.388966 0.10608 3 2 0
0.0225388 0.389621 0.106098 3 2 0
0.0225897 0.390112 0.106114 3 2 0
0.0226408 0.390679 0.106133 3 2 0
0.022692 0.391238 0.106152 3 2 0
0.0227434 0.391911 0.106172 3 2 0
0.022795 0.392461 0.106191 3 2 0
0.0228467 0.393005 0.106211 3 2 0
0.0228985 0.394043 0.106228 3 2 0
0.0229506 0.394594 0.106249 3 2 0
0.0230027 0.395138 0.106269 3 2 0
0.023055 0.395397 0.106292 3 2 0
0.0231075 0.395918 0.106313 3 2 0
0.0231601 0.396434 0.106334 3 2 0
0.0232129 0.397327 0.106357 3 2 0
0.0232659 0.397844 0.106379 3 2 0
0.0233189 0.398356 0.106401 3 2 0
0.0233722 0.398688 0.106425 3 2 0
0.0234256 0.399183 0.106447 3 2 0
0.0234791 0.399672 0.10647 3 2 0
0.0235328 0.400382 0.106495 3 2 0
0.0235867 0.400868 0.106518 3 2 0
0.0236407 0.401349 0.106542 3 2 0
0.0236948 0.402027 0.106564 3 2 0
0.0237491 0.402505 0.106587 3 2 0
0.0238036 0.402978 0.106611 3 2 0
0.0238582 0.403616 0.106636 3 2 0
0.023913 0.404086 0.10666 3 2 0
0.0239679 0.404552 0.106685 3 2 0
0.024023 0.40516 0.106708 3 2 0
0.0240782 0.405623 0.106733 3 2 0
0.0241336 0.406082 0.106758 3 2 0
0.0241891 0.406647 0.106783 3 2 0
0.0242448 0.407103 0.106808 3 2 0
0.0243006 0.407556 0.106833 3 2 0
0.0243566 0.408083 0.106857 3 2 0
0.0244128 0.408534 0.106883 3 2 0
0.0244691 0.40898 0.106909 3 2 0
0.0245255 0.40946 0.106935 3 2 0
0.0245822 0.409903 0.106961 3 2 0
0.0246389 0.410342 0.106987 3 2 0
0.0246958 0.410799 0.107013 3 2 0
0.0247529 0.411236 0.10704 3 2 0
0.0248101 0.411669 0.107066 3 2 0
0.0248675 0.412091 0.107092 3 2 0
0.0249251 0.412523 0.107119 3 2 0
0.0249828 0.412951 0.107146 3 2 0
0.0250406 0.413345 0.107171 3 2 0
0.0250986 0.413771 0.107199 3 2 0
0.0251568 0.414193 0.107226 3 2 0
0.0252151 0.414571 0.107255 3 2 0
0.0252736 0.41499 0.107282 3 2 0
0.0253323 0.415406 0.10731 3 2 0
0.0253911 0.415685 0.107334 3 2 0
0.02545 0.416102 0.107362 3 2 0
0.0255091 0.416516 0.10739 3 2 0
0.0255684 0.416896 0.107418 3 2 0
0.0256278 0.417304 0.107447 3 2 0
0.0256874 0.417709 0.107475 3 2 0
0.0257472 0.418091 0.107505 3 2 0
0.0258071 0.418491 0.107534 3 2 0
0.0258672 0.418886 0.107563 3 2 0
0.0259274 0.419159 0.107592 3 2 0
0.0259878 0.419554 0.107621 3 2 0
0.0260484 0.419946 0.10765 3 2 0
0.0261091 0.420219 0.107679 3 2 0
0.02617 0.42061 0.107708 3 2 0
0.026231 0.420997 0.107737 3 2 0
0.0262922 0.421115 0.107764 3 2 0
0.0263536 0.421504 0.107794 3 2 0
0.0264151 0.421891 0.107823 3 2 0
0.0264768 0.422685 0.107842 3 2 0
0.0265387 0.423044 0.107872 3 2 0
0.0266007 0.423399 0.107902 3 2 0
0.0266629 0.423711 0.107933 3 2 0
0.0267252 0.424069 0.107963 3 2 0
0.0267878 0.424424 0.107993 3 2 0
0.0268505 0.424757 0.108037 3 2 0
0.0269133 0.425094 0.108067 3 2 0
0.0269763 0.425429 0.108097 3 2 0
0.0270395 0.425245 0.108124 3 2 0
0.0271029 0.425558 0.108155 3 2 0
0.0271664 0.42587 0.108185 3 2 0
0.0272301 0.426784 0.108218 3 2 0
0.027294 0.427124 0.108249 3 2 0
0.027358 0.427461 0.108279 3 2 0
0.0274222 0.427409 0.108312 3 2 0
0.0274866 0.427757 0.108343 3 2 0
0.0275511 0.428103 0.108374 3 2 0
0.0276159 0.428633 0.108408 3 2 0
0.0276808 0.428967 0.108438 3 2 0
0.0277458 0.429299 0.108469 3 2 0
0.0278111 0.429583 0.108504 3 2 0
0.0278765 0.429912 0.108535 3 2 0
0.0279421 0.430239 0.108566 3 2 0
0.0280078 0.430625 0.108601 3 2 0
0.0280738 0.430944 0.108632 3 2 0
0.0281399 0.431261 0.108664 3 2 0
0.0282062 0.43159 0.108697 3 2 0
0.0282726 0.431901 0.108729 3 2 0
0.0283393 0.43221 0.10876 3 2 0
0.0284061 0.432501 0.108794 3 2 0
0.0284731 0.432807 0.108825 3 2 0
0.0285403 0.433111 0.108857 3 2 0
0.0286076 0.433436 0.108894 3 2 0
0.0286752 0.433731 0.108925 3 2 0
0.0287429 0.434024 0.108957 3 2 0
0.0288108 0.434313 0.108992 3 2 0
0.0288789 0.434602 0.109024 3 2 0
0.0289471 0.434889 0.109055 3 2 0
0.0290156 0.43516 0.109092 3 2 0
0.0290842 0.435442 0.109124 3 2 0
0.029153 0.435722 0.109155 3 2 0
0.029222 0.436001 0.109191 3 2 0
0.0292912 0.436277 0.109222 3 2 0
0.0293605 0.436551 0.109254 3 2 0
0.0294301 0.436817 0.109287 3 2 0
0.0294998 0.437087 0.109319 3 2 0
0.0295698 0.437356 0.109351 3 2 0
0.0296399 0.437643 0.109387 3 2 0
0.0297102 0.43791 0.109419 3 2 0
0.0297807 0.438174 0.10945 3 2 0
0.0298513 0.438451 0.109485 3 2 0
0.0299222 0.438713 0.109517 3 2 0
0.0299933 0.438973 0.109549 3 2 0
0.0300645 0.439256 0.109585 3 2 0
0.030136 0.439513 0.109617 3 2 0
0.0302076 0.43977 0.109648 3 2 0
0.0302794 0.440013 0.109685 3 2 0
0.0303515 0.440266 0.109717 3 2 0
0.0304237 0.440517 0.109749 3 2 0
0.0304961 0.440766 0.109792 3 2 0
0.0305687 0.441014 0.109824 3 2 0
0.0306415 0.441261 0.109856 3 2 0
0.0307145 0.441393 0.109899 3 2 0
0.0307877 0.441634 0.109931 3 2 0
0.0308611 0.441873 0.109962 3 2 0
0.0309347 0.441942 0.109991 3 2 0
0.0310085 0.442176 0.110022 3 2 0
0.0310825 0.442408 0.110054 3 2 0
0.0311567 0.442553 0.110056 3 2 0
0.0312312 0.442782 0.110088 3 2 0
0.0313058 0.443009 0.11012 3 2 0
0.0313806 0.443304 0.110141 3 2 0
0.0314556 0.443571 0.110173 3 2 0
0.0315308 0.443837 0.110205 3 2 0
0.0316062 0.443991 0.11023 3 2 0
0.0316819 0.444256 0.110262 3 2 0
0.0317577 0.444519 0.110294 3 2 0
0.0318338 0.444844 0.110321 3 2 0
0.03191 0.445103 0.110353 3 2 0
0.0319865 0.445361 0.110386 3 2 0
0.0320631 0.445607 0.110414 3 2 0
0.03214 0.445862 0.110446 3 2 0
0.0322171 0.446115 0.110478 3 2 0
0.0322944 0.446406 0.110509 3 2 0
0.032372 0.446655 0.110541 3 2 0
0.0324497 0.446903 0.110574 3 2 0
0.0325276 0.447174 0.110603 3 2 0
0.0326058 0.447419 0.110635 3 2 0
0.0326842 0.447662 0.110667 3 2 0
0.0327628 0.447963 0.110699 3 2 0
0.0328416 0.448202 0.110731 3 2 0
0.0329206 0.44844 0.110763 3 2 0
0.0329999 0.448697 0.110793 3 2 0
0.0330794 0.448932 0.110826 3 2 0
0.033159 0.449165 0.110858 3 2 0
0.033239 0.449414 0.11089 3 2 0
0.0333191 0.449644 0.110922 3 2 0
0.0333995 0.449873 0.110954 3 2 0
0.03348 0.45011 0.110986 3 2 0
0.0335608 0.450336 0.111018 3 2 0
0.0336419 0.45056 0.111051 3 2 0
0.0337231 0.450813 0.111083 3 2 0
0.0338046 0.451033 0.111115 3 2 0
0.0338863 0.451252 0.111148 3 2 0
0.0339683 0.451485 0.111181 3 2 0
0.0340505 0.4517 0.111213 3 2 0
0.0341329 0.451914 0.111245 3 2 0
0.0342155 0.452125 0.111279 3 2 0
0.0342984 0.452335 0.111312 3 2 0
0.0343815 0.452544 0.111344 3 2 0
0.0344648 0.452759 0.11138 3 2 0
0.0345484 0.452967 0.111412 3 2 0
0.0346322 0.453174 0.111444 3 2 0
0.0347162 0.453354 0.111477 3 2 0
0.0348005 0.453557 0.111509 3 2 0
0.034885 0.453759 0.111541 3 2 0
0.0349698 0.453772 0.111581 3 2 0
0.0350548 0.453966 0.111614 3 2 0
0.03514 0.454159 0.111646 3 2 0
0.0352255 0.454491 0.111677 3 2 0
0.0353112 0.454686 0.111709 3 2 0
0.0353972 0.45488 0.111741 3 2 0
0.0354834 0.454879 0.111781 3 2 0
0.0355698 0.455067 0.111813 3 2 0
0.0356566 0.455255 0.111846 3 2 0
0.0357435 0.455732 0.111877 3 2 0
0.0358307 0.455924 0.111909 3 2 0
0.0359182 0.456115 0.111941 3 2 0
0.0360059 0.456101 0.111977 3 2 0
0.0360938 0.456286 0.11201 3 2 0
0.036182 0.45647 0.112042 3 2 0
0.0362705 0.456866 0.112075 3 2 0
0.0363592 0.457053 0.112107 3 2 0
0.0364482 0.457239 0.112139 3 2 0
0.0365374 0.45736 0.112174 3 2 0
0.0366269 0.457543 0.112206 3 2 0
0.0367166 0.457725 0.112238 3 2 0
0.0368066 0.457978 0.112275 3 2 0
0.0368969 0.45816 0.112306 3 2 0
0.0369874 0.458342 0.112338 3 2 0
0.0370782 0.458533 0.112373 3 2 0
0.0371693 0.458713 0.112401 3 2 0
0.0372606 0.458893 0.112428 3 2 0
0.0373522 0.459176 0.112441 3 2 0
0.037444 0.459356 0.112468 3 2 0
0.0375361 0.459536 0.112496 3 2 0
0.0376285 0.459606 0.112524 3 2 0
0.0377212 0.459782 0.112551 3 2 0
0.0378141 0.459958 0.112578 3 2 0
0.0379073 0.46006 0.112605 3 2 0
0.0380008 0.460233 0.112632 3 2 0
0.0380945 0.460405 0.112659 3 2 0
0.0381885 0.460306 0.112674 3 2 0
0.0382828 0.460474 0.112701 3 2 0
0.0383774 0.460641 0.112728 3 2 0
0.0384723 0.460675 0.112744 3 2 0
0.0385674 0.46084 0.112771 3 2 0
0.0386628 0.461005 0.112798 3 2 0
0.0387585 0.461367 0.112827 3 2 0
0.0388545 0.461532 0.112853 3 2 0
0.0389508 0.461696 0.11288 3 2 0
0.0390473 0.461825 0.112903 3 2 0
0.0391442 0.461989 0.112929 3 2 0
0.0392413 0.462151 0.112956 3 2 0
0.0393387 0.462383 0.112982 3 2 0
0.0394364 0.462545 0.113008 3 2 0
0.0395344 0.462706 0.113035 3 2 0
0.0396327 0.462859 0.113059 3 2 0
0.0397313 0.463019 0.113085 3 2 0
0.0398302 0.463179 0.113111 3 2 0
0.0399294 0.463326 0.113136 3 2 0
0.0400288 0.463485 0.113162 3 2 0
0.0401286 0.463643 0.113188 3 2 0
0.0402287 0.463667 0.113213 3 2 0
0.0403291 0.463835 0.113239 3 2 0
0.0404298 0.464035 0.113265 3 2 0
0.0405307 0.464299 0.11329 3 2 0
0.040632 0.464497 0.113316 3 2 0
0.0407336 0.464693 0.113342 3 2 0
0.0408355 0.465271 0.113368 3 2 0
0.0409377 0.46546 0.113394 3 2 0
0.0410403 0.465649 0.11342 3 2 0
0.0411431 0.465404 0.113447 3 2 0
0.0412462 0.465598 0.113472 3 2 0
0.0413497 0.465791 0.113498 3 2 0
0.0414535 0.465579 0.113526 3 2 0
0.0415576 0.465731 0.113552 3 2 0
0.041662 0.465882 0.113577 3 2 0
0.0417667 0.466292 0.113603 3 2 0
0.0418718 0.466444 0.113628 3 2 0
0.0419772 0.466596 0.113653 3 2 0
0.0420829 0.467069 0.113675 3 2 0
0.0421889 0.467258 0.1137 3 2 0
0.0422952 0.467447 0.113725 3 2 0
0.0424019 0.467872 0.113767 3 2 0
0.0425089 0.468056 0.113792 3 2 0
0.0426163 0.468239 0.113817 3 2 0
0.0427239 0.468105 0.113834 3 2 0
0.0428319 0.468292 0.113859 3 2 0
0.0429403 0.468479 0.113884 3 2 0
0.043049 0.469083 0.113951 3 2 0
0.043158 0.469261 0.113976 3 2 0
0.0432673 0.469438 0.114002 3 2 0
0.043377 0.469375 0.114009 3 2 0
0.0434871 0.469556 0.114034 3 2 0
0.0435975 0.469737 0.114059 3 2 0
0.0437082 0.469795 0.114102 3 2 0
0.0438193 0.469977 0.114127 3 2 0
0.0439307 0.470158 0.114152 3 2 0
0.0440425 0.470639 0.114159 3 2 0
0.0441546 0.470813 0.114183 3 2 0
0.0442671 0.470987 0.114208 3 2 0
0.0443799 0.471264 0.114282 3 2 0
0.0444931 0.471423 0.114305 3 2 0
0.0446066 0.471582 0.114328 3 2 0
0.0447205 0.471733 0.114317 3 2 0
0.0448348 0.471902 0.114342 3 2 0
0.0449494 0.472071 0.114366 3 2 0
0.0450644 0.472216 0.114424 3 2 0
0.0451798 0.472385 0.114449 3 2 0
0.0452955 0.472554 0.114473 3 2 0
0.0454116 0.472764 0.114492 3 2 0
0.045528 0.472923 0.114517 3 2 0
0.0456449 0.473082 0.114541 3 2 0
0.0457621 0.473244 0.114571 3 2 0
0.0458797 0.47341 0.114595 3 2 0
0.0459976 0.473576 0.114618 3 2 0
0.046116 0.47369 0.114645 3 2 0
0.0462347 0.473857 0.114669 3 2 0
0.0463538 0.474024 0.114693 3 2 0
0.0464733 0.474171 0.11465 3 2 0
0.0465931 0.474327 0.114672 3 2 0
0.0467134 0.474482 0.114695 3 2 0
0.046834 0.474578 0.11475 3 2 0
0.0469551 0.474748 0.114774 3 2 0
0.0470765 0.474917 0.114797 3 2 0
0.0471983 0.475151 0.114772 3 2 0
0.0473206 0.475307 0.114795 3 2 0
0.0474432 0.475463 0.114818 3 2 0
0.0475662 0.475283 0.114849 3 2 0
0.0476896 0.475458 0.114872 3 2 0
0.0478134 0.475632 0.114896 3 2 0
0.0479377 0.476148 0.114887 3 2 0
0.0480623 0.476305 0.11491 3 2 0
0.0481874 0.476462 0.114933 3 2 0
0.0483128 0.476658 0.114979 3 2 0
0.0484387 0.476817 0.115002 3 2 0
0.048565 0.476976 0.115026 3 2 0
0.0486917 0.477137 0.115039 3 2 0
0.0488188 0.477295 0.115063 3 2 0
0.0489463 0.477454 0.115087 3 2 0
0.0490743 0.477587 0.115096 3 2 0
0.0492027 0.477743 0.115119 3 2 0
0.0493315 0.477899 0.115143 3 2 0
0.0494607 0.478058 0.115162 3 2 0
0.0495904 0.478214 0.115186 3 2 0
0.0497205 0.47837 0.11521 3 2 0
0.049851 0.478522 0.115217 3 2 0
0.049982 0.478678 0.11524 3 2 0
0.0501134 0.478833 0.115264 3 2 0
0.0502452 0.478966 0.115287 3 2 0
0.0503775 0.47912 0.115311 3 2 0
0.0505102 0.479274 0.115335 3 2 0
0.0506434 0.479393 0.115342 3 2 0
0.050777 0.479546 0.115365 3 2 0
0.0509111 0.479699 0.115389 3 2 0
0.0510457 0.479798 0.11541 3 2 0
0.0511806 0.47995 0.115434 3 2 0
0.0513161 0.480101 0.115457 3 2 0
0.051452 0.480218 0.115473 3 2 0
0.0515883 0.480368 0.115496 3 2 0
0.0517252 0.480519 0.11552 3 2 0
0.0518625 0.480784 0.11554 3 2 0
0.0520002 0.480937 0.115564 3 2 0
0.0521384 0.481089 0.115588 3 2 0
0.0522771 0.481202 0.115603 3 2 0
0.0524163 0.481353 0.115626 3 2 0
0.052556 0.481504 0.11565 3 2 0
0.0526961 0.481671 0.115674 3 2 0
0.0528367 0.481822 0.115698 3 2 0
0.0529778 0.481974 0.115722 3 2 0
0.0531194 0.4822 0.115737 3 2 0
0.0532615 0.482352 0.115761 3 2 0
0.053404 0.482504 0.115784 3 2 0
0.0535471 0.482629 0.115809 3 2 0
0.0536906 0.482781 0.115833 3 2 0
0.0538347 0.482932 0.115857 3 2 0
0.0539792 0.483015 0.115876 3 2 0
0.0541242 0.483165 0.1159 3 2 0
0.0542698 0.483316 0.115924 3 2 0
0.0544158 0.483475 0.115948 3 2 0
0.0545624 0.483626 0.115973 3 2 0
0.0547095 0.483776 0.115997 3 2 0
0.0548571 0.483748 0.116017 3 2 0
0.0550052 0.483897 0.116041 3 2 0
0.0551538 0.484045 0.116065 3 2 0
0.055303 0.484271 0.11609 3 2 0
0.0554527 0.484421 0.116115 3 2 0
0.0556029 0.48457 0.116139 3 2 0
0.0557536 0.484509 0.116162 3 2 0
0.0559049 0.484656 0.116186 3 2 0
0.0560567 0.484804 0.11621 3 2 0
0.056209 0.485038 0.116234 3 2 0
0.0563619 0.485187 0.116259 3 2 0
0.0565153 0.485336 0.116284 3 2 0
0.0566693 0.485483 0.116309 3 2 0
0.0568238 0.485667 0.116333 3 2 0
0.0569789 0.485852 0.116358 3 2 0
0.0571345 0.486065 0.116382 3 2 0
0.0572906 0.486249 0.116407 3 2 0
0.0574474 0.486433 0.116432 3 2 0
0.0576047 0.486718 0.11646 3 2 0
0.0577625 0.4869 0.116485 3 2 0
0.057921 0.487082 0.116509 3 2 0
0.05808 0.487406 0.116535 3 2 0
0.0582395 0.487585 0.11656 3 2 0
0.0583997 0.487764 0.116585 3 2 0
0.0585604 0.487937 0.116615 3 2 0
0.0587217 0.488117 0.11664 3 2 0
0.0588836 0.488296 0.116664 3 2 0
0.0590461 0.488393 0.11669 3 2 0
0.0592092 0.488574 0.116715 3 2 0
0.0593729 0.488754 0.11674 3 2 0
0.0595371 0.489059 0.116775 3 2 0
0.059702 0.489237 0.116799 3 2 0
0.0598674 0.489415 0.116824 3 2 0
0.0600335 0.489597 0.11685 3 2 0
0.0602002 0.489775 0.116876 3 2 0
0.0603675 0.489952 0.116901 3 2 0
0.0605354 0.490141 0.116938 3 2 0
0.0607039 0.490318 0.116963 3 2 0
0.0608731 0.490496 0.116988 3 2 0
0.0610428 0.490717 0.11702 3 2 0
0.0612132 0.490893 0.117045 3 2 0
0.0613843 0.491069 0.11707 3 2 0
0.0615559 0.491282 0.1171 3 2 0
0.0617282 0.491457 0.117125 3 2 0
0.0619012 0.491631 0.117151 3 2 0
0.0620747 0.491782 0.117186 3 2 0
0.062249 0.491958 0.117212 3 2 0
0.0624238 0.492133 0.117237 3 2 0
0.0625994 0.492286 0.117276 3 2 0
0.0627756 0.492463 0.117301 3 2 0
0.0629524 0.49264 0.117326 3 2 0
0.0631299 0.492858 0.117352 3 2 0
0.0633081 0.493033 0.117378 3 2 0
0.063487 0.493207 0.117404 3 2 0
0.0636665 0.493384 0.117444 3 2 0
0.0638467 0.493557 0.11747 3 2 0
0.0640276 0.49373 0.117496 3 2 0
0.0642092 0.493903 0.117537 3 2 0
0.0643914 0.494076 0.117563 3 2 0
0.0645744 0.494249 0.117589 3 2 0
0.064758 0.49442 0.117625 3 2 0
0.0649424 0.494593 0.117651 3 2 0
0.0651274 0.494767 0.117678 3 2 0
0.0653132 0.494818 0.117718 3 2 0
0.0654997 0.494987 0.117744 3 2 0
0.0656868 0.495156 0.11777 3 2 0
0.0658747 0.495291 0.117813 3 2 0
0.0660634 0.49546 0.117839 3 2 0
0.0662527 0.495628 0.117865 3 2 0
0.0664428 0.495807 0.117905 3 2 0
0.0666336 0.495976 0.117931 3 2 0
0.0668252 0.496146 0.117958 3 2 0
0.0670174 0.496347 0.118 3 2 0
0.0672105 0.496518 0.118027 3 2 0
0.0674043 0.496688 0.118054 3 2 0
0.0675988 0.496864 0.11809 3 2 0
0.0677941 0.497035 0.118117 3 2 0
0.0679901 0.497206 0.118144 3 2 0
0.068187 0.497337 0.11819 3 2 0
0.0683845 0.497508 0.118217 3 2 0
0.0685829 0.497679 0.118244 3 2 0
0.068782 0.497741 0.118281 3 2 0
0.068982 0.497911 0.118316 3 2 0
0.0691827 0.498081 0.118344 3 2 0
0.0693842 0.498253 0.118372 3 2 0
0.0695865 0.498423 0.11841 3 2 0
0.0697896 0.498593 0.118446 3 2 0
0.0699934 0.498807 0.118464 3 2 0
0.0701981 0.498978 0.118502 3 2 0
0.0704037 0.49915 0.11854 3 2 0
0.07061 0.499308 0.118564 3 2 0
0.0708171 0.499508 0.118603 3 2 0
0.0710251 0.499709 0.118642 3 2 0
0.0712339 0.500154 0.118665 3 2 0
0.0714436 0.500349 0.118704 3 2 0
0.071654 0.500545 0.118744 3 2 0
0.0718654 0.500921 0.118748 3 2 0
0.0720775 0.501109 0.118785 3 2 0
0.0722906 0.501297 0.118824 3 2 0
0.0725044 0.501326 0.118852 3 2 0
0.0727192 0.501506 0.118891 3 2 0
0.0729348 0.501687 0.11893 3 2 0
0.0731513 0.502047 0.118971 3 2 0
0.0733686 0.502237 0.119011 3 2 0
0.0735869 0.502427 0.119053 3 2 0
0.073806 0.502596 0.119053 3 2 0
0.074026 0.502783 0.119092 3 2 0
0.0742469 0.50297 0.119132 3 2 0
0.0744687 0.503189 0.119181 3 2 0
0.0746915 0.50338 0.119222 3 2 0
0.0749151 0.503571 0.119264 3 2 0
0.0751396 0.503762 0.119282 3 2 0
0.0753651 0.503955 0.119324 3 2 0
0.0755915 0.504148 0.119366 3 2 0
0.0758189 0.504339 0.119388 3 2 0
0.0760471 0.504533 0.119429 3 2 0
0.0762763 0.504727 0.119472 3 2 0
0.0765065 0.504915 0.119514 3 2 0
0.0767376 0.505108 0.119557 3 2 0
0.0769697 0.505301 0.119601 3 2 0
0.0772027 0.505506 0.119616 3 2 0
0.0774367 0.505702 0.119659 3 2 0
0.0776717 0.505897 0.119703 3 2 0
0.0779077 0.506091 0.119736 3 2 0
0.0781446 0.506287 0.11978 3 2 0
0.0783826 0.506483 0.119825 3 2 0
0.0786215 0.506655 0.119852 3 2 0
0.0788615 0.506849 0.119896 3 2 0
0.0791024 0.507044 0.119942 3 2 0
0.0793444 0.507201 0.119967 3 2 0
0.0795874 0.507394 0.120012 3 2 0
0.0798314 0.507588 0.120058 3 2 0
0.0800764 0.507312 0.120067 3 2 0
0.0803225 0.507499 0.12011 3 2 0
0.0805697 0.507713 0.120155 3 2 0
0.0808178 0.508113 0.120212 3 2 0
0.0810671 0.508303 0.120259 3 2 0
0.0813174 0.508493 0.120306 3 2 0
0.0815688 0.508844 0.120326 3 2 0
0.0818212 0.509037 0.120373 3 2 0
0.0820747 0.509231 0.12042 3 2 0
0.0823294 0.509144 0.120449 3 2 0
0.0825851 0.509364 0.120496 3 2 0
0.0828419 0.509585 0.120544 3 2 0
0.0830998 0.510296 0.120606 3 2 0
0.0833589 0.510499 0.120645 3 2 0
0.083619 0.510702 0.120681 3 2 0
0.0838803 0.510794 0.120702 3 2 0
0.0841427 0.510993 0.12075 3 2 0
0.0844063 0.511193 0.120799 3 2 0
0.084671 0.511525 0.120864 3 2 0
0.0849369 0.511729 0.120901 3 2 0
0.0852039 0.511934 0.120938 3 2 0
0.0854721 0.511633 0.120957 3 2 0
0.0857415 0.511858 0.121007 3 2 0
0.086012 0.512083 0.121057 3 2 0
0.0862838 0.512791 0.121118 3 2 0
0.0865567 0.512999 0.121157 3 2 0
0.0868308 0.513208 0.121197 3 2 0
0.0871062 0.513065 0.12125 3 2 0
0.0873828 0.513289 0.121289 3 2 0
0.0876606 0.513514 0.121329 3 2 0
0.0879396 0.513993 0.121371 3 2 0
0.0882199 0.5142 0.121412 3 2 0
0.0885014 0.514407 0.121454 3 2 0
0.0887842 0.514134 0.121519 3 2 0
0.0890682 0.514334 0.12156 3 2 0
0.0893535 0.514534 0.121602 3 2 0
0.0896401 0.515059 0.121652 3 2 0
0.089928 0.515264 0.121694 3 2 0
0.0902172 0.515469 0.121737 3 2 0
0.0905076 0.515514 0.121797 3 2 0
0.0907994 0.515718 0.12184 3 2 0
0.0910925 0.515922 0.121884 3 2 0
0.091387 0.516241 0.121938 3 2 0
0.0916827 0.516447 0.121982 3 2 0
0.0919798 0.516653 0.122027 3 2 0
0.0922783 0.516718 0.122094 3 2 0
0.0925781 0.516953 0.122138 3 2 0
0.0928793 0.517189 0.122183 3 2 0
0.0931819 0.517635 0.12223 3 2 0
0.0934858 0.517845 0.122276 3 2 0
0.0937912 0.518054 0.122323 3 2 0
0.0940979 0.518171 0.122372 3 2 0
0.0944061 0.518407 0.12242 3 2 0
0.0947157 0.518642 0.122469 3 2 0
0.0950267 0.518893 0.122525 3 2 0
0.0953392 0.519104 0.122574 3 2 0
0.0956531 0.519315 0.122625 3 2 0
0.0959684 0.519642 0.122686 3 2 0
0.0962852 0.519877 0.122735 3 2 0
0.0966035 0.520113 0.122786 3 2 0
0.0969233 0.520421 0.122841 3 2 0
0.0972446 0.520637 0.122892 3 2 0
0.0975674 0.520853 0.122944 3 2 0
0.0978917 0.520784 0.122997 3 2 0
0.0982175 0.521026 0.123051 3 2 0
0.0985449 0.521267 0.123106 3 2 0
0.0988738 0.521433 0.123161 3 2 0
0.0992042 0.521646 0.123217 3 2 0
0.0995362 0.52186 0.123273 3 2 0
0.0998698 0.522035 0.123329 3 2 0
0.100205 0.52228 0.123385 3 2 0
0.100542 0.522526 0.123443 3 2 0
0.10088 0.522831 0.123499 3 2 0
0.10122 0.523047 0.123558 3 2 0
0.101562 0.523263 0.123617 3 2 0
0.101905 0.523399 0.123673 3 2 0
0.10225 0.523648 0.123733 3 2 0
0.102596 0.523896 0.123794 3 2 0
0.102945 0.524159 0.123851 3 2 0
0.103294 0.524377 0.123912 3 2 0
0.103646 0.524595 0.123975 3 2 0
0.103999 0.524812 0.124033 3 2 0
0.104354 0.525031 0.124096 3 2 0
0.104711 0.52525 0.12416 3 2 0
0.105069 0.525496 0.124217 3 2 0
0.10543 0.525716 0.124282 3 2 0
0.105792 0.525936 0.124349 3 2 0
0.106155 0.526268 0.124408 3 2 0
0.106521 0.52649 0.124475 3 2 0
0.106888 0.526711 0.124543 3 2 0
0.107257 0.52693 0.124603 3 2 0
0.107628 0.527152 0.124672 3 2 0
0.108001 0.527374 0.124743 3 2 0
0.108375 0.527591 0.124798 3 2 0
0.108752 0.527814 0.124869 3 2 0
0.10913 0.528061 0.124941 3 2 0
0.10951 0.528345 0.124999 3 2 0
0.109892 0.528569 0.125072 3 2 0
0.110276 0.528793 0.125146 3 2 0
0.110662 0.529132 0.125205 3 2 0
0.11105 0.529358 0.12528 3 2 0
0.11144 0.529584 0.125356 3 2 0
0.111832 0.52976 0.125417 3 2 0
0.112225 0.529986 0.125494 3 2 0
0.112621 0.530212 0.125572 3 2 0
0.113019 0.530516 0.125633 3 2 0
0.113418 0.530743 0.125712 3 2 0
0.11382 0.530971 0.125793 3 2 0
0.114224 0.531284 0.125852 3 2 0
0.11463 0.531513 0.125933 3 2 0
0.115038 0.531742 0.126016 3 2 0
0.115448 0.531956 0.126086 3 2 0
0.11586 0.532185 0.12617 3 2 0
0.116274 0.532415 0.126256 3 2 0
0.11669 0.53274 0.126314 3 2 0
0.117109 0.532971 0.126401 3 2 0
0.117529 0.533202 0.126489 3 2 0
0.117952 0.533498 0.126543 3 2 0
0.118377 0.53373 0.126632 3 2 0
0.118804 0.533962 0.126722 3 2 0
0.119234 0.534324 0.126781 3 2 0
0.119665 0.534558 0.126873 3 2 0
0.120099 0.534792 0.126942 3 2 0
0.120535 0.53529 0.127012 3 2 0
0.120974 0.535529 0.127102 3 2 0
0.121414 0.535767 0.127166 3 2 0
0.121857 0.536216 0.12724 3 2 0
0.122303 0.53646 0.127334 3 2 0
0.12275 0.536704 0.127399 3 2 0
0.1232 0.536864 0.127464 3 2 0
0.123653 0.537106 0.127531 3 2 0
0.124108 0.537348 0.127599 3 2 0
0.124565 0.537607 0.127682 3 2 0
0.125025 0.53785 0.127751 3 2 0
0.125487 0.538092 0.127822 3 2 0
0.125952 0.538303 0.127906 3 2 0
0.126419 0.538545 0.127978 3 2 0
0.126888 0.538788 0.128051 3 2 0
0.12736 0.539022 0.128142 3 2 0
0.127835 0.539264 0.128216 3 2 0
0.128312 0.539506 0.128292 3 2 0
0.128792 0.53977 0.12838 3 2 0
0.129275 0.540013 0.128457 3 2 0
0.12976 0.540256 0.128535 3 2 0
0.130247 0.540504 0.128624 3 2 0
0.130738 0.540747 0.128704 3 2 0
0.131231 0.540991 0.128785 3 2 0
0.131726 0.541278 0.128875 3 2 0
0.132225 0.541522 0.128958 3 2 0
0.132726 0.541766 0.129041 3 2 0
0.13323 0.542005 0.129138 3 2 0
0.133736 0.542249 0.129222 3 2 0
0.134246 0.542494 0.129309 3 2 0
0.134758 0.542757 0.129402 3 2 0
0.135273 0.543001 0.12949 3 2 0
0.135791 0.543246 0.129579 3 2 0
0.136312 0.543539 0.129675 3 2 0
0.136836 0.543785 0.129766 3 2 0
0.137363 0.54403 0.129858 3 2 0
0.137893 0.544305 0.129955 3 2 0
0.138425 0.544551 0.130049 3 2 0
0.138961 0.544797 0.130144 3 2 0
0.1395 0.545137 0.130242 3 2 0
0.140041 0.545384 0.130339 3 2 0
0.140586 0.545632 0.130437 3 2 0
0.141134 0.546049 0.130538 3 2 0
0.141685 0.5463 0.130637 3 2 0
0.142239 0.546551 0.130737 3 2 0
0.142797 0.546879 0.130839 3 2 0
0.143357 0.547133 0.130941 3 2 0
0.143921 0.547387 0.131045 3 2 0
0.144488 0.54765 0.131148 3 2 0
0.145058 0.547904 0.131254 3 2 0
0.145631 0.548158 0.131362 3 2 0
0.146208 0.548393 0.131466 3 2 0
0.146788 0.548646 0.131575 3 2 0
0.147372 0.548899 0.131686 3 2 0
0.147959 0.548867 0.131792 3 2 0
0.148549 0.549113 0.131905 3 2 0
0.149143 0.54936 0.132019 3 2 0
0.14974 0.54984 0.132135 3 2 0
0.150341 0.55009 0.132253 3 2 0
0.150945 0.55034 0.132373 3 2 0
0.151553 0.550643 0.132478 3 2 0
0.152165 0.550894 0.1326 3 2 0
0.15278 0.551145 0.132724 3 2 0
0.153398 0.551437 0.132837 3 2 0
0.154021 0.551689 0.132963 3 2 0
0.154647 0.55194 0.133091 3 2 0
0.155277 0.552147 0.133211 3 2 0
0.15591 0.552397 0.133342 3 2 0
0.156548 0.552647 0.133475 3 2 0
0.157189 0.553019 0.133606 3 2 0
0.157834 0.553272 0.133743 3 2 0
0.158483 0.553524 0.133882 3 2 0
0.159136 0.55382 0.133997 3 2 0
0.159793 0.554073 0.134126 3 2 0
0.160453 0.554326 0.134236 3 2 0
0.161118 0.554621 0.134372 3 2 0
0.161787 0.554881 0.1345 3 2 0
0.16246 0.55514 0.134613 3 2 0
0.163137 0.555407 0.134758 3 2 0
0.163819 0.555663 0.134873 3 2 0
0.164504 0.555919 0.13499 3 2 0
0.165194 0.556173 0.1351 3 2 0
0.165888 0.55643 0.135221 3 2 0
0.166586 0.556686 0.135345 3 2 0
0.167289 0.556934 0.135469 3 2 0
0.167996 0.55719 0.135596 3 2 0
0.168707 0.557447 0.135725 3 2 0
0.169423 0.557697 0.135857 3 2 0
0.170143 0.557949 0.13599 3 2 0
0.170868 0.558201 0.136125 3 2 0
0.171597 0.558467 0.136262 3 2 0
0.172331 0.558719 0.136402 3 2 0
0.17307 0.558971 0.136543 3 2 0
0.173813 0.559226 0.136688 3 2 0
0.174561 0.559479 0.136833 3 2 0
0.175314 0.55973 0.13698 3 2 0
0.176072 0.559966 0.137129 3 2 0
0.176834 0.560219 0.137279 3 2 0
0.177601 0.560471 0.137432 3 2 0
0.178374 0.560614 0.137583 3 2 0
0.179151 0.56087 0.137739 3 2 0
0.179933 0.561126 0.137897 3 2 0
0.18072 0.561401 0.138057 3 2 0
0.181513 0.561655 0.13822 3 2 0
0.18231 0.561907 0.138385 3 2 0
0.183113 0.562173 0.138552 3 2 0
0.183921 0.562424 0.138723 3 2 0
0.184734 0.562673 0.138896 3 2 0
0.185553 0.562892 0.139066 3 2 0
0.186377 0.563141 0.139244 3 2 0
0.187206 0.563389 0.139425 3 2 0
0.188041 0.563584 0.139595 3 2 0
0.188881 0.563832 0.13978 3 2 0
0.189727 0.564079 0.139968 3 2 0
0.190579 0.56412 0.140137 3 2 0
0.191436 0.56437 0.140329 3 2 0
0.192299 0.564619 0.140524 3 2 0
0.193168 0.564828 0.140711 3 2 0
0.194042 0.565075 0.140891 3 2 0
0.194923 0.565322 0.141057 3 2 0
0.195809 0.565505 0.141229 3 2 0
0.196702 0.56575 0.1414 3 2 0
0.1976 0.565994 0.141574 3 2 0
0.198505 0.566278 0.141757 3 2 0
0.199415 0.566518 0.141936 3 2 0
0.200332 0.566757 0.142117 3 2 0
0.201255 0.567061 0.142305 3 2 0
0.202185 0.567296 0.142492 3 2 0
0.203121 0.56753 0.142681 3 2 0
0.204063 0.567893 0.142887 3 2 0
0.205012 0.568118 0.143081 3 2 0
0.205967 0.568342 0.143278 3 2 0
0.206929 0.568228 0.14347 3 2 0
0.207898 0.568459 0.143676 3 2 0
0.208873 0.568688 0.143885 3 2 0
0.209856 0.569176 0.1441 3 2 0
0.210845 0.569395 0.144318 3 2 0
0.211841 0.569612 0.14454 3 2 0
0.212844 0.569795 0.144764 3 2 0
0.213854 0.57001 0.144993 3 2 0
0.214871 0.570223 0.145225 3 2 0
0.215896 0.570456 0.145454 3 2 0
0.216928 0.570664 0.145692 3 2 0
0.217967 0.57087 0.145935 3 2 0
0.219013 0.571025 0.146174 3 2 0
0.220067 0.571229 0.146424 3 2 0
0.221129 0.571431 0.146677 3 2 0
0.222198 0.571663 0.146922 3 2 0
0.223275 0.571859 0.147182 3 2 0
0.224359 0.572052 0.147447 3 2 0
0.225452 0.57216 0.147708 3 2 0
0.226552 0.572352 0.14798 3 2 0
0.227661 0.572541 0.148257 3 2 0
0.228777 0.572759 0.148527 3 2 0
0.229902 0.572942 0.148781 3 2 0
0.231034 0.573122 0.149027 3 2 0
0.232175 0.573145 0.149284 3 2 0
0.233325 0.573324 0.149537 3 2 0
0.234483 0.573499 0.149795 3 2 0
0.235649 0.573685 0.150069 3 2 0
0.236824 0.573854 0.150335 3 2 0
0.238008 0.57402 0.150605 3 2 0
0.239201 0.573893 0.150892 3 2 0
0.240402 0.574036 0.151171 3 2 0
0.241613 0.574189 0.151455 3 2 0
0.242832 0.574471 0.151748 3 2 0
0.244061 0.574623 0.152041 3 2 0
0.245298 0.574771 0.152339 3 2 0
0.246545 0.574806 0.152642 3 2 0
0.247802 0.574928 0.152951 3 2 0
0.249068 0.575047 0.153265 3 2 0
0.250343 0.575205 0.153587 3 2 0
0.251629 0.575315 0.153912 3 2 0
0.252924 0.575422 0.154242 3 2 0
0.254228 0.575659 0.154578 3 2 0
0.255543 0.575758 0.154918 3 2 0
0.256868 0.575852 0.155265 3 2 0
0.258203 0.576035 0.155616 3 2 0
0.259548 0.576121 0.155975 3 2 0
0.260903 0.576201 0.156339 3 2 0
0.262269 0.576375 0.156707 3 2 0
0.263646 0.576446 0.157085 3 2 0
0.265033 0.576512 0.157469 3 2 0
0.26643 0.57666 0.157854 3 2 0
0.267839 0.576717 0.158251 3 2 0
0.269258 0.576767 0.158655 3 2 0
0.270689 0.57684 0.159055 3 2 0
0.27213 0.576879 0.159473 3 2 0
0.273583 0.576912 0.159898 3 2 0
0.275047 0.576834 0.160319 3 2 0
0.276523 0.576856 0.160759 3 2 0
0.27801 0.576871 0.161207 3 2 0
0.279509 0.576763 0.161654 3 2 0
0.281019 0.576764 0.162118 3 2 0
0.282541 0.576758 0.162591 3 2 0
0.284075 0.576495 0.163077 3 2 0
0.285622 0.576474 0.163523 3 2 0
0.28718 0.576444 0.163978 3 2 0
0.28875 0.576635 0.164435 3 2 0
0.290333 0.576575 0.164909 3 2 0
0.291929 0.576504 0.165393 3 2 0
0.293537 0.576586 0.165914 3 2 0
0.295157 0.576497 0.166416 3 2 0
0.29679 0.576397 0.166929 3 2 0
0.298436 0.576312 0.167507 3 2 0
0.300095 0.57619 0.168037 3 2 0
0.301767 0.576056 0.168578 3 2 0
0.303452 0.575893 0.169154 3 2 0
0.305151 0.575733 0.169718 3 2 0
0.306862 0.57556 0.170293 3 2 0
0.308587 0.575342 0.170898 3 2 0
0.310326 0.575141 0.171498 3 2 0
0.312078 0.574924 0.172112 3 2 0
0.313843 0.574753 0.172752 3 2 0
0.315623 0.574506 0.173393 3 2 0
0.317416 0.574243 0.174048 3 2 0
0.319223 0.573884 0.174728 3 2 0
0.321044 0.573586 0.175413 3 2 0
0.322878 0.573269 0.176114 3 2 0
0.324727 0.573009 0.176836 3 2 0
0.32659 0.572653 0.177571 3 2 0
0.328466 0.572276 0.178324 3 2 0
0.330357 0.571867 0.179097 3 2 0
0.332262 0.571445 0.179887 3 2 0
0.334181 0.571 0.180697 3 2 0
0.336115 0.570532 0.181528 3 2 0
0.338062 0.570037 0.182379 3 2 0
0.340023 0.569515 0.183253 3 2 0
0.341999 0.568979 0.184149 3 2 0
0.343988 0.568399 0.18507 3 2 0
0.345991 0.567789 0.186016 3 2 0
0.348008 0.567151 0.186985 3 2 0
0.350039 0.566475 0.187983 3 2 0
0.352083 0.565763 0.18901 3 2 0
0.35414 0.565004 0.190063 3 2 0
0.356211 0.564216 0.19115 3 2 0
0.358294 0.563386 0.192271 3 2 0
0.36039 0.562478 0.19342 3 2 0
0.362499 0.561558 0.19461 3 2 0
0.364619 0.560591 0.195838 3 2 0
0.366751 0.559454 0.197098 3 2 0
0.368894 0.55838 0.198408 3 2 0
0.371048 0.55725 0.199763 3 2 0
0.373211 0.555939 0.20116 3 2 0
0.375384 0.554683 0.202612 3 2 0
0.377565 0.553359 0.204118 3 2 0
0.379754 0.55195 0.205674 3 2 0
0.38195 0.550507 0.207297 3 2 0
0.384151 0.548983 0.208984 3 2 0
0.386356 0.547445 0.210724 3 2 0
0.388564 0.545709 0.212555 3 2 0
0.390773 0.543871 0.214466 3 2 0
0.392981 0.542177 0.216494 3 2 0
0.395186 0.540132 0.218585 3 2 0
0.397386 0.537962 0.220777 3 2 0
0.399577 0.535536 0.223109 3 2 0
0.401756 0.533101 0.225529 3 2 0
0.403919 0.530507 0.228079 3 2 0
0.406063 0.527549 0.230891 3 2 0
0.408181 0.524612 0.233736 3 2 0
0.410268 0.521467 0.236748 3 2 0
0.412317 0.518128 0.239906 3 2 0
0.414319 0.514452 0.243318 3 2 0
0.416266 0.510503 0.246958 3 2 0
0.418147 0.506369 0.250831 3 2 0
0.41995 0.501809 0.255005 3 2 0
0.42166 0.496901 0.259481 3 2 0
0.423264 0.49178 0.264294 3 2 0
0.424745 0.486134 0.269439 3 2 0
0.42609 0.480084 0.274947 3 2 0
0.427283 0.473668 0.280847 3 2 0
0.428318 0.466831 0.287106 3 2 0
0.429188 0.459634 0.293718 3 2 0
0.429897 0.452193 0.300566 3 2 0
0.430454 0.444496 0.30773 3 2 0
0.430874 0.436572 0.315146 3 2 0
0.431178 0.428463 0.322801 3 2 0
0.431388 0.420259 0.330604 3 2 0
0.431524 0.411975 0.338491 3 2 0
0.431608 0.403651 0.346504 3 2 0
0.431655 0.395312 0.354587 3 2 0
0.43168 0.386978 0.362752 3 2 0
0.43169 0.378672 0.370981 3 2 0
0.43169 0.377856 0.371798 3 2 0
0.431681 0.386154 0.363567 3 2 0
0.431659 0.394484 0.355387 3 2 0
0.431614 0.402821 0.347283 3 2 0
0.431535 0.41114 0.339276 3 2 0
0.431404 0.419434 0.331354 3 2 0
0.431203 0.427646 0.323547 3 2 0
0.43091 0.435738 0.315905 3 2 0
0.430502 0.44374 0.308476 3 2 0
0.42996 0.4515 0.301295 3 2 0
0.429267 0.45899 0.294401 3 2 0
0.428413 0.466188 0.287756 3 2 0
0.427395 0.473044 0.281514 3 2 0
0.426217 0.47951 0.275641 3 2 0
0.424886 0.485569 0.270038 3 2 0
0.423418 0.491226 0.264824 3 2 0
0.421826 0.496486 0.259966 3 2 0
0.420125 0.501448 0.255455 3 2 0
0.41833 0.506014 0.251256 3 2 0
0.416456 0.510254 0.247337 3 2 0
0.414515 0.514203 0.243603 3 2 0
0.412517 0.517887 0.240159 3 2 0
0.410473 0.52132 0.236927 3 2 0
0.408389 0.52449 0.23392 3 2 0
0.406273 0.52747 0.231042 3 2 0
0.404132 0.530259 0.228323 3 2 0
0.40197 0.532868 0.22571 3 2 0
0.399792 0.535319 0.223273 3 2 0
0.397602 0.537622 0.220958 3 2 0
0.395403 0.539676 0.218868 3 2 0
0.393199 0.541709 0.216767 3 2 0
0.390991 0.543626 0.214761 3 2 0
0.388782 0.545579 0.212728 3 2 0
0.386574 0.547296 0.210891 3 2 0
0.384368 0.548919 0.209129 3 2 0
0.382167 0.550625 0.207438 3 2 0
0.379971 0.552088 0.205813 3 2 0
0.377781 0.553474 0.204249 3 2 0
0.375599 0.554784 0.202748 3 2 0
0.373425 0.556031 0.201296 3 2 0
0.371261 0.557214 0.199896 3 2 0
0.369106 0.558148 0.198538 3 2 0
0.366962 0.559209 0.197224 3 2 0
0.364829 0.560218 0.195952 3 2 0
0.362707 0.561105 0.194739 3 2 0
0.360598 0.562019 0.193544 3 2 0
0.3585 0.562899 0.192386 3 2 0
0.356416 0.563735 0.19128 3 2 0
0.354344 0.564529 0.190187 3 2 0
0.352285 0.565284 0.189125 3 2 0
0.35024 0.566026 0.188098 3 2 0
0.348208 0.566707 0.187094 3 2 0
0.346189 0.567354 0.186118 3 2 0
0.344185 0.568052 0.185168 3 2 0
0.342194 0.568635 0.184243 3 2 0
0.340217 0.569188 0.183342 3 2 0
0.338255 0.56969 0.182515 3 2 0
0.336306 0.570187 0.181651 3 2 0
0.334371 0.570658 0.180809 3 2 0
0.332451 0.571098 0.179978 3 2 0
0.330545 0.57152 0.179178 3 2 0
0.328652 0.571919 0.178398 3 2 0
0.326774 0.572275 0.177657 3 2 0
0.32491 0.57263 0.176909 3 2 0
0.32306 0.572964 0.176177 3 2 0
0.321224 0.573262 0.175484 3 2 0
0.319402 0.573557 0.174782 3 2 0
0.317593 0.573835 0.174096 3 2 0
0.315799 0.574074 0.17344 3 2 0
0.314018 0.574317 0.172781 3 2 0
0.312251 0.574543 0.172136 3 2 0
0.310498 0.574734 0.171521 3 2 0
0.308758 0.57493 0.1709 3 2 0
0.307032 0.575111 0.170293 3 2 0
0.305319 0.575318 0.169702 3 2 0
0.303619 0.575472 0.169119 3 2 0
0.301933 0.575612 0.168548 3 2 0
0.30026 0.575698 0.168043 3 2 0
0.298599 0.575813 0.167485 3 2 0
0.296952 0.575916 0.166937 3 2 0
0.295317 0.576032 0.166443 3 2 0
0.293696 0.576112 0.165912 3 2 0
0.292087 0.576182 0.165391 3 2 0
0.29049 0.576274 0.164891 3 2 0
0.288906 0.576324 0.164388 3 2 0
0.287334 0.576363 0.163896 3 2 0
0.285775 0.576414 0.163588 3 2 0
0.284227 0.576451 0.163099 3 2 0
0.282692 0.576478 0.162618 3 2 0
0.281169 0.576449 0.162195 3 2 0
0.279657 0.576461 0.161749 3 2 0
0.278157 0.576465 0.161289 3 2 0
0.276669 0.576468 0.160836 3 2 0
0.275192 0.576457 0.16043 3 2 0
0.273727 0.576439 0.160033 3 2 0
0.272273 0.57635 0.159503 3 2 0
0.27083 0.57632 0.159111 3 2 0
0.269399 0.576282 0.158725 3 2 0
0.267978 0.57625 0.15835 3 2 0
0.266569 0.5762 0.157979 3 2 0
0.26517 0.576145 0.157615 3 2 0
0.263782 0.576138 0.157158 3 2 0
0.262404 0.576071 0.1568 3 2 0
0.261038 0.575999 0.156448 3 2 0
0.259681 0.575902 0.156055 3 2 0
0.258335 0.575819 0.155711 3 2 0
0.256999 0.575731 0.155374 3 2 0
0.255673 0.575703 0.155006 3 2 0
0.254358 0.575606 0.154677 3 2 0
0.253052 0.575503 0.154354 3 2 0
0.251756 0.575412 0.153979 3 2 0
0.25047 0.575301 0.153662 3 2 0
0.249193 0.575185 0.15335 3 2 0
0.247926 0.575073 0.153031 3 2 0
0.246669 0.574949 0.152729 3 2 0
0.245421 0.574821 0.152432 3 2 0
0.244182 0.57472 0.152091 3 2 0
0.242953 0.574584 0.1518 3 2 0
0.241732 0.574445 0.151514 3 2 0
0.240521 0.57435 0.15121 3 2 0
0.239319 0.574203 0.150932 3 2 0
0.238125 0.574053 0.150658 3 2 0
0.236941 0.5739 0.150327 3 2 0
0.235765 0.573743 0.150057 3 2 0
0.234597 0.573584 0.149792 3 2 0
0.233439 0.573414 0.149478 3 2 0
0.232288 0.573249 0.149216 3 2 0
0.231146 0.573081 0.148959 3 2 0
0.230013 0.57286 0.148663 3 2 0
0.228888 0.572687 0.148409 3 2 0
0.22777 0.572512 0.14816 3 2 0
0.226661 0.572334 0.147904 3 2 0
0.22556 0.572154 0.147662 3 2 0
0.224467 0.571971 0.147424 3 2 0
0.223381 0.571796 0.147155 3 2 0
0.222304 0.571609 0.146921 3 2 0
0.221234 0.571419 0.146691 3 2 0
0.220172 0.571276 0.146451 3 2 0
0.219117 0.57108 0.146227 3 2 0
0.21807 0.570882 0.146007 3 2 0
0.21703 0.570707 0.145761 3 2 0
0.215997 0.570503 0.145546 3 2 0
0.214972 0.570297 0.145334 3 2 0
0.213954 0.57009 0.145073 3 2 0
0.212943 0.56988 0.144865 3 2 0
0.21194 0.569667 0.14466 3 2 0
0.210943 0.569453 0.144384 3 2 0
0.209953 0.569238 0.14418 3 2 0
0.20897 0.56902 0.143979 3 2 0
0.207994 0.568796 0.143743 3 2 0
0.207025 0.568575 0.143545 3 2 0
0.206062 0.568352 0.14335 3 2 0
0.205106 0.568115 0.143131 3 2 0
0.204156 0.567888 0.14294 3 2 0
0.203213 0.56766 0.142752 3 2 0
0.202277 0.567416 0.142548 3 2 0
0.201347 0.567185 0.142365 3 2 0
0.200423 0.566952 0.142184 3 2 0
0.199505 0.566707 0.14197 3 2 0
0.198594 0.566471 0.141792 3 2 0
0.197689 0.566233 0.141618 3 2 0
0.19679 0.565982 0.141411 3 2 0
0.195897 0.565742 0.14124 3 2 0
0.19501 0.5655 0.141071 3 2 0
0.194129 0.565237 0.14087 3 2 0
0.193254 0.564993 0.140705 3 2 0
0.192384 0.564747 0.140542 3 2 0
0.191521 0.564504 0.140342 3 2 0
0.190663 0.564257 0.140182 3 2 0
0.189811 0.564008 0.140024 3 2 0
0.188964 0.563769 0.139837 3 2 0
0.188123 0.563519 0.139682 3 2 0
0.187288 0.563268 0.13953 3 2 0
