0 0.0953211 0.0953211 2 1 0
3.40475e-05 0.0953778 0.0953778 1 1 0
6.8414e-05 0.0954356 0.0954356 1 1 0
0.000102716 0.0954934 0.0954934 1 1 0
0.000136954 0.0955513 0.0955513 1 1 0
0.000171129 0.0956093 0.0956093 1 1 0
0.000205242 0.0956673 0.0956673 1 1 0
0.000239293 0.0957255 0.0957255 1 1 0
0.000273283 0.0957837 0.0957837 1 1 0
0.000307212 0.0958419 0.0958419 1 1 0
0.000341082 0.0959003 0.0959003 1 1 0
0.000374892 0.0959587 0.0959587 1 1 0
0.000408644 0.0960172 0.0960172 1 1 0
0.000442338 0.0960757 0.0960757 1 1 0
0.000475975 0.0961343 0.0961343 1 1 0
0.000509555 0.096193 0.096193 1 1 0
0.000543079 0.0962518 0.0962518 1 1 0
0.000576548 0.0963106 0.0963106 1 1 0
0.000609961 0.0963696 0.0963696 1 1 0
0.000643321 0.0964285 0.0964285 1 1 0
0.000676626 0.0964876 0.0964876 1 1 0
0.000709878 0.0965467 0.0965467 1 1 0
0.000743078 0.0966059 0.0966059 1 1 0
0.000776225 0.0966652 0.0966652 1 1 0
0.000809321 0.0967246 0.0967246 1 1 0
0.000842365 0.096784 0.096784 1 1 0
0.000875359 0.0968435 0.0968435 1 1 0
0.000908304 0.096903 0.096903 1 1 0
0.000941198 0.0969627 0.0969627 1 1 0
0.000974044 0.0970224 0.0970224 1 1 0
0.00100684 0.0970822 0.0970822 1 1 0
0.00103959 0.097142 0.097142 1 1 0
0.00107229 0.097202 0.097202 1 1 0
0.00110495 0.097262 0.097262 1 1 0
0.00113755 0.0973221 0.0973221 1 1 0
0.00117012 0.0973822 0.0973822 1 1 0
0.00120263 0.0974424 0.0974424 1 1 0
0.0012351 0.0975027 0.0975027 1 1 0
0.00126753 0.0975631 0.0975631 1 1 0
0.00129991 0.0976236 0.0976236 1 1 0
0.00133225 0.0976841 0.0976841 1 1 0
0.00136454 0.0977447 0.0977447 1 1 0
0.0013968 0.0978054 0.0978054 1 1 0
0.001429 0.0978661 0.0978661 1 1 0
0.00146117 0.0979269 0.0979269 1 1 0
0.0014933 0.0979878 0.0979878 1 1 0
0.00152538 0.0980488 0.0980488 1 1 0
0.00155743 0.0981099 0.0981099 1 1 0
0.00158943 0.098171 0.098171 1 1 0
0.00162139 0.0982322 0.0982322 1 1 0
0.00165331 0.0982934 0.0982934 1 1 0
0.0016852 0.0983548 0.0983548 1 1 0
0.00171704 0.0984162 0.0984162 1 1 0
0.00174885 0.0984777 0.0984777 1 1 0
0.00178062 0.0985393 0.0985393 1 1 0
0.00181235 0.0986009 0.0986009 1 1 0
0.00184404 0.0986627 0.0986627 1 1 0
0.0018757 0.0987245 0.0987245 1 1 0
0.00190732 0.0987863 0.0987863 1 1 0
0.00193891 0.0988483 0.0988483 1 1 0
0.00197045 0.0989103 0.0989103 1 1 0
0.00200197 0.0989724 0.0989724 1 1 0
0.00203344 0.0990346 0.0990346 1 1 0
0.00206489 0.0990969 0.0990969 1 1 0
0.0020963 0.0991592 0.0991592 1 1 0
0.00212767 0.0992216 0.0992216 1 1 0
0.00215901 0.0992841 0.0992841 1 1 0
0.00219032 0.0993467 0.0993467 1 1 0
0.00222159 0.0994093 0.0994093 1 1 0
0.00225283 0.0994721 0.0994721 1 1 0
0.00228404 0.0995348 0.0995348 1 1 0
0.00231522 0.0995977 0.0995977 1 1 0
0.00234637 0.0996607 0.0996607 1 1 0
0.00237748 0.0997237 0.0997237 1 1 0
0.00240856 0.0997868 0.0997868 1 1 0
0.00243961 0.09985 0.09985 1 1 0
0.00247063 0.0999133 0.0999133 1 1 0
0.00250163 0.0999766 0.0999766 1 1 0
0.00253259 0.10004 0.10004 1 1 0
0.00256352 0.100104 0.100104 1 1 0
0.00259442 0.100167 0.100167 1 1 0
0.00262529 0.100231 0.100231 1 1 0
0.00265614 0.100294 0.100294 1 1 0
0.00268696 0.100358 0.100358 1 1 0
0.00271774 0.100422 0.100422 1 1 0
0.00274851 0.100486 0.100486 1 1 0
0.00277924 0.10055 0.10055 1 1 0
0.00280994 0.100614 0.100614 1 1 0
0.00284062 0.100679 0.100679 1 1 0
0.00287128 0.100743 0.100743 1 1 0
0.0029019 0.100807 0.100807 1 1 0
0.0029325 0.100872 0.100872 1 1 0
0.00296308 0.100936 0.100936 1 1 0
0.00299362 0.101001 0.101001 1 1 0
0.00302415 0.101065 0.101065 1 1 0
0.00305465 0.10113 0.10113 1 1 0
0.00308512 0.101195 0.101195 1 1 0
0.00311557 0.10126 0.10126 1 1 0
0.00314599 0.101325 0.101325 1 1 0
0.00317639 0.10139 0.10139 1 1 0
0.00320677 0.101455 0.101455 1 1 0
0.00323712 0.10152 0.10152 1 1 0
0.00326745 0.101586 0.101586 1 1 0
0.00329776 0.101651 0.101651 1 1 0
0.00332805 0.101717 0.101717 1 1 0
0.00335831 0.101782 0.101782 1 1 0
0.00338855 0.101848 0.101848 1 1 0
0.00341877 0.101914 0.101914 1 1 0
0.00344896 0.101979 0.101979 1 1 0
0.00347914 0.102045 0.102045 1 1 0
0.00350929 0.102111 0.102111 1 1 0
0.00353943 0.102177 0.102177 1 1 0
0.00356954 0.102243 0.102243 1 1 0
0.00359963 0.10231 0.10231 1 1 0
0.0036297 0.102376 0.102376 1 1 0
0.00365975 0.102442 0.102442 1 1 0
0.00368979 0.102509 0.102509 1 1 0
0.0037198 0.102575 0.102575 1 1 0
0.00374979 0.102642 0.102642 1 1 0
0.00377976 0.102709 0.102709 1 1 0
0.00380972 0.102775 0.102775 1 1 0
0.00383965 0.102842 0.102842 1 1 0
0.00386957 0.102909 0.102909 1 1 0
0.00389947 0.102976 0.102976 1 1 0
0.00392935 0.103043 0.103043 1 1 0
0.00395922 0.103111 0.103111 1 1 0
0.00398906 0.103178 0.103178 1 1 0
0.00401889 0.103245 0.103245 1 1 0
0.0040487 0.103313 0.103313 1 1 0
0.0040785 0.10338 0.10338 1 1 0
0.00410828 0.103448 0.103448 1 1 0
0.00413804 0.103516 0.103516 1 1 0
0.00416778 0.103583 0.103583 1 1 0
0.00419751 0.103651 0.103651 1 1 0
0.00422723 0.103719 0.103719 1 1 0
0.00425692 0.103787 0.103787 1 1 0
0.00428661 0.103855 0.103855 1 1 0
0.00431627 0.103924 0.103924 1 1 0
0.00434593 0.103992 0.103992 1 1 0
0.00437556 0.10406 0.10406 1 1 0
0.00440519 0.104129 0.104129 1 1 0
0.00443479 0.104197 0.104197 1 1 0
0.00446439 0.104266 0.104266 1 1 0
0.00449397 0.104335 0.104335 1 1 0
0.00452353 0.104403 0.104403 1 1 0
0.00455309 0.104472 0.104472 1 1 0
0.00458263 0.104541 0.104541 1 1 0
0.00461215 0.10461 0.10461 1 1 0
0.00464166 0.104679 0.104679 1 1 0
0.00467117 0.104749 0.104749 1 1 0
0.00470065 0.104818 0.104818 1 1 0
0.00473013 0.104887 0.104887 1 1 0
0.00475959 0.104957 0.104957 1 1 0
0.00478904 0.105026 0.105026 1 1 0
0.00481848 0.105096 0.105096 1 1 0
0.00484791 0.105166 0.105166 1 1 0
0.00487732 0.105236 0.105236 1 1 0
0.00490673 0.105306 0.105306 1 1 0
0.00493612 0.105376 0.105376 1 1 0
0.0049655 0.105446 0.105446 1 1 0
0.00499487 0.105516 0.105516 1 1 0
0.00502423 0.105586 0.105586 1 1 0
0.00505358 0.105657 0.105657 1 1 0
0.00508292 0.105727 0.105727 1 1 0
0.00511225 0.105798 0.105798 1 1 0
0.00514157 0.105868 0.105868 1 1 0
0.00517089 0.105939 0.105939 1 1 0
0.00520019 0.10601 0.10601 1 1 0
0.00522948 0.106081 0.106081 1 1 0
0.00525876 0.106151 0.106151 1 1 0
0.00528803 0.106223 0.106223 1 1 0
0.0053173 0.106294 0.106294 1 1 0
0.00534656 0.106365 0.106365 1 1 0
0.0053758 0.106436 0.106436 1 1 0
0.00540504 0.106508 0.106508 1 1 0
0.00543428 0.106579 0.106579 1 1 0
0.0054635 0.106651 0.106651 1 1 0
0.00549271 0.106722 0.106722 1 1 0
0.00552192 0.106794 0.106794 1 1 0
0.00555112 0.106866 0.106866 1 1 0
0.00558032 0.106938 0.106938 1 1 0
0.0056095 0.10701 0.10701 1 1 0
0.00563868 0.107082 0.107082 1 1 0
0.00566786 0.107154 0.107154 1 1 0
0.00569702 0.107227 0.107227 1 1 0
0.00572618 0.107299 0.107299 1 1 0
0.00575534 0.107371 0.107371 1 1 0
0.00578449 0.107444 0.107444 1 1 0
0.00581363 0.107517 0.107517 1 1 0
0.00584276 0.107589 0.107589 1 1 0
0.0058719 0.107662 0.107662 1 1 0
0.00590102 0.107735 0.107735 1 1 0
0.00593014 0.107808 0.107808 1 1 0
0.00595926 0.107881 0.107881 1 1 0
0.00598837 0.107955 0.107955 1 1 0
0.00601747 0.108028 0.108028 1 1 0
0.00604657 0.108101 0.108101 1 1 0
0.00607567 0.108175 0.108175 1 1 0
0.00610476 0.108248 0.108248 1 1 0
0.00613385 0.108322 0.108322 1 1 0
0.00616294 0.108396 0.108396 1 1 0
0.00619202 0.10847 0.10847 1 1 0
0.00622109 0.108543 0.108543 1 1 0
0.00625017 0.108618 0.108618 1 1 0
0.00627924 0.108692 0.108692 1 1 0
0.00630831 0.108766 0.108766 1 1 0
0.00633737 0.10884 0.10884 1 1 0
0.00636643 0.108915 0.108915 1 1 0
0.00639549 0.108989 0.108989 1 1 0
0.00642455 0.109064 0.109064 1 1 0
0.0064536 0.109138 0.109138 1 1 0
0.00648266 0.109213 0.109213 1 1 0
0.00651171 0.109288 0.109288 1 1 0
0.00654075 0.109363 0.109363 1 1 0
0.0065698 0.109438 0.109438 1 1 0
0.00659885 0.109513 0.109513 1 1 0
0.00662789 0.109588 0.109588 1 1 0
0.00665693 0.109664 0.109664 1 1 0
0.00668597 0.109739 0.109739 1 1 0
0.00671502 0.109815 0.109815 1 1 0
0.00674406 0.10989 0.10989 1 1 0
0.0067731 0.109966 0.109966 1 1 0
0.00680213 0.110042 0.110042 1 1 0
0.00683117 0.110118 0.110118 1 1 0
0.00686021 0.110194 0.110194 1 1 0
0.00688925 0.11027 0.11027 1 1 0
0.00691829 0.110346 0.110346 1 1 0
0.00694733 0.110422 0.110422 1 1 0
0.00697637 0.110498 0.110498 1 1 0
0.00700541 0.110575 0.110575 1 1 0
0.00703445 0.110651 0.110651 1 1 0
0.00706349 0.110728 0.110728 1 1 0
0.00709254 0.110805 0.110805 1 1 0
0.00712158 0.110882 0.110882 1 1 0
0.00715063 0.110959 0.110959 1 1 0
0.00717967 0.111036 0.111036 1 1 0
0.00720872 0.111113 0.111113 1 1 0
0.00723777 0.11119 0.11119 1 1 0
0.00726683 0.111267 0.111267 1 1 0
0.00729588 0.111345 0.111345 1 1 0
0.00732494 0.111422 0.111422 1 1 0
0.007354 0.1115 0.1115 1 1 0
0.00738306 0.111578 0.111578 1 1 0
0.00741213 0.111655 0.111655 1 1 0
0.0074412 0.111733 0.111733 1 1 0
0.00747027 0.111811 0.111811 1 1 0
0.00749934 0.111889 0.111889 1 1 0
0.00752842 0.111968 0.111968 1 1 0
0.0075575 0.112046 0.112046 1 1 0
0.00758659 0.112124 0.112124 1 1 0
0.00761568 0.112203 0.112203 1 1 0
0.00764477 0.112281 0.112281 1 1 0
0.00767387 0.11236 0.11236 1 1 0
0.00770297 0.112439 0.112439 1 1 0
0.00773208 0.112518 0.112518 1 1 0
0.00776119 0.112597 0.112597 1 1 0
0.0077903 0.112676 0.112676 1 1 0
0.00781942 0.112755 0.112755 1 1 0
0.00784855 0.112834 0.112834 1 1 0
0.00787768 0.112914 0.112914 1 1 0
0.00790681 0.112993 0.112993 1 1 0
0.00793595 0.113073 0.113073 1 1 0
0.0079651 0.113152 0.113152 1 1 0
0.00799425 0.113232 0.113232 1 1 0
0.00802341 0.113312 0.113312 1 1 0
0.00805258 0.113392 0.113392 1 1 0
0.00808175 0.113472 0.113472 1 1 0
0.00811092 0.113552 0.113552 1 1 0
0.00814011 0.113633 0.113633 1 1 0
0.0081693 0.113713 0.113713 1 1 0
0.00819849 0.113793 0.113793 1 1 0
0.0082277 0.113874 0.113874 1 1 0
0.00825691 0.113955 0.113955 1 1 0
0.00828613 0.114036 0.114036 1 1 0
0.00831535 0.114116 0.114116 1 1 0
0.00834458 0.114197 0.114197 1 1 0
0.00837383 0.114278 0.114278 1 1 0
0.00840307 0.11436 0.11436 1 1 0
0.00843233 0.114441 0.114441 1 1 0
0.00846159 0.114522 0.114522 1 1 0
0.00849087 0.114604 0.114604 1 1 0
0.00852015 0.114685 0.114685 1 1 0
0.00854944 0.114767 0.114767 1 1 0
0.00857874 0.114849 0.114849 1 1 0
0.00860805 0.114931 0.114931 1 1 0
0.00863736 0.115013 0.115013 1 1 0
0.00866669 0.115095 0.115095 1 1 0
0.00869602 0.115177 0.115177 1 1 0
0.00872537 0.115259 0.115259 1 1 0
0.00875472 0.115342 0.115342 1 1 0
0.00878408 0.115424 0.115424 1 1 0
0.00881346 0.115507 0.115507 1 1 0
0.00884284 0.11559 0.11559 1 1 0
0.00887224 0.115673 0.115673 1 1 0
0.00890164 0.115755 0.115755 1 1 0
0.00893105 0.115838 0.115838 1 1 0
0.00896048 0.115922 0.115922 1 1 0
0.00898992 0.116005 0.116005 1 1 0
0.00901936 0.116088 0.116088 1 1 0
0.00904882 0.116172 0.116172 1 1 0
0.00907829 0.116255 0.116255 1 1 0
0.00910777 0.116339 0.116339 1 1 0
0.00913726 0.116423 0.116423 1 1 0
0.00916677 0.116507 0.116507 1 1 0
0.00919628 0.116591 0.116591 1 1 0
0.00922581 0.116675 0.116675 1 1 0
0.00925535 0.116759 0.116759 1 1 0
0.0092849 0.116843 0.116843 1 1 0
0.00931447 0.116927 0.116927 1 1 0
0.00934405 0.117012 0.117012 1 1 0
0.00937364 0.117097 0.117097 1 1 0
0.00940324 0.117181 0.117181 1 1 0
0.00943285 0.117266 0.117266 1 1 0
0.00946248 0.117351 0.117351 1 1 0
0.00949212 0.117436 0.117436 1 1 0
0.00952178 0.117521 0.117521 1 1 0
0.00955145 0.117606 0.117606 1 1 0
0.00958113 0.117692 0.117692 1 1 0
0.00961083 0.117777 0.117777 1 1 0
0.00964054 0.117863 0.117863 1 1 0
0.00967027 0.117949 0.117949 1 1 0
0.00970001 0.118034 0.118034 1 1 0
0.00972976 0.11812 0.11812 1 1 0
0.00975953 0.118206 0.118206 1 1 0
0.00978931 0.118292 0.118292 1 1 0
0.00981911 0.118379 0.118379 1 1 0
0.00984893 0.118465 0.118465 1 1 0
0.00987875 0.118551 0.118551 1 1 0
0.0099086 0.118638 0.118638 1 1 0
0.00993846 0.118724 0.118724 1 1 0
0.00996833 0.118811 0.118811 1 1 0
0.00999823 0.118898 0.118898 1 1 0
0.0100281 0.118985 0.118985 1 1 0
0.0100581 0.119072 0.119072 1 1 0
0.010088 0.119159 0.119159 1 1 0
0.010118 0.119247 0.119247 1 1 0
0.0101479 0.119334 0.119334 1 1 0
0.0101779 0.119422 0.119422 1 1 0
0.0102079 0.119509 0.119509 1 1 0
0.010238 0.119597 0.119597 1 1 0
0.010268 0.119685 0.119685 1 1 0
0.0102981 0.119773 0.119773 1 1 0
0.0103281 0.119861 0.119861 1 1 0
0.0103582 0.119949 0.119949 1 1 0
0.0103883 0.120037 0.120037 1 1 0
0.0104185 0.120126 0.120126 1 1 0
0.0104486 0.120214 0.120214 1 1 0
0.0104788 0.120303 0.120303 1 1 0
0.010509 0.120392 0.120392 1 1 0
0.0105392 0.120481 0.120481 1 1 0
0.0105694 0.12057 0.12057 1 1 0
0.0105996 0.120659 0.120659 1 1 0
0.0106299 0.120748 0.120748 1 1 0
0.0106602 0.120837 0.120837 1 1 0
0.0106905 0.120926 0.120926 1 1 0
0.0107208 0.121016 0.121016 1 1 0
0.0107511 0.121106 0.121106 1 1 0
0.0107815 0.121195 0.121195 1 1 0
0.0108119 0.121285 0.121285 1 1 0
0.0108423 0.121375 0.121375 1 1 0
0.0108727 0.121465 0.121465 1 1 0
0.0109031 0.121556 0.121556 1 1 0
0.0109336 0.121646 0.121646 1 1 0
0.0109641 0.121736 0.121736 1 1 0
0.0109946 0.121827 0.121827 1 1 0
0.0110251 0.121917 0.121917 1 1 0
0.0110556 0.122008 0.122008 1 1 0
0.0110862 0.122099 0.122099 1 1 0
0.0111168 0.12219 0.12219 1 1 0
0.0111474 0.122281 0.122281 1 1 0
0.011178 0.122372 0.122372 1 1 0
0.0112087 0.122464 0.122464 1 1 0
0.0112394 0.122555 0.122555 1 1 0
0.0112701 0.122647 0.122647 1 1 0
0.0113008 0.122739 0.122739 1 1 0
0.0113315 0.12283 0.12283 1 1 0
0.0113623 0.122922 0.122922 1 1 0
0.0113931 0.123014 0.123014 1 1 0
0.0114239 0.123106 0.123106 1 1 0
0.0114547 0.123199 0.123199 1 1 0
0.0114856 0.123291 0.123291 1 1 0
0.0115165 0.123384 0.123384 1 1 0
0.0115474 0.123476 0.123476 1 1 0
0.0115783 0.123569 0.123569 1 1 0
0.0116093 0.123662 0.123662 1 1 0
0.0116402 0.123755 0.123755 1 1 0
0.0116713 0.123848 0.123848 1 1 0
0.0117023 0.123941 0.123941 1 1 0
0.0117333 0.124034 0.124034 1 1 0
0.0117644 0.124128 0.124128 1 1 0
0.0117955 0.124221 0.124221 1 1 0
0.0118266 0.124315 0.124315 1 1 0
0.0118578 0.124409 0.124409 1 1 0
0.011889 0.124503 0.124503 1 1 0
0.0119202 0.124597 0.124597 1 1 0
0.0119514 0.124691 0.124691 1 1 0
0.0119827 0.124785 0.124785 1 1 0
0.012014 0.12488 0.12488 1 1 0
0.0120453 0.124974 0.124974 1 1 0
0.0120766 0.125069 0.125069 1 1 0
0.012108 0.125163 0.125163 1 1 0
0.0121394 0.125258 0.125258 1 1 0
0.0121708 0.125353 0.125353 1 1 0
0.0122022 0.125448 0.125448 1 1 0
0.0122337 0.125544 0.125544 1 1 0
0.0122652 0.125639 0.125639 1 1 0
0.0122968 0.125734 0.125734 1 1 0
0.0123283 0.12583 0.12583 1 1 0
0.0123599 0.125926 0.125926 1 1 0
0.0123915 0.126022 0.126022 1 1 0
0.0124232 0.126117 0.126117 1 1 0
0.0124548 0.126214 0.126214 1 1 0
0.0124865 0.12631 0.12631 1 1 0
0.0125183 0.126406 0.126406 1 1 0
0.01255 0.126502 0.126502 1 1 0
0.0125818 0.126599 0.126599 1 1 0
0.0126136 0.126696 0.126696 1 1 0
0.0126455 0.126792 0.126792 1 1 0
0.0126774 0.126889 0.126889 1 1 0
0.0127093 0.126986 0.126986 1 1 0
0.0127412 0.127084 0.127084 1 1 0
0.0127732 0.127181 0.127181 1 1 0
0.0128052 0.127278 0.127278 1 1 0
0.0128372 0.127376 0.127376 1 1 0
0.0128693 0.127473 0.127473 1 1 0
0.0129014 0.127571 0.127571 1 1 0
0.0129335 0.127669 0.127669 1 1 0
0.0129657 0.127767 0.127767 1 1 0
0.0129978 0.127865 0.127865 1 1 0
0.0130301 0.127963 0.127963 1 1 0
0.0130623 0.128062 0.128062 1 1 0
0.0130946 0.12816 0.12816 1 1 0
0.0131269 0.128259 0.128259 1 1 0
0.0131593 0.128358 0.128358 1 1 0
0.0131917 0.128457 0.128457 1 1 0
0.0132241 0.128556 0.128556 1 1 0
0.0132565 0.128655 0.128655 1 1 0
0.013289 0.128754 0.128754 1 1 0
0.0133215 0.128853 0.128853 1 1 0
0.0133541 0.128953 0.128953 1 1 0
0.0133867 0.129053 0.129053 1 1 0
0.0134193 0.129152 0.129152 1 1 0
0.0134519 0.129252 0.129252 1 1 0
0.0134846 0.129352 0.129352 1 1 0
0.0135173 0.129452 0.129452 1 1 0
0.0135501 0.129553 0.129553 1 1 0
0.0135829 0.129653 0.129653 1 1 0
0.0136157 0.129754 0.129754 1 1 0
0.0136486 0.129854 0.129854 1 1 0
0.0136815 0.129955 0.129955 1 1 0
0.0137144 0.130056 0.130056 1 1 0
0.0137474 0.130157 0.130157 1 1 0
0.0137804 0.130258 0.130258 1 1 0
0.0138134 0.130359 0.130359 1 1 0
0.0138465 0.130461 0.130461 1 1 0
0.0138796 0.130562 0.130562 1 1 0
0.0139128 0.130664 0.130664 1 1 0
0.013946 0.130766 0.130766 1 1 0
0.0139792 0.130868 0.130868 1 1 0
0.0140124 0.13097 0.13097 1 1 0
0.0140457 0.131072 0.131072 1 1 0
0.0140791 0.131174 0.131174 1 1 0
0.0141125 0.131277 0.131277 1 1 0
0.0141459 0.131379 0.131379 1 1 0
0.0141793 0.131482 0.131482 1 1 0
0.0142128 0.131585 0.131585 1 1 0
0.0142464 0.131688 0.131688 1 1 0
0.0142799 0.131791 0.131791 1 1 0
0.0143135 0.131894 0.131894 1 1 0
0.0143472 0.131997 0.131997 1 1 0
0.0143809 0.132101 0.132101 1 1 0
0.0144146 0.132205 0.132205 1 1 0
0.0144484 0.132308 0.132308 1 1 0
0.0144822 0.132412 0.132412 1 1 0
0.014516 0.132516 0.132516 1 1 0
0.0145499 0.13262 0.13262 1 1 0
0.0145839 0.132725 0.132725 1 1 0
0.0146178 0.132829 0.132829 1 1 0
0.0146518 0.132933 0.132933 1 1 0
0.0146859 0.133038 0.133038 1 1 0
0.01472 0.133143 0.133143 1 1 0
0.0147541 0.133248 0.133248 1 1 0
0.0147883 0.133353 0.133353 1 1 0
0.0148225 0.133458 0.133458 1 1 0
0.0148568 0.133563 0.133563 1 1 0
0.0148911 0.133669 0.133669 1 1 0
0.0149255 0.133774 0.133774 1 1 0
0.0149599 0.13388 0.13388 1 1 0
0.0149943 0.133986 0.133986 1 1 0
0.0150288 0.134092 0.134092 1 1 0
0.0150633 0.134198 0.134198 1 1 0
0.0150979 0.134304 0.134304 1 1 0
0.0151325 0.134411 0.134411 1 1 0
0.0151671 0.134517 0.134517 1 1 0
0.0152018 0.134624 0.134624 1 1 0
0.0152366 0.134731 0.134731 1 1 0
0.0152714 0.134838 0.134838 1 1 0
0.0153062 0.134945 0.134945 1 1 0
0.0153411 0.135052 0.135052 1 1 0
0.015376 0.135159 0.135159 1 1 0
0.015411 0.135267 0.135267 1 1 0
0.015446 0.135374 0.135374 1 1 0
0.0154811 0.135482 0.135482 1 1 0
0.0155162 0.13559 0.13559 1 1 0
0.0155514 0.135698 0.135698 1 1 0
0.0155866 0.135806 0.135806 1 1 0
0.0156218 0.135915 0.135915 1 1 0
0.0156571 0.136023 0.136023 1 1 0
0.0156925 0.136132 0.136132 1 1 0
0.0157279 0.13624 0.13624 1 1 0
0.0157633 0.136349 0.136349 1 1 0
0.0157988 0.136458 0.136458 1 1 0
0.0158343 0.136567 0.136567 1 1 0
0.0158699 0.136676 0.136676 1 1 0
0.0159056 0.136786 0.136786 1 1 0
0.0159413 0.136895 0.136895 1 1 0
0.015977 0.137005 0.137005 1 1 0
0.0160128 0.137115 0.137115 1 1 0
0.0160486 0.137225 0.137225 1 1 0
0.0160845 0.137335 0.137335 1 1 0
0.0161204 0.137445 0.137445 1 1 0
0.0161564 0.137555 0.137555 1 1 0
0.0161925 0.137666 0.137666 1 1 0
0.0162285 0.137777 0.137777 1 1 0
0.0162647 0.137887 0.137887 1 1 0
0.0163009 0.137998 0.137998 1 1 0
0.0163371 0.138109 0.138109 1 1 0
0.0163734 0.138221 0.138221 1 1 0
0.0164098 0.138332 0.138332 1 1 0
0.0164461 0.138443 0.138443 1 1 0
0.0164826 0.138555 0.138555 1 1 0
0.0165191 0.138667 0.138667 1 1 0
0.0165557 0.138779 0.138779 1 1 0
0.0165923 0.138891 0.138891 1 1 0
0.0166289 0.139003 0.139003 1 1 0
0.0166656 0.139115 0.139115 1 1 0
0.0167024 0.139228 0.139228 1 1 0
0.0167392 0.13934 0.13934 1 1 0
0.0167761 0.139453 0.139453 1 1 0
0.0168131 0.139566 0.139566 1 1 0
0.01685 0.139679 0.139679 1 1 0
0.0168871 0.139792 0.139792 1 1 0
0.0169242 0.139905 0.139905 1 1 0
0.0169613 0.140019 0.140019 1 1 0
0.0169986 0.140133 0.140133 1 1 0
0.0170358 0.140246 0.140246 1 1 0
0.0170731 0.14036 0.14036 1 1 0
0.0171105 0.140474 0.140474 1 1 0
0.017148 0.140588 0.140588 1 1 0
0.0171855 0.140703 0.140703 1 1 0
0.017223 0.140817 0.140817 1 1 0
0.0172606 0.140932 0.140932 1 1 0
0.0172983 0.141047 0.141047 1 1 0
0.017336 0.141162 0.141162 1 1 0
0.0173738 0.141277 0.141277 1 1 0
0.0174116 0.141392 0.141392 1 1 0
0.0174495 0.141507 0.141507 1 1 0
0.0174875 0.141623 0.141623 1 1 0
0.0175255 0.141738 0.141738 1 1 0
0.0175636 0.141854 0.141854 1 1 0
0.0176017 0.14197 0.14197 1 1 0
0.0176399 0.142086 0.142086 1 1 0
0.0176782 0.142202 0.142202 1 1 0
0.0177165 0.142319 0.142319 1 1 0
0.0177549 0.142435 0.142435 1 1 0
0.0177933 0.142552 0.142552 1 1 0
0.0178318 0.142669 0.142669 1 1 0
0.0178704 0.142786 0.142786 1 1 0
0.017909 0.142903 0.142903 1 1 0
0.0179477 0.14302 0.14302 1 1 0
0.0179864 0.143137 0.143137 1 1 0
0.0180252 0.143255 0.143255 1 1 0
0.0180641 0.143373 0.143373 1 1 0
0.0181031 0.143491 0.143491 1 1 0
0.0181421 0.143609 0.143609 1 1 0
0.0181811 0.143727 0.143727 1 1 0
0.0182202 0.143845 0.143845 1 1 0
0.0182594 0.143963 0.143963 1 1 0
0.0182987 0.144082 0.144082 1 1 0
0.018338 0.144201 0.144201 1 1 0
0.0183774 0.14432 0.14432 1 1 0
0.0184169 0.144439 0.144439 1 1 0
0.0184564 0.144558 0.144558 1 1 0
0.018496 0.144677 0.144677 1 1 0
0.0185356 0.144797 0.144797 1 1 0
0.0185753 0.144916 0.144916 1 1 0
0.0186151 0.145036 0.145036 1 1 0
0.018655 0.145156 0.145156 1 1 0
0.0186949 0.145276 0.145276 1 1 0
0.0187349 0.145396 0.145396 1 1 0
0.0187749 0.145517 0.145517 1 1 0
0.018815 0.145637 0.145637 1 1 0
0.0188552 0.145758 0.145758 1 1 0
0.0188955 0.145879 0.145879 1 1 0
0.018897 0.145884 0.145884 1 1 0
0.0189373 0.146005 0.146005 2 1 0
0.0189777 0.146126 0.146126 2 1 0
0.0190182 0.146247 0.146247 2 1 0
0.0190587 0.146369 0.146369 2 1 0
0.0190993 0.14649 0.14649 2 1 0
0.01914 0.146612 0.146612 2 1 0
0.0191808 0.146734 0.146734 2 1 0
0.0192216 0.146856 0.146856 2 1 0
0.0192625 0.146978 0.146978 2 1 0
0.0193034 0.147101 0.147101 2 1 0
0.0193445 0.147223 0.147223 2 1 0
0.0193856 0.147346 0.147346 2 1 0
0.0194267 0.147469 0.147469 2 1 0
0.019468 0.147592 0.147592 2 1 0
0.0195093 0.147715 0.147715 2 1 0
0.0195507 0.147838 0.147838 2 1 0
0.0195922 0.147962 0.147962 2 1 0
0.0196337 0.148085 0.148085 2 1 0
0.0196754 0.148209 0.148209 2 1 0
0.019717 0.148333 0.148333 2 1 0
0.0197588 0.148457 0.148457 2 1 0
0.0198007 0.148582 0.148582 2 1 0
0.0198426 0.148706 0.148706 2 1 0
0.0198846 0.148831 0.148831 2 1 0
0.0199266 0.148955 0.148955 2 1 0
0.0199688 0.14908 0.14908 2 1 0
0.020011 0.149205 0.149205 2 1 0
0.0200533 0.14933 0.14933 2 1 0
0.0200957 0.149456 0.149456 2 1 0
0.0201381 0.149581 0.149581 2 1 0
0.0201807 0.149707 0.149707 2 1 0
0.0202233 0.149833 0.149833 2 1 0
0.020266 0.149959 0.149959 2 1 0
0.0203087 0.150085 0.150085 2 1 0
0.0203516 0.150211 0.150211 2 1 0
0.0203945 0.150338 0.150338 2 1 0
0.0204375 0.150464 0.150464 2 1 0
0.0204806 0.150591 0.150591 2 1 0
0.0205237 0.150718 0.150718 2 1 0
0.020567 0.150845 0.150845 2 1 0
0.0206103 0.150973 0.150973 2 1 0
0.0206537 0.1511 0.1511 2 1 0
0.0206972 0.151228 0.151228 2 1 0
0.0207408 0.151355 0.151355 2 1 0
0.0207844 0.151483 0.151483 2 1 0
0.0208282 0.151611 0.151611 2 1 0
0.020872 0.15174 0.15174 2 1 0
0.0209159 0.151868 0.151868 2 1 0
0.0209599 0.151997 0.151997 2 1 0
0.0210039 0.152125 0.152125 2 1 0
0.0210481 0.152254 0.152254 2 1 0
0.0210923 0.152383 0.152383 2 1 0
0.0211366 0.152513 0.152513 2 1 0
0.021181 0.152642 0.152642 2 1 0
0.0212255 0.152771 0.152771 2 1 0
0.0212701 0.152901 0.152901 2 1 0
0.0213148 0.153031 0.153031 2 1 0
0.0213595 0.153161 0.153161 2 1 0
0.0214044 0.153291 0.153291 2 1 0
0.0214493 0.153422 0.153422 2 1 0
0.0214943 0.153552 0.153552 2 1 0
0.0215394 0.153683 0.153683 2 1 0
0.0215846 0.153814 0.153814 2 1 0
0.0216299 0.153945 0.153945 2 1 0
0.0216752 0.154076 0.154076 2 1 0
0.0217207 0.154207 0.154207 2 1 0
0.0217662 0.154339 0.154339 2 1 0
0.0218119 0.15447 0.15447 2 1 0
0.0218576 0.154602 0.154602 2 1 0
0.0219034 0.154734 0.154734 2 1 0
0.0219493 0.154866 0.154866 2 1 0
0.0219953 0.154999 0.154999 2 1 0
0.0220414 0.155131 0.155131 2 1 0
0.0220876 0.155264 0.155264 2 1 0
0.0221339 0.155397 0.155397 2 1 0
0.0221802 0.15553 0.15553 2 1 0
0.0222267 0.155663 0.155663 2 1 0
0.0222732 0.155796 0.155796 2 1 0
0.0223199 0.15593 0.15593 2 1 0
0.0223666 0.156064 0.156064 2 1 0
0.0224135 0.156197 0.156197 2 1 0
0.0224604 0.156331 0.156331 2 1 0
0.0225074 0.156466 0.156466 2 1 0
0.0225545 0.1566 0.1566 2 1 0
0.0226018 0.156735 0.156735 2 1 0
0.0226491 0.156869 0.156869 2 1 0
0.0226965 0.157004 0.157004 2 1 0
0.022744 0.157139 0.157139 2 1 0
0.0227916 0.157274 0.157274 2 1 0
0.0228393 0.15741 0.15741 2 1 0
0.0228871 0.157545 0.157545 2 1 0
0.022935 0.157681 0.157681 2 1 0
0.022983 0.157817 0.157817 2 1 0
0.0230311 0.157953 0.157953 2 1 0
0.0230793 0.158089 0.158089 2 1 0
0.0231276 0.158226 0.158226 2 1 0
0.023176 0.158362 0.158362 2 1 0
0.0232245 0.158499 0.158499 2 1 0
0.0232731 0.158636 0.158636 2 1 0
0.0233218 0.158773 0.158773 2 1 0
0.0233706 0.15891 0.15891 2 1 0
0.0234195 0.159047 0.159047 2 1 0
0.0234685 0.159185 0.159185 2 1 0
0.0235176 0.159323 0.159323 2 1 0
0.0235669 0.159461 0.159461 2 1 0
0.0236162 0.159599 0.159599 2 1 0
0.0236656 0.159737 0.159737 2 1 0
0.0237151 0.159876 0.159876 2 1 0
0.0237648 0.160014 0.160014 2 1 0
0.0238145 0.160153 0.160153 2 1 0
0.0238644 0.160292 0.160292 2 1 0
0.0239143 0.160431 0.160431 2 1 0
0.0239644 0.160571 0.160571 2 1 0
0.0240145 0.16071 0.16071 2 1 0
0.0240648 0.16085 0.16085 2 1 0
0.0241152 0.16099 0.16099 2 1 0
0.0241657 0.16113 0.16113 2 1 0
0.0242163 0.16127 0.16127 2 1 0
0.024267 0.16141 0.16141 2 1 0
0.0243178 0.161551 0.161551 2 1 0
0.0243688 0.161692 0.161692 2 1 0
0.0244198 0.161833 0.161833 2 1 0
0.024471 0.161974 0.161974 2 1 0
0.0245222 0.162115 0.162115 2 1 0
0.0245736 0.162256 0.162256 2 1 0
0.0246251 0.162398 0.162398 2 1 0
0.0246767 0.16254 0.16254 2 1 0
0.0247284 0.162682 0.162682 2 1 0
0.0247803 0.162824 0.162824 2 1 0
0.0248322 0.162966 0.162966 2 1 0
0.0248843 0.163109 0.163109 2 1 0
0.0249364 0.163252 0.163252 2 1 0
0.0249887 0.163394 0.163394 2 1 0
0.0250411 0.163537 0.163537 2 1 0
0.0250937 0.163681 0.163681 2 1 0
0.0251463 0.163824 0.163824 2 1 0
0.0251991 0.163968 0.163968 2 1 0
0.0252519 0.164111 0.164111 2 1 0
0.0253049 0.164255 0.164255 2 1 0
0.025358 0.1644 0.1644 2 1 0
0.0254113 0.164544 0.164544 2 1 0
0.0254646 0.164688 0.164688 2 1 0
0.0255181 0.164833 0.164833 2 1 0
0.0255717 0.164978 0.164978 2 1 0
0.0256254 0.165123 0.165123 2 1 0
0.0256792 0.165268 0.165268 2 1 0
0.0257332 0.165414 0.165414 2 1 0
0.0257872 0.165559 0.165559 2 1 0
0.0258414 0.165705 0.165705 2 1 0
0.0258957 0.165851 0.165851 2 1 0
0.0259502 0.165997 0.165997 2 1 0
0.0260048 0.166143 0.166143 2 1 0
0.0260595 0.16629 0.16629 2 1 0
0.0261143 0.166436 0.166436 2 1 0
0.0261692 0.166583 0.166583 2 1 0
0.0262243 0.16673 0.16673 2 1 0
0.0262795 0.166878 0.166878 2 1 0
0.0263348 0.167025 0.167025 2 1 0
0.0263903 0.167173 0.167173 2 1 0
0.0264458 0.16732 0.16732 2 1 0
0.0265015 0.167468 0.167468 2 1 0
0.0265574 0.167617 0.167617 2 1 0
0.0266133 0.167765 0.167765 2 1 0
0.0266694 0.167913 0.167913 2 1 0
0.0267257 0.168062 0.168062 2 1 0
0.026782 0.168211 0.168211 2 1 0
0.0268385 0.16836 0.16836 2 1 0
0.0268951 0.168509 0.168509 2 1 0
0.0269519 0.168659 0.168659 2 1 0
0.0270088 0.168808 0.168808 2 1 0
0.0270658 0.168958 0.168958 2 1 0
0.0271229 0.169108 0.169108 2 1 0
0.0271802 0.169258 0.169258 2 1 0
0.0272376 0.169409 0.169409 2 1 0
0.0272952 0.169559 0.169559 2 1 0
0.0273529 0.16971 0.16971 2 1 0
0.0274107 0.169861 0.169861 2 1 0
0.0274687 0.170012 0.170012 2 1 0
0.0275268 0.170164 0.170164 2 1 0
0.027585 0.170315 0.170315 2 1 0
0.0276434 0.170467 0.170467 2 1 0
0.0277019 0.170619 0.170619 2 1 0
0.0277606 0.170771 0.170771 2 1 0
0.0278194 0.170923 0.170923 2 1 0
0.0278783 0.171076 0.171076 2 1 0
0.0279374 0.171228 0.171228 2 1 0
0.0279966 0.171381 0.171381 2 1 0
0.028056 0.171534 0.171534 2 1 0
0.0281155 0.171687 0.171687 2 1 0
0.0281751 0.171841 0.171841 2 1 0
0.0282349 0.171994 0.171994 2 1 0
0.0282949 0.172148 0.172148 2 1 0
0.028355 0.172302 0.172302 2 1 0
0.0284152 0.172456 0.172456 2 1 0
0.0284756 0.172611 0.172611 2 1 0
0.0285361 0.172765 0.172765 2 1 0
0.0285968 0.17292 0.17292 2 1 0
0.0286576 0.173075 0.173075 2 1 0
0.0287185 0.17323 0.17323 2 1 0
0.0287797 0.173385 0.173385 2 1 0
0.0288409 0.173541 0.173541 2 1 0
0.0289023 0.173697 0.173697 2 1 0
0.0289639 0.173853 0.173853 2 1 0
0.0290256 0.174009 0.174009 2 1 0
0.0290875 0.174165 0.174165 2 1 0
0.0291495 0.174321 0.174321 2 1 0
0.0292117 0.174478 0.174478 2 1 0
0.029274 0.174635 0.174635 2 1 0
0.0293365 0.174792 0.174792 2 1 0
0.0293991 0.174949 0.174949 2 1 0
0.0294619 0.175107 0.175107 2 1 0
0.0295248 0.175264 0.175264 2 1 0
0.029588 0.175422 0.175422 2 1 0
0.0296512 0.17558 0.17558 2 1 0
0.0297146 0.175739 0.175739 2 1 0
0.0297782 0.175897 0.175897 2 1 0
0.0298419 0.176056 0.176056 2 1 0
0.0299058 0.176215 0.176215 2 1 0
0.0299699 0.176374 0.176374 2 1 0
0.0300341 0.176533 0.176533 2 1 0
0.0300985 0.176692 0.176692 2 1 0
0.030163 0.176852 0.176852 2 1 0
0.0302277 0.177012 0.177012 2 1 0
0.0302926 0.177172 0.177172 2 1 0
0.0303576 0.177332 0.177332 2 1 0
0.0304228 0.177492 0.177492 2 1 0
0.0304881 0.177653 0.177653 2 1 0
0.0305537 0.177814 0.177814 2 1 0
0.0306194 0.177975 0.177975 2 1 0
0.0306852 0.178136 0.178136 2 1 0
0.0307512 0.178298 0.178298 2 1 0
0.0308174 0.178459 0.178459 2 1 0
0.0308838 0.178621 0.178621 2 1 0
0.0309503 0.178783 0.178783 2 1 0
0.031017 0.178945 0.178945 2 1 0
0.0310839 0.179108 0.179108 2 1 0
0.0311509 0.17927 0.17927 2 1 0
0.0312181 0.179433 0.179433 2 1 0
0.0312855 0.179596 0.179596 2 1 0
0.0313531 0.179759 0.179759 2 1 0
0.0314208 0.179923 0.179923 2 1 0
0.0314887 0.180086 0.180086 2 1 0
0.0315568 0.18025 0.18025 2 1 0
0.0316251 0.180414 0.180414 2 1 0
0.0316935 0.180579 0.180579 2 1 0
0.0317621 0.180743 0.180743 2 1 0
0.0318309 0.180908 0.180908 2 1 0
0.0318999 0.181073 0.181073 2 1 0
0.031969 0.181238 0.181238 2 1 0
0.0320384 0.181403 0.181403 2 1 0
0.0321079 0.181568 0.181568 2 1 0
0.0321776 0.181734 0.181734 2 1 0
0.0322474 0.1819 0.1819 2 1 0
0.0323175 0.182066 0.182066 2 1 0
0.0323877 0.182232 0.182232 2 1 0
0.0324582 0.182399 0.182399 2 1 0
0.0325288 0.182565 0.182565 2 1 0
0.0325996 0.182732 0.182732 2 1 0
0.0326706 0.182899 0.182899 2 1 0
0.0327417 0.183067 0.183067 2 1 0
0.0328131 0.183234 0.183234 2 1 0
0.0328846 0.183402 0.183402 2 1 0
0.0329564 0.18357 0.18357 2 1 0
0.0330283 0.183738 0.183738 2 1 0
0.0331004 0.183906 0.183906 2 1 0
0.0331727 0.184075 0.184075 2 1 0
0.0332452 0.184244 0.184244 2 1 0
0.0333179 0.184413 0.184413 2 1 0
0.0333908 0.184582 0.184582 2 1 0
0.0334639 0.184751 0.184751 2 1 0
0.0335372 0.184921 0.184921 2 1 0
0.0336107 0.18509 0.18509 2 1 0
0.0336843 0.18526 0.18526 2 1 0
0.0337582 0.185431 0.185431 2 1 0
0.0338323 0.185601 0.185601 2 1 0
0.0339065 0.185772 0.185772 2 1 0
0.033981 0.185943 0.185943 2 1 0
0.0340557 0.186114 0.186114 2 1 0
0.0341305 0.186285 0.186285 2 1 0
0.0342056 0.186456 0.186456 2 1 0
0.0342809 0.186628 0.186628 2 1 0
0.0343564 0.1868 0.1868 2 1 0
0.0344321 0.186972 0.186972 2 1 0
0.0345079 0.187144 0.187144 2 1 0
0.034584 0.187317 0.187317 2 1 0
0.0346603 0.18749 0.18749 2 1 0
0.0347369 0.187663 0.187663 2 1 0
0.0348136 0.187836 0.187836 2 1 0
0.0348905 0.188009 0.188009 2 1 0
0.0349676 0.188183 0.188183 2 1 0
0.035045 0.188356 0.188356 2 1 0
0.0351225 0.188531 0.188531 2 1 0
0.0352003 0.188705 0.188705 2 1 0
0.0352783 0.188879 0.188879 2 1 0
0.0353565 0.189054 0.189054 2 1 0
0.0354349 0.189229 0.189229 2 1 0
0.0355136 0.189404 0.189404 2 1 0
0.0355924 0.189579 0.189579 2 1 0
0.0356715 0.189755 0.189755 2 1 0
0.0357508 0.18993 0.18993 2 1 0
0.0358303 0.190106 0.190106 2 1 0
0.03591 0.190282 0.190282 2 1 0
0.03599 0.190459 0.190459 2 1 0
0.0360701 0.190635 0.190635 2 1 0
0.0361505 0.190812 0.190812 2 1 0
0.0362311 0.190989 0.190989 2 1 0
0.036312 0.191166 0.191166 2 1 0
0.036393 0.191344 0.191344 2 1 0
0.0364743 0.191521 0.191521 2 1 0
0.0365559 0.191699 0.191699 2 1 0
0.0366376 0.191877 0.191877 2 1 0
0.0367196 0.192056 0.192056 2 1 0
0.0368018 0.192234 0.192234 2 1 0
0.0368842 0.192413 0.192413 2 1 0
0.0369669 0.192592 0.192592 2 1 0
0.0370498 0.192771 0.192771 2 1 0
0.037133 0.192951 0.192951 2 1 0
0.0372163 0.19313 0.19313 2 1 0
0.0372999 0.19331 0.19331 2 1 0
0.0373838 0.19349 0.19349 2 1 0
0.0374679 0.19367 0.19367 2 1 0
0.0375522 0.193851 0.193851 2 1 0
0.0376368 0.194032 0.194032 2 1 0
0.0377216 0.194213 0.194213 2 1 0
0.0378066 0.194394 0.194394 2 1 0
0.0378919 0.194575 0.194575 2 1 0
0.0379774 0.194757 0.194757 2 1 0
0.0380632 0.194939 0.194939 2 1 0
0.0381492 0.195121 0.195121 2 1 0
0.0382355 0.195303 0.195303 2 1 0
0.038322 0.195485 0.195485 2 1 0
0.0384087 0.195668 0.195668 2 1 0
0.0384957 0.195851 0.195851 2 1 0
0.038583 0.196034 0.196034 2 1 0
0.0386705 0.196218 0.196218 2 1 0
0.0387583 0.196401 0.196401 2 1 0
0.0388463 0.196585 0.196585 2 1 0
0.0389345 0.196769 0.196769 2 1 0
0.0390231 0.196953 0.196953 2 1 0
0.0391118 0.197138 0.197138 2 1 0
0.0392009 0.197322 0.197322 2 1 0
0.0392902 0.197507 0.197507 2 1 0
0.0393797 0.197693 0.197693 2 1 0
0.0394695 0.197878 0.197878 2 1 0
0.0395596 0.198064 0.198064 2 1 0
0.0396499 0.198249 0.198249 2 1 0
0.0397405 0.198435 0.198435 2 1 0
0.0398314 0.198622 0.198622 2 1 0
0.0399225 0.198808 0.198808 2 1 0
0.0400139 0.198995 0.198995 2 1 0
0.0401056 0.199182 0.199182 2 1 0
0.0401975 0.199369 0.199369 2 1 0
0.0402897 0.199556 0.199556 2 1 0
0.0403822 0.199744 0.199744 2 1 0
0.040475 0.199932 0.199932 2 1 0
0.040568 0.20012 0.20012 2 1 0
0.0406613 0.200308 0.200308 2 1 0
0.0407548 0.200497 0.200497 2 1 0
0.0408487 0.200686 0.200686 2 1 0
0.0409428 0.200875 0.200875 2 1 0
0.0410372 0.201064 0.201064 2 1 0
0.0411319 0.201253 0.201253 2 1 0
0.0412268 0.201443 0.201443 2 1 0
0.0413221 0.201633 0.201633 2 1 0
0.0414176 0.201823 0.201823 2 1 0
0.0415134 0.202013 0.202013 2 1 0
0.0416095 0.202204 0.202204 2 1 0
0.0417059 0.202395 0.202395 2 1 0
0.0418026 0.202586 0.202586 2 1 0
0.0418995 0.202777 0.202777 2 1 0
0.0419968 0.202969 0.202969 2 1 0
0.0420943 0.203161 0.203161 2 1 0
0.0421921 0.203353 0.203353 2 1 0
0.0422903 0.203545 0.203545 2 1 0
0.0423887 0.203737 0.203737 2 1 0
0.0424874 0.20393 0.20393 2 1 0
0.0425864 0.204123 0.204123 2 1 0
0.0426857 0.204316 0.204316 2 1 0
0.0427853 0.204509 0.204509 2 1 0
0.0428853 0.204703 0.204703 2 1 0
0.0429855 0.204897 0.204897 2 1 0
0.043086 0.205091 0.205091 2 1 0
0.0431868 0.205285 0.205285 2 1 0
0.0432879 0.20548 0.20548 2 1 0
0.0433894 0.205674 0.205674 2 1 0
0.0434911 0.205869 0.205869 2 1 0
0.0435932 0.206065 0.206065 2 1 0
0.0436955 0.20626 0.20626 2 1 0
0.0437982 0.206456 0.206456 2 1 0
0.0439012 0.206652 0.206652 2 1 0
0.0440045 0.206848 0.206848 2 1 0
0.0441081 0.207044 0.207044 2 1 0
0.0442121 0.207241 0.207241 2 1 0
0.0443163 0.207438 0.207438 2 1 0
0.0444209 0.207635 0.207635 2 1 0
0.0445258 0.207832 0.207832 2 1 0
0.044631 0.20803 0.20803 2 1 0
0.0447366 0.208227 0.208227 2 1 0
0.0448425 0.208426 0.208426 2 1 0
0.0449487 0.208624 0.208624 2 1 0
0.0450552 0.208822 0.208822 2 1 0
0.0451621 0.209021 0.209021 2 1 0
0.0452692 0.20922 0.20922 2 1 0
0.0453768 0.209419 0.209419 2 1 0
0.0454846 0.209619 0.209619 2 1 0
0.0455928 0.209818 0.209818 2 1 0
0.0457013 0.210018 0.210018 2 1 0
0.0458102 0.210219 0.210219 2 1 0
0.0459194 0.210419 0.210419 2 1 0
0.0460289 0.21062 0.21062 2 1 0
0.0461388 0.210821 0.210821 2 1 0
0.0462491 0.211022 0.211022 2 1 0
0.0463596 0.211223 0.211223 2 1 0
0.0464706 0.211425 0.211425 2 1 0
0.0465818 0.211626 0.211626 2 1 0
0.0466934 0.211829 0.211829 2 1 0
0.0468054 0.212031 0.212031 2 1 0
0.0469177 0.212233 0.212233 2 1 0
0.0470304 0.212436 0.212436 2 1 0
0.0471434 0.212639 0.212639 2 1 0
0.0472568 0.212843 0.212843 2 1 0
0.0473706 0.213046 0.213046 2 1 0
0.0474847 0.21325 0.21325 2 1 0
0.0475991 0.213454 0.213454 2 1 0
0.047714 0.213658 0.213658 2 1 0
0.0478292 0.213863 0.213863 2 1 0
0.0479447 0.214067 0.214067 2 1 0
0.0480607 0.214272 0.214272 2 1 0
0.0481769 0.214478 0.214478 2 1 0
0.0482936 0.214683 0.214683 2 1 0
0.0484107 0.214889 0.214889 2 1 0
0.0485281 0.215095 0.215095 2 1 0
0.0486459 0.215301 0.215301 2 1 0
0.048764 0.215507 0.215507 2 1 0
0.0488826 0.215714 0.215714 2 1 0
0.0490015 0.215921 0.215921 2 1 0
0.0491208 0.216128 0.216128 2 1 0
0.0492405 0.216335 0.216335 2 1 0
0.0493606 0.216543 0.216543 2 1 0
0.049481 0.216751 0.216751 2 1 0
0.0496019 0.216959 0.216959 2 1 0
0.0497231 0.217167 0.217167 2 1 0
0.0498447 0.217376 0.217376 2 1 0
0.0499668 0.217585 0.217585 2 1 0
0.0500892 0.217794 0.217794 2 1 0
0.050212 0.218003 0.218003 2 1 0
0.0503352 0.218213 0.218213 2 1 0
0.0504588 0.218423 0.218423 2 1 0
0.0505829 0.218633 0.218633 2 1 0
0.0507073 0.218843 0.218843 2 1 0
0.0508321 0.219054 0.219054 2 1 0
0.0509574 0.219265 0.219265 2 1 0
0.051083 0.219476 0.219476 2 1 0
0.0512091 0.219687 0.219687 2 1 0
0.0513355 0.219899 0.219899 2 1 0
0.0514624 0.220111 0.220111 2 1 0
0.0515897 0.220323 0.220323 2 1 0
0.0517174 0.220535 0.220535 2 1 0
0.0518456 0.220748 0.220748 2 1 0
0.0519741 0.22096 0.22096 2 1 0
0.0521031 0.221173 0.221173 2 1 0
0.0522325 0.221387 0.221387 2 1 0
0.0523623 0.2216 0.2216 2 1 0
0.0524926 0.221814 0.221814 2 1 0
0.0526233 0.222028 0.222028 2 1 0
0.0527544 0.222243 0.222243 2 1 0
0.052886 0.222457 0.222457 2 1 0
0.053018 0.222672 0.222672 2 1 0
0.0531504 0.222887 0.222887 2 1 0
0.0532833 0.223102 0.223102 2 1 0
0.0534166 0.223318 0.223318 2 1 0
0.0535504 0.223534 0.223534 2 1 0
0.0536846 0.22375 0.22375 2 1 0
0.0538193 0.223966 0.223966 2 1 0
0.0539544 0.224183 0.224183 2 1 0
0.0540899 0.224399 0.224399 2 1 0
0.054226 0.224616 0.224616 2 1 0
0.0543624 0.224834 0.224834 2 1 0
0.0544994 0.225051 0.225051 2 1 0
0.0546368 0.225269 0.225269 2 1 0
0.0547746 0.225487 0.225487 2 1 0
0.0549129 0.225706 0.225706 2 1 0
0.0550517 0.225924 0.225924 2 1 0
0.055191 0.226143 0.226143 2 1 0
0.0553307 0.226362 0.226362 2 1 0
0.0554709 0.226581 0.226581 2 1 0
0.0556116 0.226801 0.226801 2 1 0
0.0557527 0.227021 0.227021 2 1 0
0.0558944 0.227241 0.227241 2 1 0
0.0560365 0.227461 0.227461 2 1 0
0.0561791 0.227682 0.227682 2 1 0
0.0563222 0.227903 0.227903 2 1 0
0.0564657 0.228124 0.228124 2 1 0
0.0566098 0.228345 0.228345 2 1 0
0.0567543 0.228567 0.228567 2 1 0
0.0568994 0.228789 0.228789 2 1 0
0.0570449 0.229011 0.229011 2 1 0
0.057191 0.229233 0.229233 2 1 0
0.0573375 0.229456 0.229456 2 1 0
0.0574846 0.229679 0.229679 2 1 0
0.0576321 0.229902 0.229902 2 1 0
0.0577802 0.230125 0.230125 2 1 0
0.0579288 0.230349 0.230349 2 1 0
0.0580779 0.230573 0.230573 2 1 0
0.0582275 0.230797 0.230797 2 1 0
0.0583776 0.231022 0.231022 2 1 0
0.0585282 0.231246 0.231246 2 1 0
0.0586794 0.231471 0.231471 2 1 0
0.0588311 0.231697 0.231697 2 1 0
0.0589833 0.231922 0.231922 2 1 0
0.059136 0.232148 0.232148 2 1 0
0.0592893 0.232374 0.232374 2 1 0
0.0594431 0.2326 0.2326 2 1 0
0.0595975 0.232827 0.232827 2 1 0
0.0597524 0.233053 0.233053 2 1 0
0.0599078 0.23328 0.23328 2 1 0
0.0600638 0.233508 0.233508 2 1 0
0.0602203 0.233735 0.233735 2 1 0
0.0603774 0.233963 0.233963 2 1 0
0.060535 0.234191 0.234191 2 1 0
0.0606932 0.234419 0.234419 2 1 0
0.0608519 0.234648 0.234648 2 1 0
0.0610112 0.234877 0.234877 2 1 0
0.061171 0.235106 0.235106 2 1 0
0.0613315 0.235335 0.235335 2 1 0
0.0614925 0.235565 0.235565 2 1 0
0.061654 0.235795 0.235795 2 1 0
0.0618161 0.236025 0.236025 2 1 0
0.0619789 0.236255 0.236255 2 1 0
0.0621421 0.236486 0.236486 2 1 0
0.062306 0.236717 0.236717 2 1 0
0.0624705 0.236948 0.236948 2 1 0
0.0626355 0.237179 0.237179 2 1 0
0.0628011 0.237411 0.237411 2 1 0
0.0629673 0.237643 0.237643 2 1 0
0.0631342 0.237875 0.237875 2 1 0
0.0633016 0.238108 0.238108 2 1 0
0.0634696 0.238341 0.238341 2 1 0
0.0636382 0.238574 0.238574 2 1 0
0.0638074 0.238807 0.238807 2 1 0
0.0639772 0.23904 0.23904 2 1 0
0.0641477 0.239274 0.239274 2 1 0
0.0643187 0.239508 0.239508 2 1 0
0.0644904 0.239743 0.239743 2 1 0
0.0646627 0.239977 0.239977 2 1 0
0.0648356 0.240212 0.240212 2 1 0
0.0650092 0.240447 0.240447 2 1 0
0.0651833 0.240683 0.240683 2 1 0
0.0653581 0.240918 0.240918 2 1 0
0.0655336 0.241154 0.241154 2 1 0
0.0657097 0.24139 0.24139 2 1 0
0.0658864 0.241627 0.241627 2 1 0
0.0660638 0.241863 0.241863 2 1 0
0.0662418 0.2421 0.2421 2 1 0
0.0664204 0.242338 0.242338 2 1 0
0.0665998 0.242575 0.242575 2 1 0
0.0667797 0.242813 0.242813 2 1 0
0.0669604 0.243051 0.243051 2 1 0
0.0671417 0.243289 0.243289 2 1 0
0.0673237 0.243528 0.243528 2 1 0
0.0675063 0.243767 0.243767 2 1 0
0.0676896 0.244006 0.244006 2 1 0
0.0678736 0.244245 0.244245 2 1 0
0.0680583 0.244485 0.244485 2 1 0
0.0682436 0.244725 0.244725 2 1 0
0.0684297 0.244965 0.244965 2 1 0
0.0686164 0.245205 0.245205 2 1 0
0.0688038 0.245446 0.245446 2 1 0
0.0689919 0.245687 0.245687 2 1 0
0.0691808 0.245928 0.245928 2 1 0
0.0693703 0.24617 0.24617 2 1 0
0.0695605 0.246411 0.246411 2 1 0
0.0697515 0.246653 0.246653 2 1 0
0.0699431 0.246896 0.246896 2 1 0
0.0701355 0.247138 0.247138 2 1 0
0.0703286 0.247381 0.247381 2 1 0
0.0705224 0.247624 0.247624 2 1 0
0.0707169 0.247867 0.247867 2 1 0
0.0709122 0.248111 0.248111 2 1 0
0.0711082 0.248355 0.248355 2 1 0
0.071305 0.248599 0.248599 2 1 0
0.0715025 0.248844 0.248844 2 1 0
0.0717007 0.249088 0.249088 2 1 0
0.0718997 0.249333 0.249333 2 1 0
0.0720995 0.249579 0.249579 2 1 0
0.0723 0.249824 0.249824 2 1 0
0.0725012 0.25007 0.25007 2 1 0
0.0727033 0.250316 0.250316 2 1 0
0.0729061 0.250562 0.250562 2 1 0
0.0731097 0.250809 0.250809 2 1 0
0.073314 0.251056 0.251056 2 1 0
0.0735191 0.251303 0.251303 2 1 0
0.0737251 0.25155 0.25155 2 1 0
0.0739318 0.251798 0.251798 2 1 0
0.0741393 0.252046 0.252046 2 1 0
0.0743476 0.252294 0.252294 2 1 0
0.0745567 0.252543 0.252543 2 1 0
0.0747666 0.252791 0.252791 2 1 0
0.0749773 0.25304 0.25304 2 1 0
0.0751888 0.25329 0.25329 2 1 0
0.0754011 0.253539 0.253539 2 1 0
0.0756143 0.253789 0.253789 2 1 0
0.0758283 0.254039 0.254039 2 1 0
0.0760431 0.25429 0.25429 2 1 0
0.0762588 0.25454 0.25454 2 1 0
0.0762588 0.25454 0.25454 2 1 0
0.0764753 0.254791 0.254791 2 1 0
0.0766926 0.255042 0.255042 2 1 0
0.0769108 0.255294 0.255294 2 1 0
0.0771298 0.255546 0.255546 2 1 0
0.0773497 0.255798 0.255798 2 1 0
0.0775705 0.25605 0.25605 2 1 0
0.0777921 0.256303 0.256303 2 1 0
0.0780146 0.256555 0.256555 2 1 0
0.0782379 0.256809 0.256809 2 1 0
0.0784621 0.257062 0.257062 2 1 0
0.0786873 0.257316 0.257316 2 1 0
0.0789133 0.25757 0.25757 2 1 0
0.0791402 0.257824 0.257824 2 1 0
0.079368 0.258078 0.258078 2 1 0
0.0795967 0.258333 0.258333 2 1 0
0.0798263 0.258588 0.258588 2 1 0
0.0800568 0.258843 0.258843 2 1 0
0.0802882 0.259099 0.259099 2 1 0
0.0805206 0.259355 0.259355 2 1 0
0.0807538 0.259611 0.259611 2 1 0
0.080988 0.259867 0.259867 2 1 0
0.0812232 0.260124 0.260124 2 1 0
0.0814593 0.260381 0.260381 2 1 0
0.0816963 0.260638 0.260638 2 1 0
0.0819343 0.260896 0.260896 2 1 0
0.0821732 0.261153 0.261153 2 1 0
0.0824131 0.261411 0.261411 2 1 0
0.0826539 0.26167 0.26167 2 1 0
0.0828958 0.261928 0.261928 2 1 0
0.0831386 0.262187 0.262187 2 1 0
0.0833824 0.262446 0.262446 2 1 0
0.0836271 0.262706 0.262706 2 1 0
0.0838729 0.262965 0.262965 2 1 0
0.0841196 0.263225 0.263225 2 1 0
0.0843674 0.263486 0.263486 2 1 0
0.0846162 0.263746 0.263746 2 1 0
0.0848659 0.264007 0.264007 2 1 0
0.0851167 0.264268 0.264268 2 1 0
0.0853686 0.264529 0.264529 2 1 0
0.0856214 0.264791 0.264791 2 1 0
0.0858753 0.265053 0.265053 2 1 0
0.0861302 0.265315 0.265315 2 1 0
0.0863862 0.265578 0.265578 2 1 0
0.0866432 0.26584 0.26584 2 1 0
0.0869013 0.266103 0.266103 2 1 0
0.0871605 0.266367 0.266367 2 1 0
0.0874207 0.26663 0.26663 2 1 0
0.087682 0.266894 0.266894 2 1 0
0.0879443 0.267158 0.267158 2 1 0
0.0882078 0.267422 0.267422 2 1 0
0.0884723 0.267687 0.267687 2 1 0
0.088738 0.267952 0.267952 2 1 0
0.0890048 0.268217 0.268217 2 1 0
0.0892726 0.268483 0.268483 2 1 0
0.0895416 0.268748 0.268748 2 1 0
0.0898117 0.269015 0.269015 2 1 0
0.090083 0.269281 0.269281 2 1 0
0.0903553 0.269547 0.269547 2 1 0
0.0906288 0.269814 0.269814 2 1 0
0.0909035 0.270081 0.270081 2 1 0
0.0911793 0.270349 0.270349 2 1 0
0.0914563 0.270617 0.270617 2 1 0
0.0917345 0.270885 0.270885 2 1 0
0.0920138 0.271153 0.271153 2 1 0
0.0922943 0.271421 0.271421 2 1 0
0.092576 0.27169 0.27169 2 1 0
0.0928589 0.271959 0.271959 2 1 0
0.093143 0.272229 0.272229 2 1 0
0.0934283 0.272498 0.272498 2 1 0
0.0937148 0.272768 0.272768 2 1 0
0.0940025 0.273039 0.273039 2 1 0
0.0942915 0.273309 0.273309 2 1 0
0.0945817 0.27358 0.27358 2 1 0
0.0948731 0.273851 0.273851 2 1 0
0.0951658 0.274122 0.274122 2 1 0
0.0954598 0.274394 0.274394 2 1 0
0.095755 0.274666 0.274666 2 1 0
0.0960515 0.274938 0.274938 2 1 0
0.0963492 0.27521 0.27521 2 1 0
0.0966483 0.275483 0.275483 2 1 0
0.0969486 0.275756 0.275756 2 1 0
0.0972503 0.276029 0.276029 2 1 0
0.0975532 0.276303 0.276303 2 1 0
0.0978575 0.276577 0.276577 2 1 0
0.0981631 0.276851 0.276851 2 1 0
0.09847 0.277125 0.277125 2 1 0
0.0987783 0.2774 0.2774 2 1 0
0.0990879 0.277675 0.277675 2 1 0
0.0993988 0.27795 0.27795 2 1 0
0.0997112 0.278225 0.278225 2 1 0
0.100025 0.278501 0.278501 2 1 0
0.10034 0.278777 0.278777 2 1 0
0.100656 0.279054 0.279054 2 1 0
0.100974 0.27933 0.27933 2 1 0
0.101294 0.279607 0.279607 2 1 0
0.101614 0.279884 0.279884 2 1 0
0.101936 0.280162 0.280162 2 1 0
0.10226 0.280439 0.280439 2 1 0
0.102585 0.280717 0.280717 2 1 0
0.102911 0.280996 0.280996 2 1 0
0.103239 0.281274 0.281274 2 1 0
0.103568 0.281553 0.281553 2 1 0
0.103899 0.281832 0.281832 2 1 0
0.104231 0.282112 0.282112 2 1 0
0.104565 0.282391 0.282391 2 1 0
0.1049 0.282671 0.282671 2 1 0
0.105237 0.282952 0.282952 2 1 0
0.105576 0.283232 0.283232 2 1 0
0.105915 0.283513 0.283513 2 1 0
0.106257 0.283794 0.283794 2 1 0
0.1066 0.284075 0.284075 2 1 0
0.106944 0.284357 0.284357 2 1 0
0.10729 0.284639 0.284639 2 1 0
0.107638 0.284921 0.284921 2 1 0
0.107987 0.285204 0.285204 2 1 0
0.108337 0.285486 0.285486 2 1 0
0.10869 0.285769 0.285769 2 1 0
0.109044 0.286053 0.286053 2 1 0
0.109399 0.286336 0.286336 2 1 0
0.109757 0.28662 0.28662 2 1 0
0.110115 0.286904 0.286904 2 1 0
0.110476 0.287189 0.287189 2 1 0
0.110838 0.287473 0.287473 2 1 0
0.111202 0.287758 0.287758 2 1 0
0.111567 0.288044 0.288044 2 1 0
0.111935 0.288329 0.288329 2 1 0
0.112304 0.288615 0.288615 2 1 0
0.112674 0.288901 0.288901 2 1 0
0.113047 0.289187 0.289187 2 1 0
0.113421 0.289474 0.289474 2 1 0
0.113796 0.289761 0.289761 2 1 0
0.114174 0.290048 0.290048 2 1 0
0.114553 0.290336 0.290336 2 1 0
0.114935 0.290624 0.290624 2 1 0
0.115317 0.290912 0.290912 2 1 0
0.115702 0.2912 0.2912 2 1 0
0.116089 0.291489 0.291489 2 1 0
0.116477 0.291777 0.291777 2 1 0
0.116867 0.292067 0.292067 2 1 0
0.117259 0.292356 0.292356 2 1 0
0.117653 0.292646 0.292646 2 1 0
0.118049 0.292936 0.292936 2 1 0
0.118447 0.293226 0.293226 2 1 0
0.118846 0.293517 0.293517 2 1 0
0.119248 0.293807 0.293807 2 1 0
0.119651 0.294099 0.294099 2 1 0
0.120056 0.29439 0.29439 2 1 0
0.120463 0.294682 0.294682 2 1 0
0.120873 0.294974 0.294974 2 1 0
0.121284 0.295266 0.295266 2 1 0
0.121697 0.295558 0.295558 2 1 0
0.122112 0.295851 0.295851 2 1 0
0.122529 0.296144 0.296144 2 1 0
0.122949 0.296437 0.296437 2 1 0
0.12337 0.296731 0.296731 2 1 0
0.123793 0.297025 0.297025 2 1 0
0.124218 0.297319 0.297319 2 1 0
0.124646 0.297614 0.297614 2 1 0
0.125075 0.297908 0.297908 2 1 0
0.125507 0.298203 0.298203 2 1 0
0.125941 0.298499 0.298499 2 1 0
0.126376 0.298794 0.298794 2 1 0
0.126814 0.29909 0.29909 2 1 0
0.127254 0.299386 0.299386 2 1 0
0.127697 0.299682 0.299682 2 1 0
0.128141 0.299979 0.299979 2 1 0
0.128588 0.300276 0.300276 2 1 0
0.129037 0.300573 0.300573 2 1 0
0.129488 0.300871 0.300871 2 1 0
0.129941 0.301168 0.301168 2 1 0
0.130397 0.301467 0.301467 2 1 0
0.130855 0.301765 0.301765 2 1 0
0.131315 0.302063 0.302063 2 1 0
0.131778 0.302362 0.302362 2 1 0
0.132243 0.302661 0.302661 2 1 0
0.13271 0.302961 0.302961 2 1 0
0.133179 0.303261 0.303261 2 1 0
0.133651 0.303561 0.303561 2 1 0
0.134126 0.303861 0.303861 2 1 0
0.134602 0.304161 0.304161 2 1 0
0.135082 0.304462 0.304462 2 1 0
0.135563 0.304763 0.304763 2 1 0
0.136047 0.305065 0.305065 2 1 0
0.136534 0.305366 0.305366 2 1 0
0.137023 0.305668 0.305668 2 1 0
0.137514 0.30597 0.30597 2 1 0
0.138008 0.306273 0.306273 2 1 0
0.138505 0.306575 0.306575 2 1 0
0.139004 0.306878 0.306878 2 1 0
0.139506 0.307182 0.307182 2 1 0
0.14001 0.307485 0.307485 2 1 0
0.140517 0.307789 0.307789 2 1 0
0.141026 0.308093 0.308093 2 1 0
0.141539 0.308397 0.308397 2 1 0
0.142054 0.308702 0.308702 2 1 0
0.142571 0.309007 0.309007 2 1 0
0.143091 0.309312 0.309312 2 1 0
0.143614 0.309618 0.309618 2 1 0
0.14414 0.309923 0.309923 2 1 0
0.144669 0.310229 0.310229 2 1 0
0.1452 0.310536 0.310536 2 1 0
0.145734 0.310842 0.310842 2 1 0
0.146271 0.311149 0.311149 2 1 0
0.146811 0.311456 0.311456 2 1 0
0.147353 0.311763 0.311763 2 1 0
0.147899 0.312071 0.312071 2 1 0
0.148447 0.312379 0.312379 2 1 0
0.148999 0.312687 0.312687 2 1 0
0.149553 0.312995 0.312995 2 1 0
0.15011 0.313304 0.313304 2 1 0
0.15067 0.313613 0.313613 2 1 0
0.151234 0.313922 0.313922 2 1 0
0.1518 0.314232 0.314232 2 1 0
0.152369 0.314542 0.314542 2 1 0
0.152942 0.314852 0.314852 2 1 0
0.153517 0.315162 0.315162 2 1 0
0.154096 0.315473 0.315473 2 1 0
0.154678 0.315783 0.315783 2 1 0
0.155263 0.316095 0.316095 2 1 0
0.155851 0.316406 0.316406 2 1 0
0.156443 0.316718 0.316718 2 1 0
0.157037 0.31703 0.31703 2 1 0
0.157635 0.317342 0.317342 2 1 0
0.158237 0.317654 0.317654 2 1 0
0.158841 0.317967 0.317967 2 1 0
0.159449 0.31828 0.31828 2 1 0
0.16006 0.318593 0.318593 2 1 0
0.160675 0.318907 0.318907 2 1 0
0.161293 0.31922 0.31922 2 1 0
0.161915 0.319535 0.319535 2 1 0
0.16254 0.319849 0.319849 2 1 0
0.163168 0.320163 0.320163 2 1 0
0.163801 0.320478 0.320478 2 1 0
0.164436 0.320793 0.320793 2 1 0
0.165075 0.321109 0.321109 2 1 0
0.165718 0.321424 0.321424 2 1 0
0.166365 0.32174 0.32174 2 1 0
0.167015 0.322057 0.322057 2 1 0
0.167669 0.322373 0.322373 2 1 0
0.168326 0.32269 0.32269 2 1 0
0.168988 0.323007 0.323007 2 1 0
0.169653 0.323324 0.323324 2 1 0
0.170322 0.323641 0.323641 2 1 0
0.170994 0.323959 0.323959 2 1 0
0.171671 0.324277 0.324277 2 1 0
0.172352 0.324595 0.324595 2 1 0
0.173036 0.324914 0.324914 2 1 0
0.173724 0.325233 0.325233 2 1 0
0.174417 0.325552 0.325552 2 1 0
0.175113 0.325871 0.325871 2 1 0
0.175814 0.326191 0.326191 2 1 0
0.176518 0.32651 0.32651 2 1 0
0.177227 0.326831 0.326831 2 1 0
0.17794 0.327151 0.327151 2 1 0
0.178657 0.327472 0.327472 2 1 0
0.179379 0.327792 0.327792 2 1 0
0.180104 0.328114 0.328114 2 1 0
0.180834 0.328435 0.328435 2 1 0
0.181568 0.328757 0.328757 2 1 0
0.182307 0.329078 0.329078 2 1 0
0.18305 0.329401 0.329401 2 1 0
0.183797 0.329723 0.329723 2 1 0
0.184549 0.330046 0.330046 2 1 0
0.185306 0.330369 0.330369 2 1 0
0.186067 0.330692 0.330692 2 1 0
0.186832 0.331015 0.331015 2 1 0
0.187602 0.331339 0.331339 2 1 0
0.188377 0.331663 0.331663 2 1 0
0.189157 0.331987 0.331987 2 1 0
0.189941 0.332311 0.332311 2 1 0
0.19073 0.332636 0.332636 2 1 0
0.191524 0.332961 0.332961 2 1 0
0.192323 0.333286 0.333286 2 1 0
0.193126 0.333612 0.333612 2 1 0
0.193935 0.333937 0.333937 2 1 0
0.194749 0.334263 0.334263 2 1 0
0.195567 0.334589 0.334589 2 1 0
0.196391 0.334916 0.334916 2 1 0
0.19722 0.335242 0.335242 2 1 0
0.198054 0.335569 0.335569 2 1 0
0.198893 0.335896 0.335896 2 1 0
0.199737 0.336224 0.336224 2 1 0
0.200587 0.336552 0.336552 2 1 0
0.201442 0.336879 0.336879 2 1 0
0.202303 0.337208 0.337208 2 1 0
0.203169 0.337536 0.337536 2 1 0
0.20404 0.337865 0.337865 2 1 0
0.204917 0.338194 0.338194 2 1 0
0.205799 0.338523 0.338523 2 1 0
0.206687 0.338852 0.338852 2 1 0
0.207581 0.339182 0.339182 2 1 0
0.208481 0.339511 0.339511 2 1 0
0.209386 0.339842 0.339842 2 1 0
0.210297 0.340172 0.340172 2 1 0
0.211214 0.340502 0.340502 2 1 0
0.212137 0.340833 0.340833 2 1 0
0.213066 0.341164 0.341164 2 1 0
0.214001 0.341496 0.341496 2 1 0
0.214942 0.341827 0.341827 2 1 0
0.215889 0.342159 0.342159 2 1 0
0.216843 0.342491 0.342491 2 1 0
0.217802 0.342823 0.342823 2 1 0
0.218768 0.343156 0.343156 2 1 0
0.219741 0.343488 0.343488 2 1 0
0.22072 0.343821 0.343821 2 1 0
0.221705 0.344154 0.344154 2 1 0
0.222697 0.344488 0.344488 2 1 0
0.223695 0.344821 0.344821 2 1 0
0.2247 0.345155 0.345155 2 1 0
0.225712 0.345489 0.345489 2 1 0
0.226731 0.345824 0.345824 2 1 0
0.227756 0.346158 0.346158 2 1 0
0.228789 0.346493 0.346493 2 1 0
0.229828 0.346828 0.346828 2 1 0
0.230875 0.347163 0.347163 2 1 0
0.231928 0.347498 0.347498 2 1 0
0.232989 0.347834 0.347834 2 1 0
0.234057 0.34817 0.34817 2 1 0
0.235133 0.348506 0.348506 2 1 0
0.236215 0.348842 0.348842 2 1 0
0.237306 0.349179 0.349179 2 1 0
0.238403 0.349516 0.349516 2 1 0
0.239509 0.349853 0.349853 2 1 0
0.240622 0.35019 0.35019 2 1 0
0.241743 0.350527 0.350527 2 1 0
0.242871 0.350865 0.350865 2 1 0
0.244008 0.351203 0.351203 2 1 0
0.245152 0.351541 0.351541 2 1 0
0.246305 0.351879 0.351879 2 1 0
0.247466 0.352218 0.352218 2 1 0
0.248635 0.352556 0.352556 2 1 0
0.249812 0.352895 0.352895 2 1 0
0.250998 0.353234 0.353234 2 1 0
0.252192 0.353574 0.353574 2 1 0
0.253394 0.353913 0.353913 2 1 0
0.254606 0.354253 0.354253 2 1 0
0.255826 0.354593 0.354593 2 1 0
0.257054 0.354933 0.354933 2 1 0
0.258292 0.355274 0.355274 2 1 0
0.259539 0.355614 0.355614 2 1 0
0.260794 0.355955 0.355955 2 1 0
0.262059 0.356296 0.356296 2 1 0
0.263333 0.356637 0.356637 2 1 0
0.264617 0.356978 0.356978 2 1 0
0.26591 0.35732 0.35732 2 1 0
0.267212 0.357662 0.357662 2 1 0
0.268524 0.358004 0.358004 2 1 0
0.269846 0.358346 0.358346 2 1 0
0.271178 0.358688 0.358688 2 1 0
0.272519 0.359031 0.359031 2 1 0
0.273871 0.359373 0.359373 2 1 0
0.275232 0.359716 0.359716 2 1 0
0.276604 0.360059 0.360059 2 1 0
0.277987 0.360403 0.360403 2 1 0
0.279379 0.360746 0.360746 2 1 0
0.280783 0.36109 0.36109 2 1 0
0.282197 0.361433 0.361433 2 1 0
0.283622 0.361777 0.361777 2 1 0
0.285057 0.362122 0.362122 2 1 0
0.286504 0.362466 0.362466 2 1 0
0.287962 0.36281 0.36281 2 1 0
0.289431 0.363155 0.363155 2 1 0
0.290911 0.3635 0.3635 2 1 0
0.292403 0.363845 0.363845 2 1 0
0.293907 0.36419 0.36419 2 1 0
0.295422 0.364536 0.364536 2 1 0
0.296949 0.364881 0.364881 2 1 0
0.298488 0.365227 0.365227 2 1 0
0.30004 0.365573 0.365573 2 1 0
0.301603 0.365919 0.365919 2 1 0
0.303179 0.366265 0.366265 2 1 0
0.304767 0.366611 0.366611 2 1 0
0.306368 0.366958 0.366958 2 1 0
0.307982 0.367304 0.367304 2 1 0
0.309609 0.367651 0.367651 2 1 0
0.311249 0.367998 0.367998 2 1 0
0.312902 0.368345 0.368345 2 1 0
0.314568 0.368692 0.368692 2 1 0
0.316248 0.369039 0.369039 2 1 0
0.317941 0.369387 0.369387 2 1 0
0.319649 0.369735 0.369735 2 1 0
0.32137 0.370082 0.370082 2 1 0
0.323105 0.37043 0.37043 2 1 0
0.324855 0.370778 0.370778 2 1 0
0.326619 0.371126 0.371126 2 1 0
0.328398 0.371475 0.371475 2 1 0
0.330191 0.371823 0.371823 2 1 0
0.331999 0.372171 0.372171 2 1 0
0.333823 0.37252 0.37252 2 1 0
0.335661 0.372869 0.372869 2 1 0
0.337516 0.373218 0.373218 2 1 0
0.339385 0.373567 0.373567 2 1 0
0.341271 0.373916 0.373916 2 1 0
0.343172 0.374265 0.374265 2 1 0
0.34509 0.374614 0.374614 2 1 0
0.347024 0.374963 0.374963 2 1 0
0.348974 0.375313 0.375313 2 1 0
0.350941 0.375662 0.375662 2 1 0
0.352925 0.376012 0.376012 2 1 0
0.354927 0.376362 0.376362 2 1 0
0.356945 0.376712 0.376712 2 1 0
0.358981 0.377061 0.377061 2 1 0
0.361035 0.377411 0.377411 2 1 0
0.363106 0.377761 0.377761 2 1 0
0.365196 0.378112 0.378112 2 1 0
0.367304 0.378462 0.378462 2 1 0
0.36943 0.378812 0.378812 2 1 0
0.371575 0.379162 0.379162 2 1 0
0.373739 0.379512 0.379512 2 1 0
0.375923 0.379863 0.379863 2 1 0
0.378125 0.380213 0.380213 2 1 0
0.380348 0.380564 0.380564 2 1 0
0.38259 0.380914 0.380914 2 1 0
0.384852 0.381265 0.381265 2 1 0
0.387135 0.381615 0.381615 2 1 0
0.389438 0.381966 0.381966 2 1 0
0.391762 0.382316 0.382316 2 1 0
0.394108 0.382667 0.382667 2 1 0
0.396474 0.383018 0.383018 2 1 0
0.398862 0.383368 0.383368 2 1 0
0.401272 0.383719 0.383719 2 1 0
0.403704 0.38407 0.38407 2 1 0
0.405824 0.384372 0.384372 2 1 0
0.408296 0.384723 0.384723 1 1 0
0.410793 0.385073 0.385073 1 1 0
0.413312 0.385424 0.385424 1 1 0
0.415855 0.385775 0.385775 1 1 0
0.418422 0.386125 0.386125 1 1 0
0.421013 0.386475 0.386475 1 1 0
0.423628 0.386826 0.386826 1 1 0
0.426267 0.387176 0.387176 1 1 0
0.428932 0.387526 0.387526 1 1 0
0.431621 0.387877 0.387877 1 1 0
0.434336 0.388227 0.388227 1 1 0
0.437076 0.388577 0.388577 1 1 0
0.439842 0.388927 0.388927 1 1 0
0.442635 0.389277 0.389277 1 1 0
0.445455 0.389626 0.389626 1 1 0
0.448301 0.389976 0.389976 1 1 0
0.451174 0.390325 0.390325 1 1 0
0.454075 0.390675 0.390675 1 1 0
0.457004 0.391024 0.391024 1 1 0
0.459962 0.391373 0.391373 1 1 0
0.462947 0.391722 0.391722 1 1 0
0.465962 0.392071 0.392071 1 1 0
0.469006 0.39242 0.39242 1 1 0
0.472079 0.392768 0.392768 1 1 0
0.475183 0.393116 0.393116 1 1 0
0.478316 0.393464 0.393464 1 1 0
0.481481 0.393812 0.393812 1 1 0
0.484676 0.39416 0.39416 1 1 0
0.487902 0.394507 0.394507 1 1 0
0.49116 0.394855 0.394855 1 1 0
0.494451 0.395202 0.395202 1 1 0
0.497773 0.395548 0.395548 1 1 0
0.501129 0.395895 0.395895 1 1 0
0.504517 0.396241 0.396241 1 1 0
0.507939 0.396587 0.396587 1 1 0
0.511395 0.396933 0.396933 1 1 0
0.514885 0.397278 0.397278 1 1 0
0.51841 0.397623 0.397623 1 1 0
0.52197 0.397967 0.397967 1 1 0
0.525565 0.398312 0.398312 1 1 0
0.529196 0.398656 0.398656 1 1 0
0.532863 0.398999 0.398999 1 1 0
0.536566 0.399343 0.399343 1 1 0
0.540307 0.399685 0.399685 1 1 0
0.544085 0.400028 0.400028 1 1 0
0.5479 0.40037 0.40037 1 1 0
0.551754 0.400711 0.400711 1 1 0
0.555646 0.401052 0.401052 1 1 0
0.559577 0.401393 0.401393 1 1 0
0.563547 0.401733 0.401733 1 1 0
0.567557 0.402073 0.402073 1 1 0
0.571607 0.402412 0.402412 1 1 0
0.575698 0.402751 0.402751 1 1 0
0.579829 0.403089 0.403089 1 1 0
0.584001 0.403426 0.403426 1 1 0
0.588216 0.403763 0.403763 1 1 0
0.592472 0.4041 0.4041 1 1 0
0.59677 0.404435 0.404435 1 1 0
0.601111 0.40477 0.40477 1 1 0
0.605495 0.405105 0.405105 1 1 0
0.609923 0.405439 0.405439 1 1 0
0.614395 0.405772 0.405772 1 1 0
0.61891 0.406104 0.406104 1 1 0
0.623471 0.406436 0.406436 1 1 0
0.628076 0.406767 0.406767 1 1 0
0.632726 0.407097 0.407097 1 1 0
0.637423 0.407427 0.407427 1 1 0
0.642165 0.407756 0.407756 1 1 0
0.646953 0.408083 0.408083 1 1 0
0.651788 0.408411 0.408411 1 1 0
0.65667 0.408737 0.408737 1 1 0
0.661599 0.409062 0.409062 1 1 0
0.666576 0.409386 0.409386 1 1 0
0.6716 0.40971 0.40971 1 1 0
0.676673 0.410033 0.410033 1 1 0
0.681794 0.410354 0.410354 1 1 0
0.686964 0.410675 0.410675 1 1 0
0.692183 0.410994 0.410994 1 1 0
0.69745 0.411313 0.411313 1 1 0
0.702768 0.411631 0.411631 1 1 0
0.708135 0.411947 0.411947 1 1 0
0.713551 0.412263 0.412263 1 1 0
0.719018 0.412577 0.412577 1 1 0
0.724535 0.41289 0.41289 1 1 0
0.730102 0.413202 0.413202 1 1 0
0.73572 0.413513 0.413513 1 1 0
0.741389 0.413822 0.413822 1 1 0
0.747108 0.414131 0.414131 1 1 0
0.752878 0.414438 0.414438 1 1 0
0.758699 0.414744 0.414744 1 1 0
0.764572 0.415049 0.415049 1 1 0
0.770495 0.415352 0.415352 1 1 0
0.77647 0.415654 0.415654 1 1 0
0.782496 0.415954 0.415954 1 1 0
0.788574 0.416254 0.416254 1 1 0
0.794702 0.416551 0.416551 1 1 0
0.800882 0.416848 0.416848 1 1 0
0.807113 0.417143 0.417143 1 1 0
0.813396 0.417436 0.417436 1 1 0
0.819729 0.417728 0.417728 1 1 0
0.826114 0.418019 0.418019 1 1 0
0.832549 0.418308 0.418308 1 1 0
0.839036 0.418595 0.418595 1 1 0
0.845572 0.418881 0.418881 1 1 0
0.85216 0.419166 0.419166 1 1 0
0.858798 0.419448 0.419448 1 1 0
0.865486 0.419729 0.419729 1 1 0
0.872224 0.420009 0.420009 1 1 0
0.879011 0.420287 0.420287 1 1 0
0.885848 0.420563 0.420563 1 1 0
0.892735 0.420837 0.420837 1 1 0
0.89967 0.42111 0.42111 1 1 0
0.906654 0.421381 0.421381 1 1 0
0.913686 0.42165 0.42165 1 1 0
0.920767 0.421918 0.421918 1 1 0
0.927895 0.422184 0.422184 1 1 0
0.93507 0.422448 0.422448 1 1 0
0.942292 0.42271 0.42271 1 1 0
0.949561 0.42297 0.42297 1 1 0
0.956876 0.423229 0.423229 1 1 0
0.964237 0.423486 0.423486 1 1 0
0.971644 0.423741 0.423741 1 1 0
0.979095 0.423994 0.423994 1 1 0
0.986591 0.424245 0.424245 1 1 0
0.99413 0.424495 0.424495 1 1 0
1.00171 0.424742 0.424742 1 1 0
0.018897 0.145884 0.145884 4 2 0
0.0188955 0.147322 0.144482 4 2 0
0.0188877 0.14954 0.142459 4 2 0
0.0188676 0.152583 0.139932 4 2 0
0.0188382 0.155676 0.137601 4 2 0
0.0188014 0.158797 0.135473 4 2 0
0.0187588 0.161952 0.133506 4 2 0
0.0187116 0.165202 0.131677 4 2 0
0.0186604 0.168549 0.12995 4 2 0
0.0186059 0.172058 0.128281 4 2 0
0.0185484 0.175758 0.126668 4 2 0
0.0184884 0.179736 0.12507 4 2 0
0.0184263 0.184058 0.123531 4 2 0
0.0183631 0.188768 0.121952 4 2 0
0.0183006 0.193813 0.120411 4 2 0
0.0182417 0.199273 0.11897 4 2 0
0.0181894 0.204755 0.117594 4 2 0
0.0181455 0.210053 0.116362 4 2 0
0.01811 0.215201 0.115338 4 2 0
0.0180817 0.220108 0.114383 4 2 0
0.0180594 0.224744 0.113535 4 2 0
0.018042 0.229139 0.112813 4 2 0
0.0180287 0.23336 0.112127 4 2 0
0.0180187 0.237415 0.111508 4 2 0
0.0180117 0.241154 0.110965 4 2 0
0.0180072 0.244956 0.110439 4 2 0
0.0180048 0.248655 0.109956 4 2 0
0.0180043 0.251361 0.109665 3 2 0
0.0180052 0.254896 0.109228 3 2 0
0.0180077 0.258349 0.10882 3 2 0
0.0180116 0.261864 0.108476 3 2 0
0.018017 0.265183 0.108112 3 2 0
0.0180235 0.268437 0.107769 3 2 0
0.0180313 0.271544 0.107468 3 2 0
0.0180402 0.274703 0.10716 3 2 0
0.0180501 0.277811 0.106869 3 2 0
0.0180609 0.280887 0.106611 3 2 0
0.0180728 0.283858 0.106348 3 2 0
0.0180855 0.286776 0.106098 3 2 0
0.0180991 0.289775 0.105881 3 2 0
0.0181135 0.292608 0.105653 3 2 0
0.0181288 0.295391 0.105437 3 2 0
0.0181448 0.298198 0.10525 3 2 0
0.0181615 0.300934 0.105052 3 2 0
0.018179 0.303622 0.104863 3 2 0
0.0181971 0.306099 0.104701 3 2 0
0.0182159 0.308722 0.104527 3 2 0
0.0182354 0.3113 0.104362 3 2 0
0.0182555 0.313814 0.104222 3 2 0
0.0182763 0.316237 0.10407 3 2 0
0.0182976 0.318611 0.103924 3 2 0
0.0183195 0.321162 0.103819 3 2 0
0.018342 0.323505 0.103684 3 2 0
0.0183651 0.325801 0.103556 3 2 0
0.0183886 0.328041 0.103466 3 2 0
0.0184127 0.330273 0.103347 3 2 0
0.0184373 0.332461 0.103233 3 2 0
0.0184624 0.334533 0.103148 3 2 0
0.0184879 0.336665 0.103051 3 2 0
0.018514 0.338755 0.102951 3 2 0
0.0185404 0.340513 0.102854 3 2 0
0.0185674 0.342566 0.102769 3 2 0
0.0185947 0.344578 0.102687 3 2 0
0.0186225 0.346053 0.102607 3 2 0
0.0186506 0.34792 0.102531 3 2 0
0.0186792 0.349863 0.102455 3 2 0
0.0187081 0.351931 0.102358 3 2 0
0.0187375 0.353657 0.102287 3 2 0
0.0187672 0.355346 0.102218 3 2 0
0.0187972 0.356738 0.102162 3 2 0
0.0188276 0.358536 0.102099 3 2 0
0.0188583 0.360301 0.102039 3 2 0
0.0188894 0.362034 0.101993 3 2 0
0.0189208 0.363569 0.101938 3 2 0
0.0189525 0.365072 0.101884 3 2 0
0.0189845 0.367257 0.101848 3 2 0
0.0190168 0.368755 0.101801 3 2 0
0.0190494 0.370223 0.101755 3 2 0
0.0190824 0.37127 0.101687 3 2 0
0.0191155 0.372811 0.101645 3 2 0
0.019149 0.374341 0.101605 3 2 0
0.0191827 0.375866 0.101554 3 2 0
0.0192168 0.377198 0.101516 3 2 0
0.019251 0.378504 0.10148 3 2 0
0.0192855 0.379897 0.101443 3 2 0
0.0193203 0.38116 0.10141 3 2 0
0.0193553 0.382399 0.101378 3 2 0
0.0193906 0.384186 0.101343 3 2 0
0.0194261 0.385415 0.101313 3 2 0
0.0194619 0.386622 0.101285 3 2 0
0.0194978 0.388177 0.101256 3 2 0
0.019534 0.389371 0.10123 3 2 0
0.0195705 0.390544 0.101206 3 2 0
0.0196071 0.391846 0.101177 3 2 0
0.019644 0.392993 0.101154 3 2 0
0.0196811 0.394119 0.101132 3 2 0
0.0197184 0.395449 0.101108 3 2 0
0.0197559 0.396562 0.101088 3 2 0
0.0197936 0.397657 0.101069 3 2 0
0.0198315 0.39888 0.101049 3 2 0
0.0198696 0.399964 0.101032 3 2 0
0.0199079 0.40103 0.101016 3 2 0
0.0199464 0.402123 0.100999 3 2 0
0.0199851 0.403183 0.100984 3 2 0
0.020024 0.404227 0.10097 3 2 0
0.0200631 0.405101 0.100957 3 2 0
0.0201024 0.406145 0.100945 3 2 0
0.0201418 0.407174 0.100933 3 2 0
0.0201815 0.408186 0.100918 3 2 0
0.0202213 0.409185 0.100907 3 2 0
0.0202613 0.410171 0.100897 3 2 0
0.0203015 0.411117 0.100886 3 2 0
0.0203418 0.412079 0.100877 3 2 0
0.0203824 0.413027 0.100869 3 2 0
0.0204231 0.4139 0.10086 3 2 0
0.020464 0.414834 0.100853 3 2 0
0.020505 0.415754 0.100846 3 2 0
0.0205463 0.41659 0.10084 3 2 0
0.0205877 0.417496 0.100834 3 2 0
0.0206292 0.41839 0.100829 3 2 0
0.020671 0.41913 0.100824 3 2 0
0.0207129 0.420016 0.100821 3 2 0
0.0207549 0.42089 0.100817 3 2 0
0.0207972 0.421596 0.100813 3 2 0
0.0208396 0.42246 0.100811 3 2 0
0.0208821 0.423314 0.100809 3 2 0
0.0209249 0.423998 0.100807 3 2 0
0.0209678 0.424841 0.100806 3 2 0
0.0210108 0.425673 0.100805 3 2 0
0.021054 0.426249 0.100804 3 2 0
0.0210974 0.427075 0.100804 3 2 0
0.0211409 0.42789 0.100805 3 2 0
0.0211846 0.428456 0.100805 3 2 0
0.0212284 0.429263 0.100807 3 2 0
0.0212724 0.430061 0.100808 3 2 0
0.0213166 0.430559 0.100809 3 2 0
0.0213609 0.43135 0.100812 3 2 0
0.0214053 0.432132 0.100814 3 2 0
0.0214499 0.432611 0.100817 3 2 0
0.0214947 0.433386 0.100821 3 2 0
0.0215396 0.434152 0.100824 3 2 0
0.0215847 0.434785 0.100827 3 2 0
0.0216299 0.43543 0.100832 3 2 0
0.0216753 0.436111 0.100837 3 2 0
0.0217209 0.437059 0.100842 3 2 0
0.0217665 0.437694 0.100847 3 2 0
0.0218124 0.438321 0.100853 3 2 0
0.0218584 0.439238 0.100857 3 2 0
0.0219045 0.439862 0.100863 3 2 0
0.0219508 0.440479 0.10087 3 2 0
0.0219972 0.441307 0.100877 3 2 0
0.0220438 0.441919 0.100884 3 2 0
0.0220906 0.442525 0.100892 3 2 0
0.0221375 0.443371 0.100898 3 2 0
0.0221845 0.443974 0.100906 3 2 0
0.0222317 0.444571 0.100914 3 2 0
0.022279 0.445313 0.100922 3 2 0
0.0223265 0.445905 0.100931 3 2 0
0.0223742 0.44649 0.10094 3 2 0
0.0224219 0.447197 0.100948 3 2 0
0.0224699 0.447777 0.100957 3 2 0
0.022518 0.448351 0.100967 3 2 0
0.0225662 0.449052 0.100977 3 2 0
0.0226146 0.449623 0.100987 3 2 0
0.0226631 0.450188 0.100997 3 2 0
0.0227118 0.45087 0.101006 3 2 0
0.0227606 0.451433 0.101017 3 2 0
0.0228096 0.451991 0.101028 3 2 0
0.0228587 0.452602 0.101039 3 2 0
0.022908 0.453154 0.101051 3 2 0
0.0229574 0.453701 0.101062 3 2 0
0.023007 0.454304 0.101073 3 2 0
0.0230567 0.454848 0.101085 3 2 0
0.0231066 0.455387 0.101097 3 2 0
0.0231566 0.455955 0.101109 3 2 0
0.0232067 0.456495 0.101122 3 2 0
0.0232571 0.457031 0.101135 3 2 0
0.0233075 0.457552 0.101146 3 2 0
0.0233581 0.458084 0.101159 3 2 0
0.0234089 0.45861 0.101172 3 2 0
0.0234598 0.459037 0.101187 3 2 0
0.0235109 0.459539 0.101201 3 2 0
0.0235621 0.460037 0.101215 3 2 0
0.0236134 0.460597 0.101226 3 2 0
0.0236649 0.461115 0.10124 3 2 0
0.0237166 0.461629 0.101254 3 2 0
0.0237684 0.461875 0.10127 3 2 0
0.0238203 0.462395 0.101285 3 2 0
0.0238724 0.462911 0.1013 3 2 0
0.0239247 0.463492 0.101315 3 2 0
0.0239771 0.46396 0.10133 3 2 0
0.0240297 0.464425 0.101345 3 2 0
0.0240824 0.465041 0.101362 3 2 0
0.0241352 0.465506 0.101378 3 2 0
0.0241882 0.465967 0.101394 3 2 0
0.0242414 0.466149 0.101404 3 2 0
0.0242947 0.466643 0.10142 3 2 0
0.0243482 0.467132 0.101436 3 2 0
0.0244018 0.467901 0.101456 3 2 0
0.0244556 0.468354 0.101472 3 2 0
0.0245095 0.468802 0.101489 3 2 0
0.0245636 0.469285 0.101508 3 2 0
0.0246178 0.469737 0.101525 3 2 0
0.0246722 0.470185 0.101542 3 2 0
0.0247267 0.470626 0.10156 3 2 0
0.0247814 0.471065 0.101577 3 2 0
0.0248362 0.471501 0.101595 3 2 0
0.0248912 0.471938 0.101614 3 2 0
0.0249464 0.472368 0.101632 3 2 0
0.0250017 0.472794 0.101651 3 2 0
0.0250572 0.473069 0.10167 3 2 0
0.0251128 0.473479 0.101689 3 2 0
0.0251686 0.473885 0.101707 3 2 0
0.0252245 0.474331 0.101726 3 2 0
0.0252806 0.474733 0.101745 3 2 0
0.0253368 0.475132 0.101764 3 2 0
0.0253932 0.475493 0.101784 3 2 0
0.0254498 0.475885 0.101803 3 2 0
0.0255065 0.476274 0.101822 3 2 0
0.0255633 0.476592 0.101842 3 2 0
0.0256204 0.476973 0.101862 3 2 0
0.0256776 0.477352 0.101881 3 2 0
0.0257349 0.477737 0.101901 3 2 0
0.0257924 0.47811 0.101921 3 2 0
0.0258501 0.47848 0.101942 3 2 0
0.0259079 0.478759 0.101962 3 2 0
0.0259659 0.479121 0.101982 3 2 0
0.026024 0.479482 0.102003 3 2 0
0.0260823 0.479713 0.102022 3 2 0
0.0261408 0.480066 0.102042 3 2 0
0.0261994 0.480416 0.102063 3 2 0
0.0262582 0.480724 0.102082 3 2 0
0.0263171 0.481137 0.102103 3 2 0
0.0263763 0.481548 0.102124 3 2 0
0.0264355 0.482097 0.102144 3 2 0
0.026495 0.482499 0.102165 3 2 0
0.0265546 0.482897 0.102187 3 2 0
0.0266144 0.482997 0.102208 3 2 0
0.0266743 0.483396 0.10223 3 2 0
0.0267344 0.483793 0.102252 3 2 0
0.0267947 0.484469 0.102272 3 2 0
0.0268551 0.484853 0.102294 3 2 0
0.0269157 0.485235 0.102316 3 2 0
0.0269764 0.485178 0.10234 3 2 0
0.0270374 0.485564 0.102362 3 2 0
0.0270985 0.485948 0.102385 3 2 0
0.0271597 0.48662 0.102407 3 2 0
0.0272212 0.486991 0.102429 3 2 0
0.0272828 0.48736 0.102452 3 2 0
0.0273445 0.487555 0.102475 3 2 0
0.0274065 0.487923 0.102498 3 2 0
0.0274686 0.488289 0.102521 3 2 0
0.0275309 0.488981 0.102539 3 2 0
0.0275933 0.489331 0.102562 3 2 0
0.027656 0.489679 0.102586 3 2 0
0.0277188 0.489685 0.10261 3 2 0
0.0277817 0.49004 0.102633 3 2 0
0.0278449 0.490392 0.102657 3 2 0
0.0279082 0.490814 0.102682 3 2 0
0.0279717 0.491159 0.102706 3 2 0
0.0280353 0.491502 0.10273 3 2 0
0.0280992 0.491801 0.102753 3 2 0
0.0281632 0.492141 0.102777 3 2 0
0.0282274 0.492478 0.102802 3 2 0
0.0282917 0.49286 0.102824 3 2 0
0.0283563 0.493191 0.102849 3 2 0
0.028421 0.49352 0.102873 3 2 0
0.0284859 0.493816 0.102897 3 2 0
0.028551 0.494142 0.102922 3 2 0
0.0286162 0.494465 0.102946 3 2 0
0.0286817 0.494788 0.102969 3 2 0
0.0287473 0.495107 0.102994 3 2 0
0.0288131 0.495425 0.103019 3 2 0
0.028879 0.495694 0.103042 3 2 0
0.0289452 0.496009 0.103067 3 2 0
0.0290115 0.496322 0.103093 3 2 0
0.029078 0.496666 0.103116 3 2 0
0.0291448 0.496974 0.103141 3 2 0
0.0292116 0.497279 0.103166 3 2 0
0.0292787 0.497544 0.103192 3 2 0
0.029346 0.497848 0.103217 3 2 0
0.0294134 0.498149 0.103243 3 2 0
0.029481 0.498381 0.103266 3 2 0
0.0295488 0.498682 0.103292 3 2 0
0.0296168 0.49898 0.103317 3 2 0
0.029685 0.499195 0.103343 3 2 0
0.0297534 0.499493 0.103369 3 2 0
0.029822 0.499789 0.103395 3 2 0
0.0298907 0.500142 0.103421 3 2 0
0.0299596 0.500432 0.103447 3 2 0
0.0300288 0.50072 0.103473 3 2 0
0.0300981 0.501 0.1035 3 2 0
0.0301676 0.501284 0.103526 3 2 0
0.0302373 0.501567 0.103553 3 2 0
0.0303072 0.501903 0.103579 3 2 0
0.0303773 0.502172 0.103605 3 2 0
0.0304476 0.502439 0.103632 3 2 0
0.0305181 0.502642 0.103661 3 2 0
0.0305887 0.502919 0.103688 3 2 0
0.0306596 0.503194 0.103715 3 2 0
0.0307307 0.503492 0.103744 3 2 0
0.0308019 0.503752 0.103771 3 2 0
0.0308734 0.504009 0.103798 3 2 0
0.0309451 0.504102 0.103826 3 2 0
0.0310169 0.504376 0.103853 3 2 0
0.031089 0.504648 0.103881 3 2 0
0.0311612 0.50501 0.103906 3 2 0
0.0312337 0.505259 0.103934 3 2 0
0.0313063 0.505507 0.103961 3 2 0
0.0313792 0.50584 0.103992 3 2 0
0.0314522 0.506098 0.10402 3 2 0
0.0315255 0.506354 0.104047 3 2 0
0.031599 0.506575 0.104077 3 2 0
0.0316727 0.50682 0.104105 3 2 0
0.0317465 0.507063 0.104133 3 2 0
0.0318206 0.507353 0.104162 3 2 0
0.0318949 0.507596 0.10419 3 2 0
0.0319694 0.507838 0.104218 3 2 0
0.0320441 0.508088 0.104247 3 2 0
0.032119 0.508327 0.104276 3 2 0
0.0321941 0.508565 0.104304 3 2 0
0.0322695 0.508744 0.104332 3 2 0
0.032345 0.508976 0.10436 3 2 0
0.0324208 0.509207 0.104389 3 2 0
0.0324967 0.509548 0.10442 3 2 0
0.0325729 0.509783 0.104448 3 2 0
0.0326493 0.510018 0.104477 3 2 0
0.0327259 0.51013 0.104504 3 2 0
0.0328027 0.510355 0.104532 3 2 0
0.0328798 0.510578 0.104561 3 2 0
0.032957 0.51095 0.104592 3 2 0
0.0330345 0.511178 0.10462 3 2 0
0.0331122 0.511406 0.104649 3 2 0
0.0331901 0.511564 0.104676 3 2 0
0.0332682 0.511785 0.104705 3 2 0
0.0333465 0.512004 0.104734 3 2 0
0.0334251 0.512305 0.104764 3 2 0
0.0335039 0.512526 0.104793 3 2 0
0.0335829 0.512746 0.104822 3 2 0
0.0336621 0.512962 0.104852 3 2 0
0.0337416 0.513179 0.104881 3 2 0
0.0338213 0.513395 0.10491 3 2 0
0.0339012 0.513633 0.104937 3 2 0
0.0339813 0.513848 0.104967 3 2 0
0.0340617 0.514062 0.104996 3 2 0
0.0341423 0.514281 0.105023 3 2 0
0.0342231 0.514493 0.105053 3 2 0
0.0343041 0.514704 0.105082 3 2 0
0.0343854 0.514929 0.105112 3 2 0
0.0344669 0.515138 0.105142 3 2 0
0.0345486 0.515347 0.105171 3 2 0
0.0346306 0.515572 0.1052 3 2 0
0.0347128 0.515779 0.10523 3 2 0
0.0347952 0.515986 0.105259 3 2 0
0.0348779 0.516203 0.105286 3 2 0
0.0349608 0.516409 0.105316 3 2 0
0.0350439 0.516614 0.105346 3 2 0
0.0351273 0.516821 0.105375 3 2 0
0.0352109 0.517026 0.105405 3 2 0
0.0352948 0.517229 0.105435 3 2 0
0.0353789 0.517427 0.105465 3 2 0
0.0354632 0.51763 0.105495 3 2 0
0.0355478 0.517832 0.105525 3 2 0
0.0356326 0.518025 0.105551 3 2 0
0.0357177 0.518226 0.105582 3 2 0
0.035803 0.518426 0.105612 3 2 0
0.0358886 0.518626 0.105642 3 2 0
0.0359744 0.518823 0.105672 3 2 0
0.0360604 0.519019 0.105702 3 2 0
0.0361467 0.519214 0.105734 3 2 0
0.0362333 0.519407 0.105764 3 2 0
0.03632 0.5196 0.105795 3 2 0
0.0364071 0.519782 0.105826 3 2 0
0.0364944 0.519971 0.105856 3 2 0
0.0365819 0.520159 0.105887 3 2 0
0.0366697 0.520348 0.105916 3 2 0
0.0367578 0.520534 0.105947 3 2 0
0.0368461 0.520719 0.105978 3 2 0
0.0369347 0.520903 0.106006 3 2 0
0.0370235 0.521085 0.106037 3 2 0
0.0371126 0.521267 0.106068 3 2 0
0.0372019 0.52144 0.106099 3 2 0
0.0372915 0.52162 0.106129 3 2 0
0.0373814 0.521798 0.10616 3 2 0
0.0374715 0.521973 0.10619 3 2 0
0.0375619 0.522149 0.106221 3 2 0
0.0376525 0.522325 0.106252 3 2 0
0.0377434 0.522513 0.106282 3 2 0
0.0378346 0.522687 0.106313 3 2 0
0.037926 0.52286 0.106344 3 2 0
0.0380177 0.523025 0.106375 3 2 0
0.0381097 0.523196 0.106406 3 2 0
0.038202 0.523366 0.106438 3 2 0
0.0382945 0.523568 0.106468 3 2 0
0.0383873 0.523738 0.106499 3 2 0
0.0384803 0.523906 0.10653 3 2 0
0.0385737 0.524128 0.106562 3 2 0
0.0386673 0.524297 0.106593 3 2 0
0.0387612 0.524465 0.106625 3 2 0
0.0388553 0.524667 0.106659 3 2 0
0.0389498 0.524835 0.106691 3 2 0
0.0390445 0.525002 0.106722 3 2 0
0.0391395 0.525073 0.106765 3 2 0
0.0392348 0.525235 0.106797 3 2 0
0.0393303 0.525396 0.106828 3 2 0
0.0394262 0.525108 0.106834 3 2 0
0.0395223 0.525261 0.106865 3 2 0
0.0396187 0.525412 0.106896 3 2 0
0.0397154 0.525871 0.106925 3 2 0
0.0398124 0.526024 0.106957 3 2 0
0.0399097 0.526177 0.106988 3 2 0
0.0400073 0.525995 0.107019 3 2 0
0.0401051 0.526142 0.10705 3 2 0
0.0402033 0.526289 0.107082 3 2 0
0.0403017 0.526652 0.107116 3 2 0
0.0404005 0.5268 0.107148 3 2 0
0.0404995 0.526947 0.10718 3 2 0
0.0405988 0.527125 0.107215 3 2 0
0.0406984 0.527271 0.107247 3 2 0
0.0407984 0.527416 0.107279 3 2 0
0.0408986 0.527146 0.107312 3 2 0
0.0409991 0.527286 0.107344 3 2 0
0.0410999 0.527425 0.107376 3 2 0
0.0412011 0.527872 0.107407 3 2 0
0.0413025 0.528012 0.107439 3 2 0
0.0414042 0.528152 0.107471 3 2 0
0.0415063 0.527989 0.107508 3 2 0
0.0416087 0.528125 0.10754 3 2 0
0.0417113 0.52826 0.107572 3 2 0
0.0418143 0.528404 0.107607 3 2 0
0.0419176 0.528538 0.107639 3 2 0
0.0420212 0.528671 0.107671 3 2 0
0.0421251 0.528944 0.107707 3 2 0
0.0422293 0.52912 0.107739 3 2 0
0.0423339 0.529294 0.107771 3 2 0
0.0424387 0.529573 0.107808 3 2 0
0.0425439 0.529744 0.10784 3 2 0
0.0426494 0.529915 0.107872 3 2 0
0.0427552 0.530356 0.107907 3 2 0
0.0428614 0.53052 0.107939 3 2 0
0.0429679 0.530683 0.107972 3 2 0
0.0430747 0.531257 0.108016 3 2 0
0.0431818 0.531409 0.108048 3 2 0
0.0432892 0.53156 0.108081 3 2 0
0.043397 0.531579 0.108109 3 2 0
0.0435051 0.531733 0.108142 3 2 0
0.0436136 0.531886 0.108174 3 2 0
0.0437223 0.53187 0.108209 3 2 0
0.0438315 0.532026 0.108238 3 2 0
0.0439409 0.532181 0.108266 3 2 0
0.0440507 0.532454 0.108284 3 2 0
0.0441608 0.532604 0.108313 3 2 0
0.0442713 0.532753 0.108342 3 2 0
0.0443821 0.53293 0.10837 3 2 0
0.0444933 0.533077 0.108398 3 2 0
0.0446047 0.533223 0.108426 3 2 0
0.0447166 0.533402 0.108444 3 2 0
0.0448288 0.533546 0.108473 3 2 0
0.0449413 0.533689 0.108501 3 2 0
0.0450542 0.533842 0.108526 3 2 0
0.0451674 0.533976 0.108554 3 2 0
0.045281 0.534108 0.108583 3 2 0
0.045395 0.534275 0.108614 3 2 0
0.0455093 0.534413 0.108642 3 2 0
0.0456239 0.53455 0.108671 3 2 0
0.045739 0.534673 0.108689 3 2 0
0.0458543 0.53481 0.108718 3 2 0
0.0459701 0.534947 0.108746 3 2 0
0.0460862 0.535094 0.108776 3 2 0
0.0462026 0.535227 0.108805 3 2 0
0.0463195 0.535359 0.108833 3 2 0
0.0464367 0.535492 0.10886 3 2 0
0.0465543 0.535623 0.108888 3 2 0
0.0466722 0.535754 0.108917 3 2 0
0.0467905 0.535882 0.108942 3 2 0
0.0469092 0.536011 0.108971 3 2 0
0.0470283 0.53614 0.108999 3 2 0
0.0471477 0.536192 0.109026 3 2 0
0.0472675 0.536316 0.109055 3 2 0
0.0473877 0.536439 0.109083 3 2 0
0.0475083 0.536639 0.109113 3 2 0
0.0476293 0.536764 0.109141 3 2 0
0.0477506 0.536888 0.109169 3 2 0
0.0478724 0.537044 0.109197 3 2 0
0.0479945 0.53717 0.109226 3 2 0
0.048117 0.537295 0.109254 3 2 0
0.0482399 0.537323 0.109283 3 2 0
0.0483632 0.537443 0.109312 3 2 0
0.0484869 0.537563 0.10934 3 2 0
0.048611 0.537685 0.109368 3 2 0
0.0487355 0.537804 0.109396 3 2 0
0.0488604 0.537922 0.109424 3 2 0
0.0489857 0.538171 0.109453 3 2 0
0.0491114 0.538297 0.109482 3 2 0
0.0492375 0.538423 0.10951 3 2 0
0.049364 0.538452 0.109544 3 2 0
0.0494909 0.53857 0.109572 3 2 0
0.0496182 0.538686 0.109601 3 2 0
0.049746 0.538919 0.109627 3 2 0
0.0498741 0.53904 0.109655 3 2 0
0.0500027 0.539161 0.109684 3 2 0
0.0501317 0.539221 0.109712 3 2 0
0.0502611 0.539337 0.109741 3 2 0
0.0503909 0.539453 0.109769 3 2 0
0.0505211 0.539606 0.109799 3 2 0
0.0506518 0.539723 0.109827 3 2 0
0.0507829 0.539839 0.109855 3 2 0
0.0509145 0.539935 0.109883 3 2 0
0.0510464 0.540049 0.109911 3 2 0
0.0511788 0.540163 0.109939 3 2 0
0.0513116 0.540308 0.109966 3 2 0
0.0514449 0.540422 0.109994 3 2 0
0.0515786 0.540536 0.110022 3 2 0
0.0517127 0.540636 0.110047 3 2 0
0.0518473 0.540748 0.110074 3 2 0
0.0519823 0.54086 0.110102 3 2 0
0.0521178 0.540707 0.110168 3 2 0
0.0522537 0.540814 0.110196 3 2 0
0.0523901 0.54092 0.110224 3 2 0
0.0525269 0.54123 0.110244 3 2 0
0.0526642 0.541338 0.110272 3 2 0
0.0528019 0.541447 0.1103 3 2 0
0.0529401 0.541632 0.110323 3 2 0
0.0530787 0.541741 0.11035 3 2 0
0.0532178 0.541849 0.110378 3 2 0
0.0533574 0.541329 0.110445 3 2 0
0.0534975 0.54143 0.110473 3 2 0
0.053638 0.54153 0.110501 3 2 0
0.0537789 0.542167 0.110508 3 2 0
0.0539204 0.542272 0.110536 3 2 0
0.0540623 0.542377 0.110564 3 2 0
0.0542047 0.541804 0.110627 3 2 0
0.0543476 0.541902 0.110655 3 2 0
0.0544909 0.542 0.110683 3 2 0
0.0546348 0.54273 0.110702 3 2 0
0.0547791 0.542832 0.11073 3 2 0
0.0549239 0.542934 0.110758 3 2 0
0.0550692 0.542447 0.110822 3 2 0
0.055215 0.542543 0.11085 3 2 0
0.0553613 0.54264 0.110878 3 2 0
0.055508 0.543528 0.110897 3 2 0
0.0556553 0.543631 0.110925 3 2 0
0.0558031 0.543734 0.110953 3 2 0
0.0559514 0.543388 0.111005 3 2 0
0.0561002 0.543519 0.111033 3 2 0
0.0562495 0.543651 0.111061 3 2 0
0.0563993 0.543767 0.111093 3 2 0
0.0565496 0.543865 0.111121 3 2 0
0.0567004 0.543962 0.111149 3 2 0
0.0568517 0.543769 0.111198 3 2 0
0.0570036 0.543864 0.11123 3 2 0
0.057156 0.543959 0.111262 3 2 0
0.0573089 0.544164 0.111292 3 2 0
0.0574623 0.544259 0.11132 3 2 0
0.0576163 0.544354 0.111348 3 2 0
0.0577708 0.544477 0.111353 3 2 0
0.0579258 0.544572 0.111385 3 2 0
0.0580814 0.544666 0.111418 3 2 0
0.0582375 0.544718 0.111467 3 2 0
0.0583941 0.544852 0.111501 3 2 0
0.0585513 0.544985 0.111535 3 2 0
0.058709 0.545152 0.111497 3 2 0
0.0588673 0.545284 0.111529 3 2 0
0.0590262 0.545416 0.111562 3 2 0
0.0591855 0.545792 0.111616 3 2 0
0.0593455 0.54592 0.11165 3 2 0
0.059506 0.546047 0.111684 3 2 0
0.0596671 0.546157 0.111655 3 2 0
0.0598287 0.546284 0.111687 3 2 0
0.0599909 0.546411 0.11172 3 2 0
0.0601536 0.546764 0.111765 3 2 0
0.060317 0.546886 0.111799 3 2 0
0.0604809 0.547007 0.111833 3 2 0
0.0606454 0.546929 0.111828 3 2 0
0.0608104 0.547054 0.111861 3 2 0
0.0609761 0.547178 0.111895 3 2 0
0.0611423 0.54726 0.111928 3 2 0
0.0613092 0.547385 0.111962 3 2 0
0.0614766 0.547509 0.111997 3 2 0
0.0616446 0.547545 0.111982 3 2 0
0.0618132 0.54767 0.112015 3 2 0
0.0619824 0.547795 0.112048 3 2 0
0.0621522 0.547975 0.112092 3 2 0
0.0623226 0.548098 0.112126 3 2 0
0.0624936 0.548221 0.112161 3 2 0
0.0626653 0.548467 0.112167 3 2 0
0.0628375 0.548587 0.1122 3 2 0
0.0630104 0.548707 0.112234 3 2 0
0.0631839 0.548818 0.112268 3 2 0
0.063358 0.548937 0.112303 3 2 0
0.0635327 0.549057 0.112338 3 2 0
0.0637081 0.549153 0.112341 3 2 0
0.0638841 0.549273 0.112375 3 2 0
0.0640607 0.549392 0.112409 3 2 0
0.064238 0.549559 0.11244 3 2 0
0.0644159 0.549677 0.112474 3 2 0
0.0645945 0.549794 0.112509 3 2 0
0.0647737 0.549991 0.112524 3 2 0
0.0649536 0.550105 0.112558 3 2 0
0.0651341 0.55022 0.112592 3 2 0
0.0653152 0.550371 0.112626 3 2 0
0.0654971 0.550483 0.112661 3 2 0
0.0656796 0.550595 0.112697 3 2 0
0.0658627 0.550725 0.112706 3 2 0
0.0660466 0.550835 0.11274 3 2 0
0.0662311 0.550945 0.112775 3 2 0
0.0664163 0.551058 0.112811 3 2 0
0.0666021 0.551166 0.112846 3 2 0
0.0667887 0.551274 0.112881 3 2 0
0.0669759 0.551357 0.112897 3 2 0
0.0671638 0.551463 0.112931 3 2 0
0.0673525 0.551569 0.112966 3 2 0
0.0675418 0.551668 0.113 3 2 0
0.0677318 0.551774 0.113035 3 2 0
0.0679225 0.551879 0.113071 3 2 0
0.068114 0.55196 0.113091 3 2 0
0.0683061 0.552064 0.113126 3 2 0
0.068499 0.552169 0.113161 3 2 0
0.0686926 0.552235 0.113196 3 2 0
0.0688869 0.552338 0.113231 3 2 0
0.0690819 0.552441 0.113267 3 2 0
0.0692776 0.552538 0.113292 3 2 0
0.0694741 0.552641 0.113327 3 2 0
0.0696714 0.552744 0.113362 3 2 0
0.0698693 0.552788 0.113397 3 2 0
0.070068 0.55289 0.113433 3 2 0
0.0702675 0.552992 0.113469 3 2 0
0.0704677 0.553058 0.113499 3 2 0
0.0706687 0.553159 0.113533 3 2 0
0.0708704 0.553261 0.113568 3 2 0
0.0710729 0.553361 0.113603 3 2 0
0.0712762 0.553463 0.113639 3 2 0
0.0714802 0.553564 0.113675 3 2 0
0.071685 0.553794 0.113714 3 2 0
0.0718906 0.553898 0.113748 3 2 0
0.072097 0.554001 0.113783 3 2 0
0.0723042 0.554176 0.113818 3 2 0
0.0725121 0.55428 0.113853 3 2 0
0.0727209 0.554385 0.113889 3 2 0
0.0729304 0.554152 0.113926 3 2 0
0.0731408 0.554253 0.113963 3 2 0
0.0733519 0.554353 0.113999 3 2 0
0.0735639 0.55456 0.114048 3 2 0
0.0737767 0.554689 0.114083 3 2 0
0.0739903 0.554817 0.114118 3 2 0
0.0742047 0.554912 0.114151 3 2 0
0.07442 0.555014 0.114187 3 2 0
0.0746361 0.555116 0.114224 3 2 0
0.074853 0.55503 0.11427 3 2 0
0.0750708 0.555162 0.114305 3 2 0
0.0752895 0.555295 0.114341 3 2 0
0.0755089 0.555485 0.114382 3 2 0
0.0757293 0.555587 0.114418 3 2 0
0.0759505 0.555689 0.114455 3 2 0
0.0761725 0.555883 0.114509 3 2 0
0.0763955 0.555986 0.114545 3 2 0
0.0766193 0.556089 0.114581 3 2 0
0.076844 0.556445 0.114614 3 2 0
0.0770695 0.556573 0.114651 3 2 0
0.077296 0.556701 0.114688 3 2 0
0.0775233 0.556534 0.114743 3 2 0
0.0777516 0.556638 0.114779 3 2 0
0.0779807 0.556742 0.114816 3 2 0
0.0782108 0.557103 0.114853 3 2 0
0.0784418 0.557234 0.114891 3 2 0
0.0786737 0.557364 0.114928 3 2 0
0.0789065 0.557202 0.114987 3 2 0
0.0791402 0.557337 0.115024 3 2 0
0.0793749 0.557473 0.115061 3 2 0
0.0796105 0.558108 0.1151 3 2 0
0.079847 0.558232 0.115138 3 2 0
0.0800845 0.558356 0.115176 3 2 0
0.080323 0.558528 0.115227 3 2 0
0.0805624 0.558646 0.115265 3 2 0
0.0808028 0.558764 0.115303 3 2 0
0.0810441 0.558894 0.115349 3 2 0
0.0812864 0.559015 0.115387 3 2 0
0.0815297 0.559135 0.115426 3 2 0
0.081774 0.559241 0.115484 3 2 0
0.0820193 0.559365 0.115523 3 2 0
0.0822655 0.559488 0.115561 3 2 0
0.0825128 0.559599 0.115605 3 2 0
0.0827611 0.559724 0.115645 3 2 0
0.0830104 0.559849 0.115684 3 2 0
0.0832607 0.559977 0.115741 3 2 0
0.083512 0.560101 0.115781 3 2 0
0.0837643 0.560226 0.11582 3 2 0
0.0840177 0.560341 0.115876 3 2 0
0.0842721 0.560467 0.115915 3 2 0
0.0845276 0.560594 0.115955 3 2 0
0.0847841 0.560691 0.116011 3 2 0
0.0850417 0.56082 0.116051 3 2 0
0.0853004 0.560948 0.116091 3 2 0
0.0855601 0.561096 0.116145 3 2 0
0.0858209 0.561223 0.116186 3 2 0
0.0860827 0.56135 0.116226 3 2 0
0.0863457 0.561448 0.116277 3 2 0
0.0866097 0.561571 0.116318 3 2 0
0.0868749 0.561694 0.116359 3 2 0
0.0871412 0.561733 0.116422 3 2 0
0.0874085 0.561853 0.116463 3 2 0
0.087677 0.561974 0.116505 3 2 0
0.0879466 0.56187 0.116562 3 2 0
0.0882174 0.561987 0.116604 3 2 0
0.0884893 0.562105 0.116646 3 2 0
0.0887623 0.561772 0.116704 3 2 0
0.0890365 0.561886 0.116746 3 2 0
0.0893118 0.562 0.116789 3 2 0
0.0895884 0.562574 0.11685 3 2 0
0.089866 0.562719 0.116892 3 2 0
0.0901449 0.562864 0.116935 3 2 0
0.0904249 0.563122 0.116971 3 2 0
0.0907062 0.563243 0.117025 3 2 0
0.0909886 0.563365 0.117079 3 2 0
0.0912722 0.563769 0.117136 3 2 0
0.0915571 0.563905 0.11718 3 2 0
0.0918432 0.564041 0.117224 3 2 0
0.0921305 0.563902 0.117295 3 2 0
0.092419 0.564047 0.117339 3 2 0
0.0927088 0.564192 0.117383 3 2 0
0.0929998 0.564388 0.117429 3 2 0
0.0932921 0.564514 0.117486 3 2 0
0.0935856 0.56464 0.117545 3 2 0
0.0938804 0.564776 0.117575 3 2 0
0.0941765 0.564922 0.117622 3 2 0
0.0944739 0.565067 0.117669 3 2 0
0.0947725 0.565372 0.117751 3 2 0
0.0950725 0.565513 0.117811 3 2 0
0.0953738 0.565654 0.11786 3 2 0
0.0956764 0.565807 0.117899 3 2 0
0.0959803 0.565947 0.117946 3 2 0
0.0962856 0.566087 0.117993 3 2 0
0.0965922 0.566236 0.11807 3 2 0
0.0969001 0.566375 0.118116 3 2 0
0.0972094 0.566514 0.118163 3 2 0
0.0975201 0.566627 0.118229 3 2 0
0.0978321 0.566763 0.118276 3 2 0
0.0981455 0.5669 0.118324 3 2 0
0.0984603 0.566871 0.118387 3 2 0
0.0987765 0.567003 0.118435 3 2 0
0.0990941 0.567136 0.118484 3 2 0
0.0994132 0.56746 0.118526 3 2 0
0.0997336 0.567606 0.118577 3 2 0
0.100056 0.567753 0.118629 3 2 0
0.100379 0.567922 0.118731 3 2 0
0.100704 0.568064 0.118787 3 2 0
0.10103 0.568206 0.118836 3 2 0
0.101358 0.568355 0.118872 3 2 0
0.101687 0.568499 0.118924 3 2 0
0.102017 0.568642 0.118976 3 2 0
0.10235 0.568673 0.119054 3 2 0
0.102683 0.568812 0.119105 3 2 0
0.103018 0.568952 0.119157 3 2 0
0.103355 0.56923 0.119201 3 2 0
0.103693 0.569377 0.119256 3 2 0
0.104033 0.569524 0.119312 3 2 0
0.104374 0.569212 0.119429 3 2 0
0.104717 0.569375 0.119482 3 2 0
0.105062 0.569538 0.119535 3 2 0
0.105408 0.570041 0.119583 3 2 0
0.105756 0.570184 0.119637 3 2 0
0.106105 0.570328 0.119692 3 2 0
0.106456 0.570476 0.119731 3 2 0
0.106808 0.570633 0.11979 3 2 0
0.107162 0.57079 0.11985 3 2 0
0.107518 0.57099 0.119924 3 2 0
0.107875 0.571138 0.119982 3 2 0
0.108234 0.571286 0.120041 3 2 0
0.108595 0.571469 0.120102 3 2 0
0.108958 0.571624 0.120163 3 2 0
0.109322 0.571779 0.120225 3 2 0
0.109688 0.571935 0.120299 3 2 0
0.110055 0.572089 0.12036 3 2 0
0.110424 0.572242 0.120421 3 2 0
0.110795 0.572361 0.120484 3 2 0
0.111168 0.572513 0.120547 3 2 0
0.111543 0.572664 0.120611 3 2 0
0.111919 0.57281 0.120677 3 2 0
0.112297 0.572972 0.120742 3 2 0
0.112677 0.573134 0.120809 3 2 0
0.113059 0.573328 0.12088 3 2 0
0.113442 0.573488 0.120945 3 2 0
0.113827 0.573649 0.12101 3 2 0
0.114215 0.573774 0.121077 3 2 0
0.114604 0.573929 0.121145 3 2 0
0.114995 0.574084 0.121213 3 2 0
0.115387 0.574292 0.121283 3 2 0
0.115782 0.574452 0.121353 3 2 0
0.116179 0.574611 0.121425 3 2 0
0.116577 0.574771 0.12149 3 2 0
0.116978 0.574935 0.121561 3 2 0
0.11738 0.575098 0.121633 3 2 0
0.117784 0.575263 0.121702 3 2 0
0.118191 0.575426 0.121774 3 2 0
0.118599 0.575588 0.121848 3 2 0
0.119009 0.575751 0.121919 3 2 0
0.119422 0.575914 0.121995 3 2 0
0.119836 0.576078 0.122071 3 2 0
0.120252 0.576242 0.122138 3 2 0
0.120671 0.576409 0.122215 3 2 0
0.121091 0.576576 0.122294 3 2 0
0.121514 0.576745 0.122359 3 2 0
0.121939 0.576912 0.122437 3 2 0
0.122365 0.57708 0.122517 3 2 0
0.122794 0.577246 0.122593 3 2 0
0.123225 0.577415 0.122674 3 2 0
0.123659 0.577584 0.122756 3 2 0
0.124094 0.577744 0.122826 3 2 0
0.124531 0.577912 0.12291 3 2 0
0.124971 0.578079 0.122994 3 2 0
0.125413 0.57825 0.123073 3 2 0
0.125857 0.578418 0.123159 3 2 0
0.126304 0.578586 0.123248 3 2 0
0.126752 0.578774 0.123331 3 2 0
0.127203 0.578945 0.123422 3 2 0
0.127657 0.579116 0.123515 3 2 0
0.128112 0.579289 0.123574 3 2 0
0.12857 0.57946 0.123667 3 2 0
0.12903 0.579632 0.123761 3 2 0
0.129493 0.579807 0.123826 3 2 0
0.129958 0.579979 0.123921 3 2 0
0.130425 0.580152 0.124017 3 2 0
0.130895 0.580336 0.124093 3 2 0
0.131367 0.580511 0.124191 3 2 0
0.131842 0.580687 0.124291 3 2 0
0.132319 0.58086 0.124348 3 2 0
0.132799 0.581038 0.124448 3 2 0
0.133281 0.581216 0.124549 3 2 0
0.133765 0.581394 0.124624 3 2 0
0.134252 0.581572 0.124727 3 2 0
0.134742 0.581751 0.124832 3 2 0
0.135234 0.58193 0.124908 3 2 0
0.135729 0.582108 0.125015 3 2 0
0.136226 0.582288 0.125113 3 2 0
0.136727 0.582463 0.1252 3 2 0
0.137229 0.582644 0.125282 3 2 0
0.137735 0.582826 0.125358 3 2 0
0.138243 0.582988 0.125471 3 2 0
0.138753 0.583172 0.125547 3 2 0
0.139267 0.583357 0.125624 3 2 0
0.139783 0.583482 0.125746 3 2 0
0.140302 0.58367 0.125824 3 2 0
0.140824 0.583858 0.125902 3 2 0
0.141348 0.58377 0.125997 3 2 0
0.141876 0.583966 0.12611 3 2 0
0.142406 0.584163 0.126206 3 2 0
0.142939 0.584116 0.126302 3 2 0
0.143475 0.584318 0.126394 3 2 0
0.144014 0.584519 0.126476 3 2 0
0.144556 0.584878 0.126568 3 2 0
0.145101 0.585077 0.126652 3 2 0
0.145649 0.585275 0.126738 3 2 0
0.146199 0.585337 0.126844 3 2 0
0.146753 0.585539 0.126931 3 2 0
0.14731 0.58574 0.12702 3 2 0
0.14787 0.586112 0.127122 3 2 0
0.148433 0.58631 0.127213 3 2 0
0.148999 0.586508 0.127304 3 2 0
0.149568 0.586753 0.127409 3 2 0
0.150141 0.58695 0.127503 3 2 0
0.150717 0.587147 0.127598 3 2 0
0.151295 0.587386 0.127711 3 2 0
0.151878 0.587581 0.127808 3 2 0
0.152463 0.587777 0.127907 3 2 0
0.153052 0.587955 0.128011 3 2 0
0.153644 0.588151 0.128112 3 2 0
0.154239 0.588348 0.128216 3 2 0
0.154838 0.588452 0.128326 3 2 0
0.15544 0.588652 0.128432 3 2 0
0.156046 0.588852 0.128539 3 2 0
0.156655 0.589009 0.128658 3 2 0
0.157267 0.58921 0.128766 3 2 0
0.157883 0.589411 0.128876 3 2 0
0.158503 0.589637 0.128991 3 2 0
0.159126 0.589837 0.129104 3 2 0
0.159752 0.590038 0.129218 3 2 0
0.160383 0.590102 0.129335 3 2 0
0.161017 0.590306 0.129452 3 2 0
0.161654 0.59051 0.129571 3 2 0
0.162296 0.590675 0.12969 3 2 0
0.162941 0.590881 0.129809 3 2 0
0.16359 0.591086 0.129931 3 2 0
0.164243 0.591289 0.130052 3 2 0
0.164899 0.591494 0.130176 3 2 0
0.16556 0.591699 0.130302 3 2 0
0.166224 0.591688 0.130425 3 2 0
0.166892 0.591898 0.130553 3 2 0
0.167565 0.592107 0.130684 3 2 0
0.168241 0.592307 0.130818 3 2 0
0.168921 0.592517 0.130954 3 2 0
0.169605 0.592726 0.131092 3 2 0
0.170294 0.59296 0.131221 3 2 0
0.170987 0.593169 0.131362 3 2 0
0.171683 0.593377 0.131506 3 2 0
0.172384 0.59358 0.131633 3 2 0
0.17309 0.593788 0.131779 3 2 0
0.173799 0.593996 0.131929 3 2 0
0.174513 0.594212 0.132054 3 2 0
0.175231 0.594419 0.132206 3 2 0
0.175954 0.594626 0.13236 3 2 0
0.176681 0.594752 0.132506 3 2 0
0.177412 0.594961 0.132665 3 2 0
0.178148 0.595169 0.132812 3 2 0
0.178889 0.59514 0.132934 3 2 0
0.179634 0.595353 0.133097 3 2 0
0.180384 0.595565 0.133234 3 2 0
0.181138 0.595725 0.133365 3 2 0
0.181897 0.595938 0.133496 3 2 0
0.182661 0.59615 0.13363 3 2 0
0.18343 0.59659 0.133762 3 2 0
0.184203 0.596797 0.133901 3 2 0
0.184982 0.597003 0.134043 3 2 0
0.185765 0.597316 0.134197 3 2 0
0.186554 0.597518 0.134342 3 2 0
0.187347 0.597719 0.13449 3 2 0
0.188145 0.597774 0.134638 3 2 0
0.188949 0.59798 0.134791 3 2 0
0.189758 0.598185 0.134948 3 2 0
0.190571 0.598385 0.13511 3 2 0
0.191391 0.598589 0.13527 3 2 0
0.192215 0.598793 0.135433 3 2 0
0.193045 0.598934 0.135598 3 2 0
0.19388 0.599138 0.135767 3 2 0
0.194721 0.599342 0.135938 3 2 0
0.195567 0.599448 0.136107 3 2 0
0.196418 0.599653 0.136283 3 2 0
0.197276 0.599857 0.136462 3 2 0
0.198139 0.599889 0.136634 3 2 0
0.199007 0.600095 0.136817 3 2 0
0.199882 0.600301 0.137003 3 2 0
0.200762 0.600346 0.13718 3 2 0
0.201648 0.600553 0.137371 3 2 0
0.20254 0.60076 0.137566 3 2 0
0.203438 0.600797 0.137761 3 2 0
0.204342 0.601004 0.137963 3 2 0
0.205253 0.60121 0.138168 3 2 0
0.206169 0.60125 0.138366 3 2 0
0.207092 0.60142 0.138578 3 2 0
0.208021 0.601589 0.138794 3 2 0
0.208956 0.60236 0.138984 3 2 0
0.209898 0.602535 0.139174 3 2 0
0.210846 0.602709 0.139355 3 2 0
0.2118 0.603083 0.139554 3 2 0
0.212762 0.603261 0.13974 3 2 0
0.21373 0.603438 0.13993 3 2 0
0.214705 0.603626 0.140124 3 2 0
0.215686 0.603802 0.140322 3 2 0
0.216675 0.603975 0.140523 3 2 0
0.21767 0.604129 0.140724 3 2 0
0.218672 0.6043 0.140933 3 2 0
0.219682 0.604469 0.141147 3 2 0
0.220699 0.604663 0.141367 3 2 0
0.221722 0.604831 0.141588 3 2 0
0.222754 0.604996 0.141813 3 2 0
0.223792 0.605221 0.142042 3 2 0
0.224839 0.605386 0.142274 3 2 0
0.225892 0.60555 0.142512 3 2 0
0.226954 0.605746 0.14275 3 2 0
0.228023 0.605911 0.142995 3 2 0
0.2291 0.606075 0.143245 3 2 0
0.230184 0.60566 0.143485 3 2 0
0.231277 0.605805 0.143742 3 2 0
0.232378 0.605949 0.144003 3 2 0
0.233487 0.606264 0.144295 3 2 0
0.234604 0.606432 0.144571 3 2 0
0.235729 0.606598 0.144851 3 2 0
0.236863 0.607137 0.145107 3 2 0
0.238006 0.607287 0.145395 3 2 0
0.239157 0.607436 0.14569 3 2 0
0.240316 0.607531 0.145953 3 2 0
0.241485 0.607677 0.146255 3 2 0
0.242663 0.60782 0.146538 3 2 0
0.243849 0.60794 0.146823 3 2 0
0.245045 0.608078 0.147088 3 2 0
0.246249 0.608214 0.147359 3 2 0
0.247464 0.608367 0.147644 3 2 0
0.248687 0.608495 0.147926 3 2 0
0.24992 0.608619 0.148213 3 2 0
0.251163 0.608766 0.148523 3 2 0
0.252416 0.60888 0.14882 3 2 0
0.253678 0.608991 0.149123 3 2 0
0.254951 0.609005 0.14945 3 2 0
0.256233 0.609102 0.149764 3 2 0
0.257526 0.609196 0.150084 3 2 0
0.258829 0.609223 0.150423 3 2 0
0.260143 0.609307 0.150755 3 2 0
0.261468 0.609386 0.151094 3 2 0
0.262803 0.609541 0.151445 3 2 0
0.264149 0.609613 0.151798 3 2 0
0.265506 0.60968 0.152158 3 2 0
0.266874 0.609849 0.152526 3 2 0
0.268254 0.609909 0.152901 3 2 0
0.269645 0.609963 0.153284 3 2 0
0.271048 0.610035 0.153671 3 2 0
0.272463 0.610079 0.154069 3 2 0
0.273889 0.610116 0.154476 3 2 0
0.275328 0.610146 0.154888 3 2 0
0.276779 0.610175 0.155313 3 2 0
0.278242 0.610197 0.155747 3 2 0
0.279718 0.610224 0.156176 3 2 0
0.281207 0.610231 0.156629 3 2 0
0.282709 0.610229 0.157091 3 2 0
0.284224 0.610156 0.157558 3 2 0
0.285752 0.610141 0.158042 3 2 0
0.287294 0.610117 0.158538 3 2 0
0.288849 0.610115 0.158999 3 2 0
0.290419 0.61007 0.159514 3 2 0
0.292002 0.610015 0.160041 3 2 0
0.2936 0.609696 0.160523 3 2 0
0.295213 0.609626 0.161019 3 2 0
0.29684 0.609544 0.161529 3 2 0
0.298482 0.60939 0.162082 3 2 0
0.30014 0.609284 0.162616 3 2 0
0.301813 0.609165 0.163165 3 2 0
0.303501 0.609086 0.163734 3 2 0
0.305206 0.608925 0.164312 3 2 0
0.306927 0.60875 0.164907 3 2 0
0.308665 0.608772 0.165528 3 2 0
0.310419 0.608567 0.166155 3 2 0
0.31219 0.608344 0.1668 3 2 0
0.313979 0.608132 0.167461 3 2 0
0.315786 0.607873 0.168148 3 2 0
0.31761 0.607593 0.168856 3 2 0
0.319453 0.607295 0.169584 3 2 0
0.321315 0.60697 0.170336 3 2 0
0.323195 0.606622 0.171111 3 2 0
0.325095 0.606195 0.171909 3 2 0
0.327015 0.605795 0.172735 3 2 0
0.328955 0.605367 0.173588 3 2 0
0.330916 0.604739 0.17448 3 2 0
0.332897 0.604248 0.175393 3 2 0
0.3349 0.603722 0.176337 3 2 0
0.336925 0.603032 0.177298 3 2 0
0.338972 0.602428 0.178262 3 2 0
0.341042 0.601782 0.179263 3 2 0
0.343136 0.601251 0.180386 3 2 0
0.345253 0.60051 0.181464 3 2 0
0.347395 0.599716 0.182589 3 2 0
0.349562 0.598989 0.183787 3 2 0
0.351754 0.598074 0.185013 3 2 0
0.353973 0.597092 0.186296 3 2 0
0.356218 0.596043 0.187654 3 2 0
0.358491 0.594907 0.189067 3 2 0
0.360791 0.593681 0.190555 3 2 0
0.363121 0.592376 0.192134 3 2 0
0.365479 0.590943 0.193793 3 2 0
0.367868 0.589389 0.195552 3 2 0
0.370286 0.58769 0.197426 3 2 0
0.372735 0.585846 0.19942 3 2 0
0.375213 0.58383 0.201554 3 2 0
0.377722 0.581563 0.203851 3 2 0
0.380259 0.57912 0.206327 3 2 0
0.382821 0.576416 0.209013 3 2 0
0.385405 0.573154 0.211948 3 2 0
0.388004 0.569858 0.215164 3 2 0
0.390605 0.56615 0.218715 3 2 0
0.393191 0.561843 0.222661 3 2 0
0.39573 0.557105 0.22706 3 2 0
0.398178 0.551733 0.231972 3 2 0
0.40047 0.545819 0.237411 3 2 0
0.402528 0.539057 0.243384 3 2 0
0.404279 0.531756 0.249781 3 2 0
0.40568 0.523903 0.256415 3 2 0
0.406732 0.516193 0.263208 3 2 0
0.407473 0.508466 0.270018 3 2 0
0.407952 0.500768 0.276731 3 2 0
0.408222 0.493107 0.283398 3 2 0
0.408325 0.4855 0.290051 3 2 0
0.408329 0.483395 0.291872 3 2 0
0.408275 0.475895 0.298507 4 2 0
0.408131 0.468413 0.30517 4 2 0
0.407922 0.460866 0.311917 4 2 0
0.407668 0.453435 0.318645 4 2 0
0.407389 0.445982 0.325452 4 2 0
0.4071 0.438496 0.332367 4 2 0
0.406815 0.430971 0.339374 4 2 0
0.406548 0.423417 0.346458 4 2 0
0.40631 0.415864 0.353615 4 2 0
0.406111 0.408291 0.360881 4 2 0
0.405959 0.4007 0.368245 4 2 0
0.405862 0.393106 0.3757 4 2 0
0.405823 0.385603 0.383142 4 2 0
0.405843 0.390691 0.378087 3 2 0
0.405843 0.390718 0.378058 4 2 0
0.405923 0.398288 0.370594 3 2 0
0.406057 0.405865 0.363199 4 2 0
0.406242 0.413456 0.35589 4 2 0
0.406469 0.421041 0.348679 4 2 0
0.406728 0.428601 0.341577 4 2 0
0.407009 0.436086 0.334557 4 2 0
0.407298 0.443606 0.32762 4 2 0
0.407582 0.451103 0.320775 4 2 0
0.407846 0.458539 0.314008 4 2 0
0.408071 0.465968 0.30731 4 2 0
0.408238 0.473485 0.300664 4 2 0
0.408324 0.480962 0.29393 4 2 0
0.408329 0.483373 0.291803 3 2 0
0.408264 0.491012 0.285135 3 2 0
0.408043 0.498603 0.278484 3 2 0
0.407625 0.506387 0.271799 3 2 0
0.406961 0.514211 0.265078 3 2 0
0.406 0.521874 0.258271 3 2 0
0.4047 0.529595 0.251574 3 2 0
0.403045 0.537028 0.245099 3 2 0
0.401064 0.543708 0.238987 3 2 0
0.398823 0.549996 0.233388 3 2 0
0.396405 0.555686 0.22833 3 2 0
0.39388 0.560783 0.223804 3 2 0
0.3913 0.565206 0.219737 3 2 0
0.388699 0.569115 0.216083 3 2 0
0.386096 0.572668 0.212827 3 2 0
0.383506 0.575752 0.209826 3 2 0
0.380937 0.57852 0.207082 3 2 0
0.378393 0.580976 0.20452 3 2 0
0.375876 0.583231 0.202184 3 2 0
0.373389 0.585283 0.200014 3 2 0
0.370932 0.587181 0.197986 3 2 0
0.368506 0.588902 0.19609 3 2 0
0.366109 0.590484 0.194309 3 2 0
0.363743 0.591987 0.192604 3 2 0
0.361406 0.593337 0.191017 3 2 0
0.359098 0.594586 0.189513 3 2 0
0.356817 0.595757 0.188102 3 2 0
0.354565 0.596834 0.186701 3 2 0
0.352339 0.597835 0.185364 3 2 0
0.35014 0.598779 0.184076 3 2 0
0.347967 0.599649 0.182887 3 2 0
0.345818 0.600459 0.181749 3 2 0
0.343694 0.601215 0.180626 3 2 0
0.341595 0.601922 0.179577 3 2 0
0.339519 0.602582 0.178569 3 2 0
0.337465 0.603206 0.177451 3 2 0
0.335435 0.603782 0.176502 3 2 0
0.333426 0.60432 0.175588 3 2 0
0.331439 0.604781 0.17474 3 2 0
0.329473 0.605251 0.173893 3 2 0
0.327527 0.60569 0.173074 3 2 0
0.325602 0.60614 0.172133 3 2 0
0.323697 0.606521 0.171352 3 2 0
0.321811 0.606877 0.170597 3 2 0
0.319945 0.607209 0.169839 3 2 0
0.318097 0.607517 0.169127 3 2 0
0.316267 0.607802 0.168436 3 2 0
0.314456 0.608064 0.167793 3 2 0
0.312663 0.608309 0.167092 3 2 0
0.310887 0.608535 0.166411 3 2 0
0.309128 0.608739 0.165669 3 2 0
0.307386 0.608929 0.165047 3 2 0
0.30566 0.609102 0.164442 3 2 0
0.303951 0.609267 0.163958 3 2 0
0.302258 0.609411 0.163399 3 2 0
0.300581 0.609541 0.162846 3 2 0
0.29892 0.609636 0.162124 3 2 0
0.297273 0.609739 0.161583 3 2 0
0.295642 0.609829 0.161056 3 2 0
0.294026 0.609932 0.16066 3 2 0
0.292424 0.610001 0.160174 3 2 0
0.290837 0.610058 0.15965 3 2 0
0.289264 0.610084 0.159044 3 2 0
0.287705 0.610121 0.158575 3 2 0
0.286159 0.610148 0.158117 3 2 0
0.284627 0.610136 0.157591 3 2 0
0.283109 0.610144 0.157138 3 2 0
0.281604 0.610144 0.156695 3 2 0
0.280111 0.610219 0.156255 3 2 0
0.278632 0.610207 0.15583 3 2 0
0.277165 0.610187 0.155415 3 2 0
0.275711 0.610148 0.154992 3 2 0
0.274269 0.610114 0.154592 3 2 0
0.272839 0.610073 0.154201 3 2 0
0.271422 0.609998 0.153773 3 2 0
0.270016 0.609943 0.153383 3 2 0
0.268622 0.609883 0.153002 3 2 0
0.267239 0.609786 0.152639 3 2 0
0.265867 0.609713 0.152277 3 2 0
0.264507 0.609635 0.151924 3 2 0
0.263158 0.609535 0.151535 3 2 0
0.26182 0.609446 0.151186 3 2 0
0.260493 0.609353 0.150845 3 2 0
0.259176 0.609255 0.150516 3 2 0
0.25787 0.609153 0.15019 3 2 0
0.256575 0.609046 0.149871 3 2 0
0.255289 0.608879 0.149497 3 2 0
0.254014 0.608762 0.149181 3 2 0
0.252749 0.608642 0.148871 3 2 0
0.251494 0.608431 0.148534 3 2 0
0.250249 0.608301 0.148224 3 2 0
0.249013 0.608168 0.14792 3 2 0
0.247787 0.607914 0.14762 3 2 0
0.24657 0.607772 0.147327 3 2 0
0.245363 0.607627 0.14704 3 2 0
0.244165 0.607413 0.146741 3 2 0
0.242976 0.607261 0.146453 3 2 0
0.241796 0.607106 0.14617 3 2 0
0.240625 0.607003 0.145912 3 2 0
0.239463 0.606843 0.145629 3 2 0
0.23831 0.606681 0.145352 3 2 0
0.237165 0.606626 0.145137 3 2 0
0.236029 0.60646 0.144858 3 2 0
0.234901 0.606292 0.144584 3 2 0
