2 0.328524 0.328524 2 1 0
1.99574 0.328713 0.328713 1 1 0
1.99148 0.328903 0.328903 1 1 0
1.98722 0.329092 0.329092 1 1 0
1.98298 0.329282 0.329282 1 1 0
1.97874 0.329471 0.329471 1 1 0
1.9745 0.32966 0.32966 1 1 0
1.97027 0.329849 0.329849 1 1 0
1.96604 0.330039 0.330039 1 1 0
1.96183 0.330228 0.330228 1 1 0
1.95761 0.330417 0.330417 1 1 0
1.9534 0.330606 0.330606 1 1 0
1.9492 0.330795 0.330795 1 1 0
1.94501 0.330984 0.330984 1 1 0
1.94082 0.331173 0.331173 1 1 0
1.93663 0.331361 0.331361 1 1 0
1.93245 0.33155 0.33155 1 1 0
1.92828 0.331739 0.331739 1 1 0
1.92411 0.331928 0.331928 1 1 0
1.91995 0.332116 0.332116 1 1 0
1.91579 0.332305 0.332305 1 1 0
1.91164 0.332493 0.332493 1 1 0
1.90749 0.332682 0.332682 1 1 0
1.90335 0.33287 0.33287 1 1 0
1.89922 0.333059 0.333059 1 1 0
1.89509 0.333247 0.333247 1 1 0
1.89096 0.333435 0.333435 1 1 0
1.88685 0.333623 0.333623 1 1 0
1.88273 0.333811 0.333811 1 1 0
1.87863 0.333999 0.333999 1 1 0
1.87453 0.334188 0.334188 1 1 0
1.87043 0.334376 0.334376 1 1 0
1.86634 0.334563 0.334563 1 1 0
1.86226 0.334751 0.334751 1 1 0
1.85818 0.334939 0.334939 1 1 0
1.8541 0.335127 0.335127 1 1 0
1.85004 0.335315 0.335315 1 1 0
1.84597 0.335502 0.335502 1 1 0
1.84192 0.33569 0.33569 1 1 0
1.83787 0.335878 0.335878 1 1 0
1.83382 0.336065 0.336065 1 1 0
1.82978 0.336252 0.336252 1 1 0
1.82575 0.33644 0.33644 1 1 0
1.82172 0.336627 0.336627 1 1 0
1.81769 0.336815 0.336815 1 1 0
1.81368 0.337002 0.337002 1 1 0
1.80966 0.337189 0.337189 1 1 0
1.80566 0.337376 0.337376 1 1 0
1.80166 0.337563 0.337563 1 1 0
1.79766 0.33775 0.33775 1 1 0
1.79367 0.337937 0.337937 1 1 0
1.78968 0.338124 0.338124 1 1 0
1.7857 0.338311 0.338311 1 1 0
1.78173 0.338498 0.338498 1 1 0
1.77776 0.338685 0.338685 1 1 0
1.7738 0.338871 0.338871 1 1 0
1.76984 0.339058 0.339058 1 1 0
1.76589 0.339244 0.339244 1 1 0
1.76194 0.339431 0.339431 1 1 0
1.758 0.339617 0.339617 1 1 0
1.75407 0.339804 0.339804 1 1 0
1.75014 0.33999 0.33999 1 1 0
1.74621 0.340177 0.340177 1 1 0
1.74229 0.340363 0.340363 1 1 0
1.73838 0.340549 0.340549 1 1 0
1.73447 0.340735 0.340735 1 1 0
1.73057 0.340921 0.340921 1 1 0
1.72667 0.341107 0.341107 1 1 0
1.72278 0.341293 0.341293 1 1 0
1.71889 0.341479 0.341479 1 1 0
1.71501 0.341665 0.341665 1 1 0
1.71113 0.341851 0.341851 1 1 0
1.70726 0.342037 0.342037 1 1 0
1.7034 0.342222 0.342222 1 1 0
1.69954 0.342408 0.342408 1 1 0
1.69568 0.342594 0.342594 1 1 0
1.69184 0.342779 0.342779 1 1 0
1.68799 0.342965 0.342965 1 1 0
1.68415 0.34315 0.34315 1 1 0
1.68032 0.343335 0.343335 1 1 0
1.67649 0.343521 0.343521 1 1 0
1.67267 0.343706 0.343706 1 1 0
1.66886 0.343891 0.343891 1 1 0
1.66504 0.344076 0.344076 1 1 0
1.66124 0.344261 0.344261 1 1 0
1.65744 0.344446 0.344446 1 1 0
1.65364 0.344631 0.344631 1 1 0
1.64985 0.344816 0.344816 1 1 0
1.64607 0.345001 0.345001 1 1 0
1.64229 0.345186 0.345186 1 1 0
1.63852 0.345371 0.345371 1 1 0
1.63475 0.345555 0.345555 1 1 0
1.63098 0.34574 0.34574 1 1 0
1.62723 0.345925 0.345925 1 1 0
1.62347 0.346109 0.346109 1 1 0
1.61973 0.346294 0.346294 1 1 0
1.61599 0.346478 0.346478 1 1 0
1.61225 0.346662 0.346662 1 1 0
1.60852 0.346847 0.346847 1 1 0
1.60479 0.347031 0.347031 1 1 0
1.60107 0.347215 0.347215 1 1 0
1.59736 0.347399 0.347399 1 1 0
1.59365 0.347583 0.347583 1 1 0
1.58994 0.347767 0.347767 1 1 0
1.58624 0.347951 0.347951 1 1 0
1.58255 0.348135 0.348135 1 1 0
1.57886 0.348319 0.348319 1 1 0
1.57517 0.348503 0.348503 1 1 0
1.5715 0.348686 0.348686 1 1 0
1.56782 0.34887 0.34887 1 1 0
1.56415 0.349053 0.349053 1 1 0
1.56049 0.349237 0.349237 1 1 0
1.55683 0.349421 0.349421 1 1 0
1.55318 0.349604 0.349604 1 1 0
1.54954 0.349787 0.349787 1 1 0
1.54589 0.349971 0.349971 1 1 0
1.54226 0.350154 0.350154 1 1 0
1.53872 0.350332 0.350332 2 1 0
1.5351 0.350515 0.350515 2 1 0
1.53148 0.350698 0.350698 2 1 0
1.52786 0.350881 0.350881 2 1 0
1.52425 0.351064 0.351064 2 1 0
1.52064 0.351247 0.351247 2 1 0
1.51704 0.35143 0.35143 2 1 0
1.51345 0.351613 0.351613 2 1 0
1.50986 0.351795 0.351795 2 1 0
1.50627 0.351978 0.351978 2 1 0
1.50269 0.352161 0.352161 2 1 0
1.49912 0.352343 0.352343 2 1 0
1.49555 0.352526 0.352526 2 1 0
1.49199 0.352708 0.352708 2 1 0
1.48843 0.35289 0.35289 2 1 0
1.48487 0.353073 0.353073 2 1 0
1.48133 0.353255 0.353255 2 1 0
1.47778 0.353437 0.353437 2 1 0
1.47424 0.353619 0.353619 2 1 0
1.47071 0.353801 0.353801 2 1 0
1.46718 0.353983 0.353983 2 1 0
1.46366 0.354165 0.354165 2 1 0
1.46014 0.354347 0.354347 2 1 0
1.45663 0.354529 0.354529 2 1 0
1.45312 0.354711 0.354711 2 1 0
1.44962 0.354893 0.354893 2 1 0
1.44612 0.355074 0.355074 2 1 0
1.44263 0.355256 0.355256 2 1 0
1.43914 0.355437 0.355437 2 1 0
1.43566 0.355619 0.355619 2 1 0
1.43218 0.3558 0.3558 2 1 0
1.42871 0.355982 0.355982 2 1 0
1.42524 0.356163 0.356163 2 1 0
1.42178 0.356344 0.356344 2 1 0
1.41833 0.356525 0.356525 2 1 0
1.41487 0.356706 0.356706 2 1 0
1.41143 0.356887 0.356887 2 1 0
1.40799 0.357068 0.357068 2 1 0
1.40455 0.357249 0.357249 2 1 0
1.40112 0.35743 0.35743 2 1 0
1.39769 0.357611 0.357611 2 1 0
1.39427 0.357792 0.357792 2 1 0
1.39085 0.357972 0.357972 2 1 0
1.38744 0.358153 0.358153 2 1 0
1.38404 0.358334 0.358334 2 1 0
1.38063 0.358514 0.358514 2 1 0
1.37724 0.358695 0.358695 2 1 0
1.37385 0.358875 0.358875 2 1 0
1.37046 0.359055 0.359055 2 1 0
1.36708 0.359236 0.359236 2 1 0
1.3637 0.359416 0.359416 2 1 0
1.36033 0.359596 0.359596 2 1 0
1.35696 0.359776 0.359776 2 1 0
1.3536 0.359956 0.359956 2 1 0
1.35025 0.360136 0.360136 2 1 0
1.34689 0.360316 0.360316 2 1 0
1.34355 0.360496 0.360496 2 1 0
1.34021 0.360675 0.360675 2 1 0
1.33687 0.360855 0.360855 2 1 0
1.33354 0.361035 0.361035 2 1 0
1.33021 0.361214 0.361214 2 1 0
1.32689 0.361394 0.361394 2 1 0
1.32357 0.361573 0.361573 2 1 0
1.32026 0.361753 0.361753 2 1 0
1.31695 0.361932 0.361932 2 1 0
1.31365 0.362111 0.362111 2 1 0
1.31035 0.362291 0.362291 2 1 0
1.30706 0.36247 0.36247 2 1 0
1.30377 0.362649 0.362649 2 1 0
1.30049 0.362828 0.362828 2 1 0
1.29721 0.363007 0.363007 2 1 0
1.29394 0.363186 0.363186 2 1 0
1.29067 0.363365 0.363365 2 1 0
1.28741 0.363544 0.363544 2 1 0
1.28415 0.363722 0.363722 2 1 0
1.2809 0.363901 0.363901 2 1 0
1.27765 0.36408 0.36408 2 1 0
1.2744 0.364258 0.364258 2 1 0
1.27117 0.364437 0.364437 2 1 0
1.26793 0.364615 0.364615 2 1 0
1.2647 0.364794 0.364794 2 1 0
1.26148 0.364972 0.364972 2 1 0
1.25826 0.36515 0.36515 2 1 0
1.25504 0.365328 0.365328 2 1 0
1.25183 0.365506 0.365506 2 1 0
1.24863 0.365684 0.365684 2 1 0
1.24543 0.365862 0.365862 2 1 0
1.24223 0.36604 0.36604 2 1 0
1.23904 0.366218 0.366218 2 1 0
1.23586 0.366396 0.366396 2 1 0
1.23268 0.366574 0.366574 2 1 0
1.2295 0.366752 0.366752 2 1 0
1.22633 0.366929 0.366929 2 1 0
1.22316 0.367107 0.367107 2 1 0
1.22 0.367284 0.367284 2 1 0
1.21684 0.367462 0.367462 2 1 0
1.21369 0.367639 0.367639 2 1 0
1.21054 0.367816 0.367816 2 1 0
1.2074 0.367994 0.367994 2 1 0
1.20426 0.368171 0.368171 2 1 0
1.20113 0.368348 0.368348 2 1 0
1.198 0.368525 0.368525 2 1 0
1.19488 0.368702 0.368702 2 1 0
1.19176 0.368879 0.368879 2 1 0
1.18864 0.369056 0.369056 2 1 0
1.18553 0.369233 0.369233 2 1 0
1.18243 0.36941 0.36941 2 1 0
1.17933 0.369586 0.369586 2 1 0
1.17623 0.369763 0.369763 2 1 0
1.17314 0.36994 0.36994 2 1 0
1.17005 0.370116 0.370116 2 1 0
1.16697 0.370293 0.370293 2 1 0
1.1639 0.370469 0.370469 2 1 0
1.16082 0.370645 0.370645 2 1 0
1.15776 0.370822 0.370822 2 1 0
1.15469 0.370998 0.370998 2 1 0
1.15163 0.371174 0.371174 2 1 0
1.14858 0.37135 0.37135 2 1 0
1.14553 0.371526 0.371526 2 1 0
1.14249 0.371702 0.371702 2 1 0
1.13945 0.371878 0.371878 2 1 0
1.13641 0.372054 0.372054 2 1 0
1.13338 0.372229 0.372229 2 1 0
1.13036 0.372405 0.372405 2 1 0
1.12733 0.372581 0.372581 2 1 0
1.12432 0.372756 0.372756 2 1 0
1.12131 0.372932 0.372932 2 1 0
1.1183 0.373107 0.373107 2 1 0
1.1153 0.373283 0.373283 2 1 0
1.1123 0.373458 0.373458 2 1 0
1.1093 0.373633 0.373633 2 1 0
1.10631 0.373809 0.373809 2 1 0
1.10333 0.373984 0.373984 2 1 0
1.10035 0.374159 0.374159 2 1 0
1.09737 0.374334 0.374334 2 1 0
1.0944 0.374509 0.374509 2 1 0
1.09144 0.374684 0.374684 2 1 0
1.08848 0.374859 0.374859 2 1 0
1.08552 0.375033 0.375033 2 1 0
1.08257 0.375208 0.375208 2 1 0
1.07962 0.375383 0.375383 2 1 0
1.07667 0.375557 0.375557 2 1 0
1.07374 0.375732 0.375732 2 1 0
1.0708 0.375906 0.375906 2 1 0
1.06787 0.376081 0.376081 2 1 0
1.06495 0.376255 0.376255 2 1 0
1.06202 0.376429 0.376429 2 1 0
1.05911 0.376604 0.376604 2 1 0
1.0562 0.376778 0.376778 2 1 0
1.05329 0.376952 0.376952 2 1 0
1.05038 0.377126 0.377126 2 1 0
1.04749 0.3773 0.3773 2 1 0
1.04459 0.377474 0.377474 2 1 0
1.0417 0.377648 0.377648 2 1 0
1.03882 0.377821 0.377821 2 1 0
1.03594 0.377995 0.377995 2 1 0
1.03306 0.378169 0.378169 2 1 0
1.03019 0.378342 0.378342 2 1 0
1.02732 0.378516 0.378516 2 1 0
1.02446 0.378689 0.378689 2 1 0
1.0216 0.378863 0.378863 2 1 0
1.01874 0.379036 0.379036 2 1 0
1.01589 0.379209 0.379209 2 1 0
1.01305 0.379383 0.379383 2 1 0
1.01021 0.379556 0.379556 2 1 0
1.00737 0.379729 0.379729 2 1 0
1.00454 0.379902 0.379902 2 1 0
1.00171 0.380075 0.380075 2 1 0
0.998889 0.380248 0.380248 2 1 0
0.99607 0.380421 0.380421 2 1 0
0.993255 0.380593 0.380593 2 1 0
0.990445 0.380766 0.380766 2 1 0
0.987639 0.380939 0.380939 2 1 0
0.984837 0.381111 0.381111 2 1 0
0.98204 0.381284 0.381284 2 1 0
0.979247 0.381456 0.381456 2 1 0
0.976459 0.381629 0.381629 2 1 0
0.973675 0.381801 0.381801 2 1 0
0.970895 0.381973 0.381973 2 1 0
0.968119 0.382146 0.382146 2 1 0
0.965348 0.382318 0.382318 2 1 0
0.962581 0.38249 0.38249 2 1 0
0.959818 0.382662 0.382662 2 1 0
0.95706 0.382834 0.382834 2 1 0
0.954306 0.383006 0.383006 2 1 0
0.951556 0.383178 0.383178 2 1 0
0.948811 0.383349 0.383349 2 1 0
0.94607 0.383521 0.383521 2 1 0
0.943333 0.383693 0.383693 2 1 0
0.9406 0.383864 0.383864 2 1 0
0.937872 0.384036 0.384036 2 1 0
0.935148 0.384207 0.384207 2 1 0
0.932428 0.384379 0.384379 2 1 0
0.929713 0.38455 0.38455 2 1 0
0.927001 0.384721 0.384721 2 1 0
0.924294 0.384892 0.384892 2 1 0
0.921591 0.385064 0.385064 2 1 0
0.918893 0.385235 0.385235 2 1 0
0.916198 0.385406 0.385406 2 1 0
0.913508 0.385577 0.385577 2 1 0
0.910822 0.385748 0.385748 2 1 0
0.90814 0.385918 0.385918 2 1 0
0.905463 0.386089 0.386089 2 1 0
0.90279 0.38626 0.38626 2 1 0
0.90012 0.386431 0.386431 2 1 0
0.897455 0.386601 0.386601 2 1 0
0.894795 0.386772 0.386772 2 1 0
0.892138 0.386942 0.386942 2 1 0
0.889485 0.387113 0.387113 2 1 0
0.886837 0.387283 0.387283 2 1 0
0.884193 0.387453 0.387453 2 1 0
0.881553 0.387623 0.387623 2 1 0
0.878917 0.387794 0.387794 2 1 0
0.876285 0.387964 0.387964 2 1 0
0.873658 0.388134 0.388134 2 1 0
0.871034 0.388304 0.388304 2 1 0
0.868415 0.388474 0.388474 2 1 0
0.8658 0.388643 0.388643 2 1 0
0.863189 0.388813 0.388813 2 1 0
0.860582 0.388983 0.388983 2 1 0
0.857979 0.389153 0.389153 2 1 0
0.85538 0.389322 0.389322 2 1 0
0.852786 0.389492 0.389492 2 1 0
0.850195 0.389661 0.389661 2 1 0
0.847609 0.389831 0.389831 2 1 0
0.845026 0.39 0.39 2 1 0
0.842448 0.390169 0.390169 2 1 0
0.839873 0.390338 0.390338 2 1 0
0.837303 0.390508 0.390508 2 1 0
0.834737 0.390677 0.390677 2 1 0
0.832175 0.390846 0.390846 2 1 0
0.829617 0.391015 0.391015 2 1 0
0.827063 0.391184 0.391184 2 1 0
0.824513 0.391352 0.391352 2 1 0
0.821967 0.391521 0.391521 2 1 0
0.819425 0.39169 0.39169 2 1 0
0.816887 0.391859 0.391859 2 1 0
0.814353 0.392027 0.392027 2 1 0
0.811823 0.392196 0.392196 2 1 0
0.809297 0.392364 0.392364 2 1 0
0.806775 0.392533 0.392533 2 1 0
0.804257 0.392701 0.392701 2 1 0
0.801743 0.392869 0.392869 2 1 0
0.799233 0.393038 0.393038 2 1 0
0.796727 0.393206 0.393206 2 1 0
0.794225 0.393374 0.393374 2 1 0
0.791727 0.393542 0.393542 2 1 0
0.789233 0.39371 0.39371 2 1 0
0.786743 0.393878 0.393878 2 1 0
0.784257 0.394046 0.394046 2 1 0
0.781774 0.394213 0.394213 2 1 0
0.779296 0.394381 0.394381 2 1 0
0.776822 0.394549 0.394549 2 1 0
0.774351 0.394716 0.394716 2 1 0
0.771885 0.394884 0.394884 2 1 0
0.769422 0.395051 0.395051 2 1 0
0.766963 0.395219 0.395219 2 1 0
0.764509 0.395386 0.395386 2 1 0
0.762058 0.395554 0.395554 2 1 0
0.759611 0.395721 0.395721 2 1 0
0.757167 0.395888 0.395888 2 1 0
0.754728 0.396055 0.396055 2 1 0
0.752293 0.396222 0.396222 2 1 0
0.749861 0.396389 0.396389 2 1 0
0.747434 0.396556 0.396556 2 1 0
0.74501 0.396723 0.396723 2 1 0
0.74259 0.39689 0.39689 2 1 0
0.740174 0.397056 0.397056 2 1 0
0.737762 0.397223 0.397223 2 1 0
0.735353 0.39739 0.39739 2 1 0
0.732949 0.397556 0.397556 2 1 0
0.730548 0.397723 0.397723 2 1 0
0.728151 0.397889 0.397889 2 1 0
0.725758 0.398056 0.398056 2 1 0
0.723368 0.398222 0.398222 2 1 0
0.720983 0.398388 0.398388 2 1 0
0.718601 0.398554 0.398554 2 1 0
0.716223 0.39872 0.39872 2 1 0
0.713849 0.398887 0.398887 2 1 0
0.711479 0.399053 0.399053 2 1 0
0.709113 0.399219 0.399219 2 1 0
0.70675 0.399384 0.399384 2 1 0
0.704391 0.39955 0.39955 2 1 0
0.702036 0.399716 0.399716 2 1 0
0.699684 0.399882 0.399882 2 1 0
0.697336 0.400047 0.400047 2 1 0
0.694992 0.400213 0.400213 2 1 0
0.692652 0.400378 0.400378 2 1 0
0.690316 0.400544 0.400544 2 1 0
0.687983 0.400709 0.400709 2 1 0
0.685654 0.400875 0.400875 2 1 0
0.683329 0.40104 0.40104 2 1 0
0.681007 0.401205 0.401205 2 1 0
0.678689 0.40137 0.40137 2 1 0
0.676375 0.401535 0.401535 2 1 0
0.674065 0.4017 0.4017 2 1 0
0.671758 0.401865 0.401865 2 1 0
0.669455 0.40203 0.40203 2 1 0
0.667155 0.402195 0.402195 2 1 0
0.66486 0.40236 0.40236 2 1 0
0.662567 0.402525 0.402525 2 1 0
0.660279 0.402689 0.402689 2 1 0
0.657994 0.402854 0.402854 2 1 0
0.655713 0.403018 0.403018 2 1 0
0.653436 0.403183 0.403183 2 1 0
0.651162 0.403347 0.403347 2 1 0
0.648892 0.403512 0.403512 2 1 0
0.646625 0.403676 0.403676 2 1 0
0.644363 0.40384 0.40384 2 1 0
0.642103 0.404004 0.404004 2 1 0
0.639848 0.404168 0.404168 2 1 0
0.637596 0.404332 0.404332 2 1 0
0.635347 0.404496 0.404496 2 1 0
0.633102 0.40466 0.40466 2 1 0
0.630861 0.404824 0.404824 2 1 0
0.628624 0.404988 0.404988 2 1 0
0.62639 0.405152 0.405152 2 1 0
0.624159 0.405316 0.405316 2 1 0
0.621932 0.405479 0.405479 2 1 0
0.619709 0.405643 0.405643 2 1 0
0.617489 0.405806 0.405806 2 1 0
0.615273 0.40597 0.40597 2 1 0
0.613061 0.406133 0.406133 2 1 0
0.610852 0.406296 0.406296 2 1 0
0.608646 0.40646 0.40646 2 1 0
0.606444 0.406623 0.406623 2 1 0
0.604246 0.406786 0.406786 2 1 0
0.602051 0.406949 0.406949 2 1 0
0.599859 0.407112 0.407112 2 1 0
0.597671 0.407275 0.407275 2 1 0
0.595487 0.407438 0.407438 2 1 0
0.593306 0.407601 0.407601 2 1 0
0.591129 0.407764 0.407764 2 1 0
0.588955 0.407926 0.407926 2 1 0
0.586785 0.408089 0.408089 2 1 0
0.584618 0.408252 0.408252 2 1 0
0.582454 0.408414 0.408414 2 1 0
0.580295 0.408577 0.408577 2 1 0
0.578138 0.408739 0.408739 2 1 0
0.575985 0.408901 0.408901 2 1 0
0.573836 0.409064 0.409064 2 1 0
0.57169 0.409226 0.409226 2 1 0
0.569547 0.409388 0.409388 2 1 0
0.567408 0.40955 0.40955 2 1 0
0.565272 0.409712 0.409712 2 1 0
0.56314 0.409874 0.409874 2 1 0
0.561011 0.410036 0.410036 2 1 0
0.558886 0.410198 0.410198 2 1 0
0.556764 0.41036 0.41036 2 1 0
0.554645 0.410522 0.410522 2 1 0
0.55253 0.410684 0.410684 2 1 0
0.550418 0.410845 0.410845 2 1 0
0.54831 0.411007 0.411007 2 1 0
0.546205 0.411168 0.411168 2 1 0
0.544103 0.41133 0.41133 2 1 0
0.542005 0.411491 0.411491 2 1 0
0.53991 0.411653 0.411653 2 1 0
0.537818 0.411814 0.411814 2 1 0
0.53573 0.411975 0.411975 2 1 0
0.533646 0.412136 0.412136 2 1 0
0.531564 0.412297 0.412297 2 1 0
0.529486 0.412458 0.412458 2 1 0
0.527411 0.412619 0.412619 2 1 0
0.52534 0.41278 0.41278 2 1 0
0.523272 0.412941 0.412941 2 1 0
0.521207 0.413102 0.413102 2 1 0
0.519146 0.413263 0.413263 2 1 0
0.517088 0.413424 0.413424 2 1 0
0.515033 0.413584 0.413584 2 1 0
0.512982 0.413745 0.413745 2 1 0
0.510934 0.413905 0.413905 2 1 0
0.508889 0.414066 0.414066 2 1 0
0.506847 0.414226 0.414226 2 1 0
0.504809 0.414387 0.414387 2 1 0
0.502774 0.414547 0.414547 2 1 0
0.500743 0.414707 0.414707 2 1 0
0.498714 0.414867 0.414867 2 1 0
0.496689 0.415027 0.415027 2 1 0
0.494667 0.415187 0.415187 2 1 0
0.492649 0.415347 0.415347 2 1 0
0.490633 0.415507 0.415507 2 1 0
0.488621 0.415667 0.415667 2 1 0
0.486612 0.415827 0.415827 2 1 0
0.484607 0.415987 0.415987 2 1 0
0.482604 0.416147 0.416147 2 1 0
0.480605 0.416306 0.416306 2 1 0
0.478609 0.416466 0.416466 2 1 0
0.476616 0.416625 0.416625 2 1 0
0.474627 0.416785 0.416785 2 1 0
0.472641 0.416944 0.416944 2 1 0
0.470658 0.417104 0.417104 2 1 0
0.468678 0.417263 0.417263 2 1 0
0.466701 0.417422 0.417422 2 1 0
0.464727 0.417581 0.417581 2 1 0
0.462757 0.41774 0.41774 2 1 0
0.46079 0.417899 0.417899 2 1 0
0.458826 0.418058 0.418058 2 1 0
0.456865 0.418217 0.418217 2 1 0
0.454908 0.418376 0.418376 2 1 0
0.452953 0.418535 0.418535 2 1 0
0.451002 0.418694 0.418694 2 1 0
0.449053 0.418853 0.418853 2 1 0
0.447108 0.419011 0.419011 2 1 0
0.445167 0.41917 0.41917 2 1 0
0.443228 0.419328 0.419328 2 1 0
0.441292 0.419487 0.419487 2 1 0
0.43936 0.419645 0.419645 2 1 0
0.43743 0.419804 0.419804 2 1 0
0.435504 0.419962 0.419962 2 1 0
0.433581 0.42012 0.42012 2 1 0
0.43166 0.420278 0.420278 2 1 0
0.429743 0.420437 0.420437 2 1 0
0.42783 0.420595 0.420595 2 1 0
0.425919 0.420753 0.420753 2 1 0
0.424011 0.420911 0.420911 2 1 0
0.422106 0.421069 0.421069 2 1 0
0.420205 0.421226 0.421226 2 1 0
0.418306 0.421384 0.421384 2 1 0
0.416411 0.421542 0.421542 2 1 0
0.414518 0.4217 0.4217 2 1 0
0.412629 0.421857 0.421857 2 1 0
0.410743 0.422015 0.422015 2 1 0
0.408859 0.422172 0.422172 2 1 0
0.406979 0.42233 0.42233 2 1 0
0.405102 0.422487 0.422487 2 1 0
0.403228 0.422645 0.422645 2 1 0
0.401357 0.422802 0.422802 2 1 0
0.399488 0.422959 0.422959 2 1 0
0.397623 0.423116 0.423116 2 1 0
0.395761 0.423273 0.423273 2 1 0
0.393902 0.42343 0.42343 2 1 0
0.392046 0.423587 0.423587 2 1 0
0.390193 0.423744 0.423744 2 1 0
0.388343 0.423901 0.423901 2 1 0
0.386496 0.424058 0.424058 2 1 0
0.384651 0.424215 0.424215 2 1 0
0.38281 0.424372 0.424372 2 1 0
0.380972 0.424528 0.424528 2 1 0
0.379137 0.424685 0.424685 2 1 0
0.377304 0.424841 0.424841 2 1 0
0.375475 0.424998 0.424998 2 1 0
0.373649 0.425154 0.425154 2 1 0
0.371825 0.425311 0.425311 2 1 0
0.370005 0.425467 0.425467 2 1 0
0.368187 0.425623 0.425623 2 1 0
0.366373 0.425779 0.425779 2 1 0
0.364561 0.425936 0.425936 2 1 0
0.362752 0.426092 0.426092 2 1 0
0.360946 0.426248 0.426248 2 1 0
0.359143 0.426404 0.426404 2 1 0
0.357343 0.42656 0.42656 2 1 0
0.355546 0.426716 0.426716 2 1 0
0.353752 0.426871 0.426871 2 1 0
0.35196 0.427027 0.427027 2 1 0
0.350172 0.427183 0.427183 2 1 0
0.348386 0.427339 0.427339 2 1 0
0.346603 0.427494 0.427494 2 1 0
0.344823 0.42765 0.42765 2 1 0
0.343046 0.427805 0.427805 2 1 0
0.341272 0.427961 0.427961 2 1 0
0.339501 0.428116 0.428116 2 1 0
0.337733 0.428271 0.428271 2 1 0
0.335967 0.428426 0.428426 2 1 0
0.334204 0.428582 0.428582 2 1 0
0.332444 0.428737 0.428737 2 1 0
0.330687 0.428892 0.428892 2 1 0
0.328933 0.429047 0.429047 2 1 0
0.327182 0.429202 0.429202 2 1 0
0.325433 0.429357 0.429357 2 1 0
0.323687 0.429512 0.429512 2 1 0
0.321944 0.429667 0.429667 2 1 0
0.320204 0.429821 0.429821 2 1 0
0.318467 0.429976 0.429976 2 1 0
0.316732 0.430131 0.430131 2 1 0
0.315001 0.430285 0.430285 2 1 0
0.313272 0.43044 0.43044 2 1 0
0.311545 0.430594 0.430594 2 1 0
0.309822 0.430749 0.430749 2 1 0
0.308101 0.430903 0.430903 2 1 0
0.306383 0.431057 0.431057 2 1 0
0.304668 0.431212 0.431212 2 1 0
0.302956 0.431366 0.431366 2 1 0
0.301246 0.43152 0.43152 2 1 0
0.299539 0.431674 0.431674 2 1 0
0.297835 0.431828 0.431828 2 1 0
0.296134 0.431982 0.431982 2 1 0
0.294435 0.432136 0.432136 2 1 0
0.292739 0.43229 0.43229 2 1 0
0.291046 0.432444 0.432444 2 1 0
0.289356 0.432598 0.432598 2 1 0
0.287668 0.432751 0.432751 2 1 0
0.285983 0.432905 0.432905 2 1 0
0.284301 0.433059 0.433059 2 1 0
0.282621 0.433212 0.433212 2 1 0
0.280944 0.433366 0.433366 2 1 0
0.27927 0.433519 0.433519 2 1 0
0.277599 0.433673 0.433673 2 1 0
0.27593 0.433826 0.433826 2 1 0
0.274264 0.433979 0.433979 2 1 0
0.2726 0.434132 0.434132 2 1 0
0.270939 0.434286 0.434286 2 1 0
0.269281 0.434439 0.434439 2 1 0
0.267626 0.434592 0.434592 2 1 0
0.265973 0.434745 0.434745 2 1 0
0.264323 0.434898 0.434898 2 1 0
0.262675 0.435051 0.435051 2 1 0
0.26103 0.435204 0.435204 2 1 0
0.259388 0.435356 0.435356 2 1 0
0.257748 0.435509 0.435509 2 1 0
0.256111 0.435662 0.435662 2 1 0
0.254477 0.435815 0.435815 2 1 0
0.252845 0.435967 0.435967 2 1 0
0.251216 0.43612 0.43612 2 1 0
0.24959 0.436272 0.436272 2 1 0
0.247966 0.436425 0.436425 2 1 0
0.246344 0.436577 0.436577 2 1 0
0.244726 0.436729 0.436729 2 1 0
0.24311 0.436882 0.436882 2 1 0
0.241496 0.437034 0.437034 2 1 0
0.239885 0.437186 0.437186 2 1 0
0.238277 0.437338 0.437338 2 1 0
0.236671 0.43749 0.43749 2 1 0
0.235068 0.437642 0.437642 2 1 0
0.233467 0.437794 0.437794 2 1 0
0.231869 0.437946 0.437946 2 1 0
0.230274 0.438098 0.438098 2 1 0
0.228681 0.43825 0.43825 2 1 0
0.227091 0.438401 0.438401 2 1 0
0.225503 0.438553 0.438553 2 1 0
0.223917 0.438705 0.438705 2 1 0
0.222335 0.438856 0.438856 2 1 0
0.220754 0.439008 0.439008 2 1 0
0.219177 0.439159 0.439159 2 1 0
0.217602 0.439311 0.439311 2 1 0
0.216029 0.439462 0.439462 2 1 0
0.214459 0.439613 0.439613 2 1 0
0.212891 0.439765 0.439765 2 1 0
0.211326 0.439916 0.439916 2 1 0
0.209763 0.440067 0.440067 2 1 0
0.208203 0.440218 0.440218 2 1 0
0.206646 0.440369 0.440369 2 1 0
0.20509 0.44052 0.44052 2 1 0
0.203538 0.440671 0.440671 2 1 0
0.201988 0.440822 0.440822 2 1 0
0.20044 0.440973 0.440973 2 1 0
0.198895 0.441124 0.441124 2 1 0
0.197352 0.441275 0.441275 2 1 0
0.195812 0.441425 0.441425 2 1 0
0.194274 0.441576 0.441576 2 1 0
0.192738 0.441726 0.441726 2 1 0
0.191206 0.441877 0.441877 2 1 0
0.189675 0.442028 0.442028 2 1 0
0.188147 0.442178 0.442178 2 1 0
0.186621 0.442328 0.442328 2 1 0
0.185098 0.442479 0.442479 2 1 0
0.183578 0.442629 0.442629 2 1 0
0.182059 0.442779 0.442779 2 1 0
0.180543 0.442929 0.442929 2 1 0
0.17903 0.44308 0.44308 2 1 0
0.177519 0.44323 0.44323 2 1 0
0.17601 0.44338 0.44338 2 1 0
0.174504 0.44353 0.44353 2 1 0
0.173 0.44368 0.44368 2 1 0
0.171499 0.443829 0.443829 2 1 0
0.169999 0.443979 0.443979 2 1 0
0.168503 0.444129 0.444129 2 1 0
0.167008 0.444279 0.444279 2 1 0
0.165517 0.444428 0.444428 2 1 0
0.164027 0.444578 0.444578 2 1 0
0.16254 0.444728 0.444728 2 1 0
0.161055 0.444877 0.444877 2 1 0
0.159573 0.445027 0.445027 2 1 0
0.158093 0.445176 0.445176 2 1 0
0.156615 0.445325 0.445325 2 1 0
0.155139 0.445475 0.445475 2 1 0
0.153666 0.445624 0.445624 2 1 0
0.152196 0.445773 0.445773 2 1 0
0.150727 0.445922 0.445922 2 1 0
0.149261 0.446071 0.446071 2 1 0
0.147798 0.44622 0.44622 2 1 0
0.146336 0.44637 0.44637 2 1 0
0.144877 0.446518 0.446518 2 1 0
0.14342 0.446667 0.446667 2 1 0
0.141966 0.446816 0.446816 2 1 0
0.140514 0.446965 0.446965 2 1 0
0.139064 0.447114 0.447114 2 1 0
0.137617 0.447263 0.447263 2 1 0
0.136171 0.447411 0.447411 2 1 0
0.134728 0.44756 0.44756 2 1 0
0.133288 0.447708 0.447708 2 1 0
0.131849 0.447857 0.447857 2 1 0
0.130413 0.448005 0.448005 2 1 0
0.12898 0.448154 0.448154 2 1 0
0.127548 0.448302 0.448302 2 1 0
0.126119 0.44845 0.44845 2 1 0
0.124692 0.448599 0.448599 2 1 0
0.123267 0.448747 0.448747 2 1 0
0.121845 0.448895 0.448895 2 1 0
0.120424 0.449043 0.449043 2 1 0
0.119006 0.449191 0.449191 2 1 0
0.117591 0.449339 0.449339 2 1 0
0.116177 0.449487 0.449487 2 1 0
0.114766 0.449635 0.449635 2 1 0
0.113357 0.449783 0.449783 2 1 0
0.11195 0.449931 0.449931 2 1 0
0.110546 0.450079 0.450079 2 1 0
0.109143 0.450226 0.450226 2 1 0
0.107743 0.450374 0.450374 2 1 0
0.106345 0.450522 0.450522 2 1 0
0.104949 0.450669 0.450669 2 1 0
0.103556 0.450817 0.450817 2 1 0
0.102165 0.450964 0.450964 2 1 0
0.100775 0.451112 0.451112 2 1 0
0.0993885 0.451259 0.451259 2 1 0
0.0980038 0.451406 0.451406 2 1 0
0.0966212 0.451554 0.451554 2 1 0
0.0952408 0.451701 0.451701 2 1 0
0.0938626 0.451848 0.451848 2 1 0
0.0924866 0.451995 0.451995 2 1 0
0.0911128 0.452142 0.452142 2 1 0
0.0897411 0.452289 0.452289 2 1 0
0.0883716 0.452436 0.452436 2 1 0
0.0870042 0.452583 0.452583 2 1 0
0.085639 0.45273 0.45273 2 1 0
0.0842759 0.452877 0.452877 2 1 0
0.082915 0.453024 0.453024 2 1 0
0.0815562 0.45317 0.45317 2 1 0
0.0801996 0.453317 0.453317 2 1 0
0.078845 0.453464 0.453464 2 1 0
0.0774927 0.45361 0.45361 2 1 0
0.0761424 0.453757 0.453757 2 1 0
0.0747943 0.453903 0.453903 2 1 0
0.0734483 0.45405 0.45405 2 1 0
0.0721044 0.454196 0.454196 2 1 0
0.0707626 0.454343 0.454343 2 1 0
0.0694229 0.454489 0.454489 2 1 0
0.0680854 0.454635 0.454635 2 1 0
0.0667499 0.454782 0.454782 2 1 0
0.0654165 0.454928 0.454928 2 1 0
0.0640852 0.455074 0.455074 2 1 0
0.062756 0.45522 0.45522 2 1 0
0.0614289 0.455366 0.455366 2 1 0
0.0601039 0.455512 0.455512 2 1 0
0.0587809 0.455658 0.455658 2 1 0
0.0574601 0.455804 0.455804 2 1 0
0.0561412 0.45595 0.45595 2 1 0
0.0548245 0.456095 0.456095 2 1 0
0.0535098 0.456241 0.456241 2 1 0
0.0521972 0.456387 0.456387 2 1 0
0.0508866 0.456532 0.456532 2 1 0
0.0495781 0.456678 0.456678 2 1 0
0.0482716 0.456824 0.456824 2 1 0
0.0469672 0.456969 0.456969 2 1 0
0.0456648 0.457115 0.457115 2 1 0
0.0443645 0.45726 0.45726 2 1 0
0.0430662 0.457405 0.457405 2 1 0
0.0417699 0.457551 0.457551 2 1 0
0.0404756 0.457696 0.457696 2 1 0
0.0391834 0.457841 0.457841 2 1 0
0.0378932 0.457986 0.457986 2 1 0
0.036605 0.458131 0.458131 2 1 0
0.0353188 0.458277 0.458277 2 1 0
0.0340346 0.458422 0.458422 2 1 0
0.0327524 0.458567 0.458567 2 1 0
0.0314722 0.458712 0.458712 2 1 0
0.030194 0.458856 0.458856 2 1 0
0.0289178 0.459001 0.459001 2 1 0
0.0276436 0.459146 0.459146 2 1 0
0.0263714 0.459291 0.459291 2 1 0
0.0251011 0.459436 0.459436 2 1 0
0.0238329 0.45958 0.45958 2 1 0
0.0225666 0.459725 0.459725 2 1 0
0.0213023 0.459869 0.459869 2 1 0
0.0200399 0.460014 0.460014 2 1 0
0.0187795 0.460159 0.460159 2 1 0
0.0175211 0.460303 0.460303 2 1 0
0.0162646 0.460447 0.460447 2 1 0
0.0150101 0.460592 0.460592 2 1 0
0.0137575 0.460736 0.460736 2 1 0
0.0125069 0.46088 0.46088 2 1 0
0.0112582 0.461024 0.461024 2 1 0
0.0100115 0.461169 0.461169 2 1 0
0.0087667 0.461313 0.461313 2 1 0
0.00752383 0.461457 0.461457 2 1 0
0.00628288 0.461601 0.461601 2 1 0
0.00504386 0.461745 0.461745 2 1 0
0.00380677 0.461889 0.461889 2 1 0
0.00257159 0.462033 0.462033 2 1 0
0.00133832 0.462177 0.462177 2 1 0
0.000106964 0.46232 0.46232 2 1 0
-0.000383668 0.462378 0.462378 1 1 0
1.53872 0.350332 0.350332 4 2 0
1.53857 0.354219 0.346473 3 2 0
1.53851 0.354936 0.345766 3 2 0
1.53725 0.362355 0.338562 3 2 0
1.53519 0.369062 0.332216 3 2 0
1.53271 0.374843 0.326868 3 2 0
1.52999 0.379937 0.322266 3 2 0
1.52712 0.384556 0.318143 3 2 0
1.52414 0.388764 0.314451 3 2 0
1.52108 0.392643 0.311075 3 2 0
1.51797 0.396284 0.307973 3 2 0
1.51481 0.39971 0.305091 3 2 0
1.51162 0.402901 0.302457 3 2 0
1.5084 0.405989 0.299921 3 2 0
1.50516 0.408938 0.297524 3 2 0
1.5019 0.411794 0.295224 3 2 0
1.49862 0.414505 0.293074 3 2 0
1.49534 0.417116 0.291024 3 2 0
1.49204 0.419634 0.28908 3 2 0
1.48873 0.422073 0.287188 3 2 0
1.48542 0.424437 0.28537 3 2 0
1.4821 0.426745 0.283624 3 2 0
1.47877 0.42898 0.281949 3 2 0
1.47544 0.431155 0.280333 3 2 0
1.47211 0.433284 0.278733 3 2 0
1.46877 0.435356 0.277209 3 2 0
1.46543 0.437379 0.275731 3 2 0
1.46208 0.439326 0.274348 3 2 0
1.45874 0.44126 0.272966 3 2 0
1.45539 0.443154 0.271623 3 2 0
1.45204 0.445084 0.270263 3 2 0
1.44869 0.446912 0.268977 3 2 0
1.44534 0.448706 0.267724 3 2 0
1.44199 0.450513 0.266498 3 2 0
1.43863 0.45225 0.265312 3 2 0
1.43528 0.453959 0.264153 3 2 0
1.43193 0.455655 0.263057 3 2 0
1.42858 0.457313 0.261953 3 2 0
1.42523 0.458945 0.260873 3 2 0
1.42188 0.46055 0.259792 3 2 0
1.41853 0.462141 0.258756 3 2 0
1.41518 0.46371 0.257741 3 2 0
1.41183 0.465246 0.256696 3 2 0
1.40849 0.466768 0.255718 3 2 0
1.40514 0.46827 0.254759 3 2 0
1.4018 0.469669 0.253784 3 2 0
1.39846 0.471146 0.252857 3 2 0
1.39512 0.472605 0.251947 3 2 0
1.39178 0.474104 0.251045 3 2 0
1.38844 0.475528 0.250165 3 2 0
1.3851 0.476935 0.2493 3 2 0
1.38177 0.478348 0.24845 3 2 0
1.37844 0.479723 0.247613 3 2 0
1.37511 0.481083 0.246789 3 2 0
1.37178 0.482423 0.245985 3 2 0
1.36845 0.483754 0.245186 3 2 0
1.36513 0.485071 0.244399 3 2 0
1.36181 0.486384 0.243709 3 2 0
1.35849 0.487677 0.242943 3 2 0
1.35517 0.488958 0.242188 3 2 0
1.35185 0.490233 0.241412 3 2 0
1.34854 0.491491 0.24068 3 2 0
1.34523 0.492738 0.239958 3 2 0
1.34192 0.493979 0.23927 3 2 0
1.33862 0.495207 0.238568 3 2 0
1.33531 0.496424 0.237875 3 2 0
1.33201 0.497576 0.237169 3 2 0
1.32871 0.498777 0.236495 3 2 0
1.32542 0.499969 0.23583 3 2 0
1.32212 0.501154 0.235212 3 2 0
1.31883 0.502326 0.234564 3 2 0
1.31554 0.50349 0.233923 3 2 0
1.31226 0.504676 0.233311 3 2 0
1.30898 0.505819 0.232686 3 2 0
1.3057 0.506954 0.232069 3 2 0
1.30242 0.508061 0.231485 3 2 0
1.29914 0.509177 0.230882 3 2 0
1.29587 0.510286 0.230286 3 2 0
1.2926 0.511358 0.229717 3 2 0
1.28934 0.512449 0.229135 3 2 0
1.28607 0.513533 0.228559 3 2 0
1.28281 0.514577 0.228017 3 2 0
1.27955 0.515645 0.227455 3 2 0
1.2763 0.516706 0.226898 3 2 0
1.27305 0.51771 0.226386 3 2 0
1.2698 0.518756 0.225842 3 2 0
1.26655 0.519795 0.225304 3 2 0
1.26331 0.520809 0.224732 3 2 0
1.26007 0.52184 0.224206 3 2 0
1.25683 0.522875 0.223685 3 2 0
1.2536 0.523895 0.223179 3 2 0
1.25037 0.524903 0.222669 3 2 0
1.24714 0.525906 0.222164 3 2 0
1.24391 0.526915 0.221699 3 2 0
1.24069 0.527905 0.221205 3 2 0
1.23747 0.5289 0.220715 3 2 0
1.23426 0.529896 0.220258 3 2 0
1.23104 0.530885 0.219778 3 2 0
1.22784 0.531867 0.219303 3 2 0
1.22463 0.532856 0.218832 3 2 0
1.22143 0.533828 0.218371 3 2 0
1.21823 0.534795 0.217914 3 2 0
1.21503 0.535772 0.217417 3 2 0
1.21183 0.536728 0.216969 3 2 0
1.20864 0.53768 0.216525 3 2 0
1.20546 0.538611 0.216118 3 2 0
1.20227 0.539554 0.215679 3 2 0
1.19909 0.540491 0.215243 3 2 0
1.19591 0.541411 0.214806 3 2 0
1.19274 0.54234 0.214378 3 2 0
1.18957 0.543263 0.213955 3 2 0
1.1864 0.544177 0.213524 3 2 0
1.18323 0.545092 0.213108 3 2 0
1.18007 0.546002 0.212696 3 2 0
1.17691 0.546906 0.212279 3 2 0
1.17376 0.547808 0.211874 3 2 0
1.17061 0.548705 0.211473 3 2 0
1.16746 0.5496 0.211071 3 2 0
1.16431 0.550489 0.210677 3 2 0
1.16117 0.551374 0.210286 3 2 0
1.15803 0.552261 0.2099 3 2 0
1.1549 0.553138 0.209516 3 2 0
1.15177 0.554012 0.209135 3 2 0
1.14864 0.554902 0.208796 3 2 0
1.14551 0.555767 0.208422 3 2 0
1.14239 0.556629 0.208051 3 2 0
1.13927 0.557474 0.207572 3 2 0
1.13616 0.558328 0.207207 3 2 0
1.13305 0.559179 0.206846 3 2 0
1.12994 0.560023 0.206526 3 2 0
1.12684 0.560866 0.20617 3 2 0
1.12373 0.561706 0.205817 3 2 0
1.12064 0.562549 0.205422 3 2 0
1.11754 0.563382 0.205075 3 2 0
1.11445 0.564212 0.204731 3 2 0
1.11136 0.565022 0.20442 3 2 0
1.10828 0.565845 0.204081 3 2 0
1.1052 0.566666 0.203745 3 2 0
1.10212 0.567489 0.203375 3 2 0
1.09905 0.568303 0.203044 3 2 0
1.09598 0.569113 0.202716 3 2 0
1.09291 0.569919 0.202412 3 2 0
1.08985 0.570724 0.202089 3 2 0
1.08679 0.571525 0.201768 3 2 0
1.08373 0.572303 0.20144 3 2 0
1.08068 0.573098 0.201124 3 2 0
1.07763 0.57389 0.200811 3 2 0
1.07458 0.574687 0.200499 3 2 0
1.07154 0.575473 0.20019 3 2 0
1.0685 0.576257 0.199884 3 2 0
1.06546 0.57704 0.199582 3 2 0
1.06243 0.577818 0.19928 3 2 0
1.0594 0.578593 0.198981 3 2 0
1.05638 0.579393 0.198665 3 2 0
1.05335 0.580162 0.198371 3 2 0
1.05034 0.580928 0.198078 3 2 0
1.04732 0.581632 0.197811 3 2 0
1.04431 0.582394 0.197523 3 2 0
1.0413 0.583153 0.197236 3 2 0
1.0383 0.583916 0.196999 3 2 0
1.0353 0.58467 0.196717 3 2 0
1.0323 0.585421 0.196437 3 2 0
1.02931 0.586154 0.196099 3 2 0
1.02632 0.586901 0.195823 3 2 0
1.02333 0.587645 0.195549 3 2 0
1.02035 0.588265 0.195293 3 2 0
1.01737 0.589005 0.195023 3 2 0
1.01439 0.589743 0.194755 3 2 0
1.01142 0.5905 0.194491 3 2 0
1.00845 0.591233 0.194226 3 2 0
1.00549 0.591963 0.193964 3 2 0
1.00253 0.592676 0.193679 3 2 0
0.999569 0.593401 0.19342 3 2 0
0.996615 0.594125 0.193163 3 2 0
0.993664 0.594768 0.192901 3 2 0
0.990717 0.595487 0.192648 3 2 0
0.987773 0.596204 0.192396 3 2 0
0.984833 0.59682 0.19215 3 2 0
0.981897 0.597533 0.191902 3 2 0
0.978964 0.598243 0.191655 3 2 0
0.976035 0.598915 0.19142 3 2 0
0.973109 0.599622 0.191177 3 2 0
0.970187 0.600326 0.190936 3 2 0
0.967269 0.6011 0.190737 3 2 0
0.964354 0.6018 0.1905 3 2 0
0.961442 0.602497 0.190264 3 2 0
0.958535 0.603227 0.189996 3 2 0
0.955631 0.60392 0.189763 3 2 0
0.95273 0.604611 0.189532 3 2 0
0.949833 0.605289 0.189295 3 2 0
0.94694 0.605976 0.189066 3 2 0
0.944051 0.606661 0.188839 3 2 0
0.941165 0.607297 0.188602 3 2 0
0.938282 0.607978 0.188378 3 2 0
0.935403 0.608658 0.188156 3 2 0
0.932528 0.609292 0.187933 3 2 0
0.929657 0.609968 0.187714 3 2 0
0.926789 0.610641 0.187496 3 2 0
0.923924 0.611281 0.187276 3 2 0
0.921064 0.611951 0.187061 3 2 0
0.918207 0.612619 0.186847 3 2 0
0.915353 0.61326 0.186633 3 2 0
0.912503 0.613925 0.186422 3 2 0
0.909657 0.614587 0.186213 3 2 0
0.906815 0.615224 0.186004 3 2 0
0.903976 0.615883 0.185797 3 2 0
0.90114 0.61654 0.185592 3 2 0
0.898309 0.617174 0.185388 3 2 0
0.89548 0.617828 0.185185 3 2 0
0.892656 0.61848 0.184984 3 2 0
0.889835 0.61911 0.184785 3 2 0
0.887018 0.619758 0.184586 3 2 0
0.884204 0.620405 0.184389 3 2 0
0.881395 0.621032 0.184195 3 2 0
0.878588 0.621675 0.184 3 2 0
0.875786 0.622317 0.183806 3 2 0
0.872987 0.62294 0.183617 3 2 0
0.870191 0.623578 0.183425 3 2 0
0.867399 0.624215 0.183235 3 2 0
0.864611 0.624835 0.183051 3 2 0
0.861827 0.625468 0.182863 3 2 0
0.859046 0.626099 0.182677 3 2 0
0.856269 0.626717 0.182497 3 2 0
0.853495 0.627345 0.182313 3 2 0
0.850725 0.627972 0.18213 3 2 0
0.847959 0.628586 0.181955 3 2 0
0.845196 0.629209 0.181774 3 2 0
0.842437 0.629831 0.181594 3 2 0
0.839682 0.630443 0.181424 3 2 0
0.83693 0.631062 0.181246 3 2 0
0.834182 0.63168 0.18107 3 2 0
0.831437 0.632289 0.180905 3 2 0
0.828697 0.632903 0.18073 3 2 0
0.825959 0.633516 0.180557 3 2 0
0.823226 0.634124 0.180396 3 2 0
0.820496 0.634734 0.180226 3 2 0
0.81777 0.635342 0.180056 3 2 0
0.815047 0.635947 0.179899 3 2 0
0.812328 0.636552 0.179731 3 2 0
0.809612 0.637156 0.179564 3 2 0
0.806901 0.637758 0.179412 3 2 0
0.804193 0.638359 0.179247 3 2 0
0.801488 0.638958 0.179084 3 2 0
0.798787 0.639552 0.17893 3 2 0
0.79609 0.640149 0.178769 3 2 0
0.793396 0.640744 0.178608 3 2 0
0.790706 0.641349 0.178482 3 2 0
0.78802 0.641941 0.178323 3 2 0
0.785337 0.642532 0.178165 3 2 0
0.782658 0.643 0.177992 3 2 0
0.779983 0.643588 0.177837 3 2 0
0.777311 0.644175 0.177682 3 2 0
0.774643 0.644658 0.177448 3 2 0
0.771978 0.645242 0.177296 3 2 0
0.769318 0.645825 0.177146 3 2 0
0.76666 0.646523 0.177072 3 2 0
0.764007 0.647097 0.176922 3 2 0
0.761357 0.64767 0.176773 3 2 0
0.75871 0.648268 0.176564 3 2 0
0.756067 0.648839 0.176417 3 2 0
0.753428 0.649408 0.176272 3 2 0
0.750793 0.650008 0.176142 3 2 0
0.748161 0.650574 0.175998 3 2 0
0.745532 0.65114 0.175855 3 2 0
0.742908 0.651705 0.175701 3 2 0
0.740287 0.652268 0.17556 3 2 0
0.737669 0.65283 0.17542 3 2 0
0.735055 0.653432 0.1753 3 2 0
0.732445 0.653991 0.175161 3 2 0
0.729839 0.654549 0.175024 3 2 0
0.727236 0.655087 0.174869 3 2 0
0.724636 0.655642 0.174733 3 2 0
0.72204 0.656196 0.174599 3 2 0
0.719448 0.656814 0.174495 3 2 0
0.71686 0.657366 0.174361 3 2 0
0.714275 0.657917 0.174229 3 2 0
0.711693 0.658444 0.174075 3 2 0
0.709116 0.658992 0.173944 3 2 0
0.706542 0.659539 0.173814 3 2 0
0.703971 0.660133 0.173713 3 2 0
0.701404 0.660678 0.173585 3 2 0
0.698841 0.661222 0.173457 3 2 0
0.696281 0.661785 0.173307 3 2 0
0.693725 0.662327 0.173182 3 2 0
0.691172 0.662867 0.173057 3 2 0
0.688623 0.663439 0.17295 3 2 0
0.686078 0.663977 0.172826 3 2 0
0.683536 0.664515 0.172704 3 2 0
0.680998 0.66506 0.172561 3 2 0
0.678464 0.665595 0.17244 3 2 0
0.675933 0.666129 0.17232 3 2 0
0.673405 0.666711 0.172232 3 2 0
0.670881 0.667242 0.172114 3 2 0
0.668361 0.667773 0.171996 3 2 0
0.665844 0.668327 0.171859 3 2 0
0.663331 0.668855 0.171743 3 2 0
0.660822 0.669383 0.171627 3 2 0
0.658316 0.669914 0.171508 3 2 0
0.655814 0.67044 0.171394 3 2 0
0.653315 0.670964 0.171281 3 2 0
0.650819 0.671516 0.171181 3 2 0
0.648328 0.672038 0.171069 3 2 0
0.64584 0.672559 0.170958 3 2 0
0.643355 0.673086 0.170835 3 2 0
0.640874 0.673605 0.170726 3 2 0
0.638397 0.674123 0.170617 3 2 0
0.635923 0.674673 0.170526 3 2 0
0.633453 0.675189 0.170419 3 2 0
0.630986 0.675704 0.170312 3 2 0
0.628523 0.676233 0.170198 3 2 0
0.626063 0.676746 0.170093 3 2 0
0.623607 0.677258 0.169989 3 2 0
0.621155 0.677754 0.169873 3 2 0
0.618706 0.678264 0.16977 3 2 0
0.61626 0.678773 0.169668 3 2 0
0.613818 0.679336 0.169604 3 2 0
0.61138 0.679843 0.169503 3 2 0
0.608945 0.680349 0.169402 3 2 0
0.606514 0.680874 0.169292 3 2 0
0.604086 0.681378 0.169193 3 2 0
0.601662 0.681881 0.169094 3 2 0
0.599241 0.682392 0.168994 3 2 0
0.596824 0.682893 0.168897 3 2 0
0.59441 0.683393 0.1688 3 2 0
0.592 0.683904 0.168706 3 2 0
0.589594 0.684402 0.168611 3 2 0
0.58719 0.684899 0.168516 3 2 0
0.584791 0.685409 0.168426 3 2 0
0.582395 0.685904 0.168333 3 2 0
0.580002 0.686398 0.16824 3 2 0
0.577613 0.686906 0.168153 3 2 0
0.575228 0.687399 0.168061 3 2 0
0.572846 0.68789 0.167971 3 2 0
0.570467 0.688395 0.167886 3 2 0
0.568092 0.688884 0.167796 3 2 0
0.565721 0.689373 0.167707 3 2 0
0.563353 0.689873 0.167624 3 2 0
0.560988 0.69036 0.167536 3 2 0
0.558627 0.690846 0.167449 3 2 0
0.55627 0.691343 0.167368 3 2 0
0.553916 0.691827 0.167282 3 2 0
0.551565 0.69231 0.167196 3 2 0
0.549218 0.692803 0.167117 3 2 0
0.546874 0.693284 0.167032 3 2 0
0.544534 0.693765 0.166949 3 2 0
0.542198 0.694254 0.166871 3 2 0
0.539865 0.694733 0.166788 3 2 0
0.537535 0.69521 0.166707 3 2 0
0.535209 0.695697 0.16663 3 2 0
0.532886 0.696173 0.16655 3 2 0
0.530567 0.696648 0.16647 3 2 0
0.528251 0.697131 0.166395 3 2 0
0.525938 0.697604 0.166316 3 2 0
0.52363 0.698076 0.166238 3 2 0
0.521324 0.698556 0.166165 3 2 0
0.519022 0.699027 0.166088 3 2 0
0.516724 0.699496 0.166012 3 2 0
0.514428 0.699973 0.16594 3 2 0
0.512137 0.700441 0.165865 3 2 0
0.509849 0.700908 0.16579 3 2 0
0.507564 0.701382 0.165721 3 2 0
0.505282 0.701847 0.165647 3 2 0
0.503005 0.702311 0.165574 3 2 0
0.50073 0.702782 0.165506 3 2 0
0.498459 0.703245 0.165434 3 2 0
0.496191 0.703706 0.165363 3 2 0
0.493927 0.704174 0.165296 3 2 0
0.491666 0.704634 0.165226 3 2 0
0.489409 0.705093 0.165156 3 2 0
0.487155 0.705558 0.165092 3 2 0
0.484905 0.706015 0.165023 3 2 0
0.482657 0.706472 0.164955 3 2 0
0.480414 0.706934 0.164892 3 2 0
0.478173 0.707389 0.164825 3 2 0
0.475937 0.707842 0.164758 3 2 0
0.473703 0.708302 0.164697 3 2 0
0.471473 0.708754 0.164632 3 2 0
0.469246 0.709205 0.164567 3 2 0
0.467023 0.709661 0.164507 3 2 0
0.464803 0.710111 0.164443 3 2 0
0.462587 0.71056 0.16438 3 2 0
0.460373 0.711013 0.164322 3 2 0
0.458164 0.71146 0.164259 3 2 0
0.455957 0.711907 0.164198 3 2 0
0.453754 0.712357 0.164141 3 2 0
0.451555 0.712802 0.16408 3 2 0
0.449358 0.713246 0.16402 3 2 0
0.447165 0.713694 0.163965 3 2 0
0.444976 0.714136 0.163906 3 2 0
0.44279 0.714577 0.163847 3 2 0
0.440607 0.715022 0.163794 3 2 0
0.438428 0.715462 0.163736 3 2 0
0.436251 0.715901 0.163679 3 2 0
0.434079 0.716343 0.163627 3 2 0
0.431909 0.71678 0.163571 3 2 0
0.429743 0.717217 0.163516 3 2 0
0.427581 0.717656 0.163465 3 2 0
0.425421 0.718091 0.163411 3 2 0
0.423265 0.718525 0.163356 3 2 0
0.421113 0.718962 0.163308 3 2 0
0.418963 0.719394 0.163254 3 2 0
0.416817 0.719825 0.163202 3 2 0
0.414674 0.720259 0.163154 3 2 0
0.412535 0.720689 0.163103 3 2 0
0.410399 0.721119 0.163052 3 2 0
0.408266 0.72155 0.163006 3 2 0
0.406137 0.721977 0.162956 3 2 0
0.404011 0.722404 0.162906 3 2 0
0.401888 0.722833 0.162861 3 2 0
0.399768 0.723258 0.162813 3 2 0
0.397652 0.723682 0.162764 3 2 0
0.395539 0.724108 0.162722 3 2 0
0.39343 0.724531 0.162674 3 2 0
0.391324 0.724953 0.162627 3 2 0
0.389221 0.725376 0.162586 3 2 0
0.387121 0.725797 0.16254 3 2 0
0.385024 0.726216 0.162495 3 2 0
0.382931 0.726637 0.162455 3 2 0
0.380841 0.727055 0.16241 3 2 0
0.378755 0.727472 0.162366 3 2 0
0.376672 0.72789 0.162328 3 2 0
0.374592 0.728306 0.162285 3 2 0
0.372515 0.728721 0.162242 3 2 0
0.370441 0.729136 0.162205 3 2 0
0.368371 0.729549 0.162163 3 2 0
0.366304 0.729962 0.162122 3 2 0
0.36424 0.730375 0.162086 3 2 0
0.36218 0.730786 0.162046 3 2 0
0.360123 0.731196 0.162006 3 2 0
0.358069 0.731606 0.161972 3 2 0
0.356018 0.732015 0.161933 3 2 0
0.353971 0.732423 0.161895 3 2 0
0.351926 0.73283 0.161862 3 2 0
0.349885 0.733236 0.161824 3 2 0
0.347848 0.733642 0.161787 3 2 0
0.345813 0.734047 0.161756 3 2 0
0.343782 0.734451 0.16172 3 2 0
0.341754 0.734854 0.161684 3 2 0
0.339729 0.735256 0.161654 3 2 0
0.337707 0.735658 0.161619 3 2 0
0.335689 0.736059 0.161585 3 2 0
0.333674 0.736459 0.161556 3 2 0
0.331662 0.736858 0.161523 3 2 0
0.329653 0.737257 0.16149 3 2 0
0.327647 0.737654 0.161462 3 2 0
0.325645 0.738051 0.16143 3 2 0
0.323646 0.738447 0.161399 3 2 0
0.32165 0.738842 0.161373 3 2 0
0.319657 0.739237 0.161342 3 2 0
0.317667 0.739631 0.161312 3 2 0
0.315681 0.740022 0.161287 3 2 0
0.313698 0.740415 0.161258 3 2 0
0.311718 0.740807 0.161229 3 2 0
0.309741 0.741196 0.161206 3 2 0
0.307767 0.741586 0.161178 3 2 0
0.305797 0.741976 0.161151 3 2 0
0.303829 0.742362 0.161129 3 2 0
0.301865 0.74275 0.161102 3 2 0
0.299904 0.743137 0.161076 3 2 0
0.297946 0.743521 0.161055 3 2 0
0.295991 0.743907 0.16103 3 2 0
0.29404 0.744292 0.161005 3 2 0
0.292091 0.744672 0.160986 3 2 0
0.290146 0.745056 0.160962 3 2 0
0.288204 0.745439 0.160939 3 2 0
0.286265 0.745817 0.160921 3 2 0
0.284329 0.746198 0.160899 3 2 0
0.282397 0.746579 0.160876 3 2 0
0.280467 0.746954 0.16086 3 2 0
0.278541 0.747333 0.160839 3 2 0
0.276617 0.747711 0.160818 3 2 0
0.274697 0.748083 0.160803 3 2 0
0.27278 0.74846 0.160784 3 2 0
0.270866 0.748836 0.160764 3 2 0
0.268955 0.749204 0.160751 3 2 0
0.267048 0.749579 0.160732 3 2 0
0.265143 0.749953 0.160714 3 2 0
0.263242 0.750318 0.160703 3 2 0
0.261343 0.750691 0.160685 3 2 0
0.259448 0.751062 0.160668 3 2 0
0.257556 0.751424 0.160659 3 2 0
0.255667 0.751794 0.160643 3 2 0
0.253781 0.752164 0.160627 3 2 0
0.251898 0.752521 0.160619 3 2 0
0.250018 0.752889 0.160605 3 2 0
0.248141 0.753256 0.16059 3 2 0
0.246267 0.75361 0.160585 3 2 0
0.244397 0.753975 0.160571 3 2 0
0.242529 0.75434 0.160558 3 2 0
0.240665 0.754688 0.160556 3 2 0
0.238803 0.755051 0.160544 3 2 0
0.236945 0.755414 0.160532 3 2 0
0.23509 0.755755 0.160513 3 2 0
0.233238 0.756116 0.160502 3 2 0
0.231389 0.756477 0.160491 3 2 0
0.229542 0.756807 0.160463 3 2 0
0.227699 0.757166 0.160453 3 2 0
0.225859 0.757525 0.160443 3 2 0
0.224022 0.757837 0.160407 3 2 0
0.222189 0.758194 0.160398 3 2 0
0.220358 0.75855 0.16039 3 2 0
0.21853 0.7588 0.160286 3 2 0
0.216705 0.759154 0.160278 3 2 0
0.214883 0.759508 0.160271 3 2 0
0.213065 0.759931 0.160387 3 2 0
0.211249 0.760283 0.160381 3 2 0
0.209436 0.760635 0.160375 3 2 0
0.207626 0.760964 0.160297 3 2 0
0.20582 0.761314 0.160293 3 2 0
0.204016 0.761664 0.160289 3 2 0
0.202215 0.762083 0.160375 3 2 0
0.200418 0.762431 0.160372 3 2 0
0.198623 0.762778 0.16037 3 2 0
0.196831 0.763167 0.160299 3 2 0
0.195043 0.763513 0.160297 3 2 0
0.193257 0.763857 0.160296 3 2 0
0.191475 0.76425 0.160362 3 2 0
0.189695 0.764593 0.160362 3 2 0
0.187918 0.764935 0.160362 3 2 0
0.186144 0.765296 0.160345 3 2 0
0.184374 0.765637 0.160345 3 2 0
0.182606 0.765977 0.160347 3 2 0
0.180841 0.766308 0.160314 3 2 0
0.179079 0.766647 0.160317 3 2 0
0.177321 0.766985 0.160319 3 2 0
0.175565 0.767341 0.160365 3 2 0
0.173812 0.767678 0.160369 3 2 0
0.172062 0.768013 0.160373 3 2 0
0.170315 0.768355 0.160372 3 2 0
0.168571 0.768689 0.160377 3 2 0
0.16683 0.769022 0.160382 3 2 0
0.165092 0.769344 0.160343 3 2 0
0.163357 0.769676 0.160349 3 2 0
0.161624 0.770007 0.160355 3 2 0
0.159895 0.770358 0.160398 3 2 0
0.158169 0.770687 0.160403 3 2 0
0.156445 0.771016 0.160409 3 2 0
0.154725 0.771333 0.160362 3 2 0
0.153007 0.77166 0.16037 3 2 0
0.151292 0.771986 0.160379 3 2 0
0.149581 0.772329 0.160392 3 2 0
0.147872 0.772654 0.1604 3 2 0
0.146166 0.772978 0.160408 3 2 0
0.144463 0.773301 0.160425 3 2 0
0.142763 0.773624 0.160436 3 2 0
0.141066 0.773945 0.160447 3 2 0
0.139372 0.774239 0.160391 3 2 0
0.13768 0.774559 0.160403 3 2 0
0.135992 0.774879 0.160416 3 2 0
0.134306 0.775209 0.160518 3 2 0
0.132624 0.775527 0.160531 3 2 0
0.130944 0.775844 0.160546 3 2 0
0.129267 0.776159 0.16051 3 2 0
0.127593 0.776475 0.160525 3 2 0
0.125922 0.77679 0.160541 3 2 0
0.124254 0.777094 0.160525 3 2 0
0.122589 0.777408 0.160541 3 2 0
0.120926 0.77772 0.160558 3 2 0
0.119267 0.778039 0.160584 3 2 0
0.11761 0.77835 0.160602 3 2 0
0.115956 0.778661 0.16062 3 2 0
0.114305 0.778974 0.160639 3 2 0
0.112657 0.779282 0.160658 3 2 0
0.111012 0.77959 0.160677 3 2 0
0.10937 0.779895 0.16067 3 2 0
0.10773 0.780201 0.160691 3 2 0
0.106094 0.780507 0.160711 3 2 0
0.10446 0.780814 0.160739 3 2 0
0.102829 0.781118 0.160761 3 2 0
0.101201 0.781421 0.160783 3 2 0
0.0995754 0.781726 0.160781 3 2 0
0.097953 0.782028 0.160804 3 2 0
0.0963335 0.782329 0.160827 3 2 0
0.0947167 0.782628 0.160836 3 2 0
0.0931029 0.782928 0.16086 3 2 0
0.0914918 0.783226 0.160885 3 2 0
0.0898836 0.783524 0.160897 3 2 0
0.0882782 0.783821 0.160922 3 2 0
0.0866756 0.784117 0.160948 3 2 0
0.0850758 0.784414 0.160965 3 2 0
0.0834789 0.784708 0.160992 3 2 0
0.0818848 0.785002 0.161019 3 2 0
0.0802935 0.785297 0.161038 3 2 0
0.078705 0.785589 0.161066 3 2 0
0.0771193 0.78588 0.161095 3 2 0
0.0755364 0.786173 0.161118 3 2 0
0.0739564 0.786463 0.161147 3 2 0
0.0723791 0.786752 0.161177 3 2 0
0.0708047 0.787043 0.161205 3 2 0
0.069233 0.78733 0.161236 3 2 0
0.0676641 0.787616 0.161268 3 2 0
0.0660981 0.787904 0.161353 3 2 0
0.0645348 0.788188 0.161385 3 2 0
0.0629743 0.788472 0.161419 3 2 0
0.0614166 0.788755 0.16134 3 2 0
0.0598617 0.789037 0.161374 3 2 0
0.0583096 0.789318 0.161408 3 2 0
0.0567603 0.789601 0.161508 3 2 0
0.0552137 0.78988 0.161543 3 2 0
0.0536699 0.790159 0.161579 3 2 0
0.0521289 0.790436 0.161529 3 2 0
0.0505907 0.790713 0.161566 3 2 0
0.0490552 0.79099 0.161602 3 2 0
0.0475225 0.791264 0.161647 3 2 0
0.0459926 0.791539 0.161684 3 2 0
0.0444654 0.791813 0.161722 3 2 0
0.042941 0.792087 0.161738 3 2 0
0.0414194 0.792359 0.161776 3 2 0
0.0399005 0.792631 0.161816 3 2 0
0.0383844 0.792902 0.161849 3 2 0
0.036871 0.793171 0.161889 3 2 0
0.0353604 0.79344 0.16193 3 2 0
0.0338525 0.793699 0.161957 3 2 0
0.0323474 0.793966 0.161998 3 2 0
0.0308451 0.794232 0.162039 3 2 0
0.0293455 0.794506 0.162117 3 2 0
0.0278486 0.79477 0.162161 3 2 0
0.0263545 0.795034 0.162205 3 2 0
0.0248631 0.795294 0.162213 3 2 0
0.0233744 0.795556 0.162257 3 2 0
0.0218885 0.795817 0.162302 3 2 0
0.0204053 0.796079 0.162383 3 2 0
0.0189249 0.796338 0.16243 3 2 0
0.0174472 0.796596 0.162477 3 2 0
0.0159722 0.796843 0.162483 3 2 0
0.0144999 0.797099 0.16253 3 2 0
0.0130304 0.797355 0.162578 3 2 0
0.0115636 0.797618 0.162675 3 2 0
0.0100995 0.797872 0.162725 3 2 0
0.00863816 0.798125 0.162775 3 2 0
0.00717953 0.798368 0.162815 3 2 0
0.00572361 0.798619 0.162865 3 2 0
0.00427042 0.798869 0.162914 3 2 0
0.00281994 0.79913 0.162966 3 2 0
0.00137218 0.799378 0.163019 3 2 0
-7.28737e-05 0.799625 0.163073 3 2 0
2 0.328524 0.328524 2 1 0
2.00427 0.328334 0.328334 1 1 0
2.00855 0.328145 0.328145 1 1 0
2.01283 0.327955 0.327955 1 1 0
2.01711 0.327765 0.327765 1 1 0
2.02141 0.327575 0.327575 1 1 0
2.02571 0.327385 0.327385 1 1 0
2.03001 0.327196 0.327196 1 1 0
2.03432 0.327006 0.327006 1 1 0
2.03863 0.326816 0.326816 1 1 0
2.04296 0.326626 0.326626 1 1 0
2.04728 0.326436 0.326436 1 1 0
2.05162 0.326245 0.326245 1 1 0
2.05595 0.326055 0.326055 1 1 0
2.0603 0.325865 0.325865 1 1 0
2.06465 0.325675 0.325675 1 1 0
2.069 0.325484 0.325484 1 1 0
2.07336 0.325294 0.325294 1 1 0
2.07773 0.325104 0.325104 1 1 0
2.0821 0.324913 0.324913 1 1 0
2.08648 0.324723 0.324723 1 1 0
2.09087 0.324532 0.324532 1 1 0
2.09526 0.324342 0.324342 1 1 0
2.09965 0.324151 0.324151 1 1 0
2.10405 0.32396 0.32396 1 1 0
2.10846 0.323769 0.323769 1 1 0
2.11288 0.323579 0.323579 1 1 0
2.11729 0.323388 0.323388 1 1 0
2.12172 0.323197 0.323197 1 1 0
2.12615 0.323006 0.323006 1 1 0
2.13059 0.322815 0.322815 1 1 0
2.13503 0.322624 0.322624 1 1 0
2.13947 0.322433 0.322433 1 1 0
2.14393 0.322242 0.322242 1 1 0
2.14839 0.32205 0.32205 1 1 0
2.15285 0.321859 0.321859 1 1 0
2.15732 0.321668 0.321668 1 1 0
2.1618 0.321477 0.321477 1 1 0
2.16628 0.321285 0.321285 1 1 0
2.17077 0.321094 0.321094 1 1 0
2.17527 0.320902 0.320902 1 1 0
2.17977 0.320711 0.320711 1 1 0
2.18427 0.320519 0.320519 1 1 0
2.18878 0.320328 0.320328 1 1 0
2.1933 0.320136 0.320136 1 1 0
2.19782 0.319944 0.319944 1 1 0
2.20235 0.319753 0.319753 1 1 0
2.20689 0.319561 0.319561 1 1 0
2.21143 0.319369 0.319369 1 1 0
2.21597 0.319177 0.319177 1 1 0
2.22053 0.318985 0.318985 1 1 0
2.22509 0.318793 0.318793 1 1 0
2.22965 0.318601 0.318601 1 1 0
2.23422 0.318409 0.318409 1 1 0
2.23879 0.318217 0.318217 1 1 0
2.24338 0.318025 0.318025 1 1 0
2.24796 0.317833 0.317833 1 1 0
2.25256 0.317641 0.317641 1 1 0
2.25716 0.317448 0.317448 1 1 0
2.26176 0.317256 0.317256 1 1 0
2.26637 0.317064 0.317064 1 1 0
2.27099 0.316871 0.316871 1 1 0
2.27561 0.316679 0.316679 1 1 0
2.28024 0.316486 0.316486 1 1 0
2.28488 0.316294 0.316294 1 1 0
2.28952 0.316101 0.316101 1 1 0
2.29416 0.315909 0.315909 1 1 0
2.29881 0.315716 0.315716 1 1 0
2.30347 0.315523 0.315523 1 1 0
2.30814 0.315331 0.315331 1 1 0
2.31281 0.315138 0.315138 1 1 0
2.31748 0.314945 0.314945 1 1 0
2.32216 0.314752 0.314752 1 1 0
2.32685 0.314559 0.314559 1 1 0
2.33154 0.314366 0.314366 1 1 0
2.33624 0.314173 0.314173 1 1 0
2.34095 0.31398 0.31398 1 1 0
2.34566 0.313787 0.313787 1 1 0
2.35038 0.313594 0.313594 1 1 0
2.3551 0.313401 0.313401 1 1 0
2.35983 0.313208 0.313208 1 1 0
2.36456 0.313015 0.313015 1 1 0
2.3693 0.312821 0.312821 1 1 0
2.37405 0.312628 0.312628 1 1 0
2.3788 0.312435 0.312435 1 1 0
2.38356 0.312241 0.312241 1 1 0
2.38833 0.312048 0.312048 1 1 0
2.3931 0.311854 0.311854 1 1 0
2.39787 0.311661 0.311661 1 1 0
2.40266 0.311467 0.311467 1 1 0
2.40745 0.311274 0.311274 1 1 0
2.41224 0.31108 0.31108 1 1 0
2.41704 0.310886 0.310886 1 1 0
2.42185 0.310693 0.310693 1 1 0
2.42666 0.310499 0.310499 1 1 0
2.43148 0.310305 0.310305 1 1 0
2.4363 0.310111 0.310111 1 1 0
2.44113 0.309917 0.309917 1 1 0
2.44597 0.309723 0.309723 1 1 0
2.45081 0.30953 0.30953 1 1 0
2.45566 0.309336 0.309336 1 1 0
2.46051 0.309141 0.309141 1 1 0
2.46537 0.308947 0.308947 1 1 0
2.47024 0.308753 0.308753 1 1 0
2.47511 0.308559 0.308559 1 1 0
2.47999 0.308365 0.308365 1 1 0
2.48487 0.308171 0.308171 1 1 0
2.48976 0.307977 0.307977 1 1 0
2.49466 0.307782 0.307782 1 1 0
2.49956 0.307588 0.307588 1 1 0
2.50447 0.307394 0.307394 1 1 0
2.50938 0.307199 0.307199 1 1 0
2.5143 0.307005 0.307005 1 1 0
2.51923 0.30681 0.30681 1 1 0
2.52416 0.306616 0.306616 1 1 0
2.5291 0.306421 0.306421 1 1 0
2.53404 0.306227 0.306227 1 1 0
2.53899 0.306032 0.306032 1 1 0
2.54395 0.305837 0.305837 1 1 0
2.54891 0.305643 0.305643 1 1 0
2.55388 0.305448 0.305448 1 1 0
2.55885 0.305253 0.305253 1 1 0
2.56383 0.305058 0.305058 1 1 0
2.56882 0.304864 0.304864 1 1 0
2.57381 0.304669 0.304669 1 1 0
2.57881 0.304474 0.304474 1 1 0
2.58381 0.304279 0.304279 1 1 0
2.58882 0.304084 0.304084 1 1 0
2.59384 0.303889 0.303889 1 1 0
2.59886 0.303694 0.303694 1 1 0
2.60389 0.303499 0.303499 1 1 0
2.60893 0.303304 0.303304 1 1 0
2.61397 0.303109 0.303109 1 1 0
2.61901 0.302914 0.302914 1 1 0
2.62407 0.302718 0.302718 1 1 0
2.62913 0.302523 0.302523 1 1 0
2.63419 0.302328 0.302328 1 1 0
2.63926 0.302133 0.302133 1 1 0
2.64434 0.301937 0.301937 1 1 0
2.64942 0.301742 0.301742 1 1 0
2.65451 0.301546 0.301546 1 1 0
2.65961 0.301351 0.301351 1 1 0
2.66471 0.301156 0.301156 1 1 0
2.66982 0.30096 0.30096 1 1 0
2.67493 0.300765 0.300765 1 1 0
2.68005 0.300569 0.300569 1 1 0
2.68518 0.300373 0.300373 1 1 0
2.69031 0.300178 0.300178 1 1 0
2.69545 0.299982 0.299982 1 1 0
2.70059 0.299787 0.299787 1 1 0
2.70574 0.299591 0.299591 1 1 0
2.7109 0.299395 0.299395 1 1 0
2.71606 0.299199 0.299199 1 1 0
2.72123 0.299004 0.299004 1 1 0
2.7264 0.298808 0.298808 1 1 0
2.73158 0.298612 0.298612 1 1 0
2.73677 0.298416 0.298416 1 1 0
2.74196 0.29822 0.29822 1 1 0
2.74716 0.298024 0.298024 1 1 0
2.75237 0.297828 0.297828 1 1 0
2.75758 0.297632 0.297632 1 1 0
2.7628 0.297436 0.297436 1 1 0
2.76802 0.29724 0.29724 1 1 0
2.77325 0.297044 0.297044 1 1 0
2.77848 0.296848 0.296848 1 1 0
2.78373 0.296652 0.296652 1 1 0
2.78897 0.296456 0.296456 1 1 0
2.79423 0.29626 0.29626 1 1 0
2.79949 0.296063 0.296063 1 1 0
2.80476 0.295867 0.295867 1 1 0
2.81003 0.295671 0.295671 1 1 0
2.81531 0.295475 0.295475 1 1 0
2.82059 0.295278 0.295278 1 1 0
2.82588 0.295082 0.295082 1 1 0
2.83118 0.294885 0.294885 1 1 0
2.83648 0.294689 0.294689 1 1 0
2.84179 0.294493 0.294493 1 1 0
2.84711 0.294296 0.294296 1 1 0
2.85243 0.2941 0.2941 1 1 0
2.85776 0.293903 0.293903 1 1 0
2.86309 0.293707 0.293707 1 1 0
2.86843 0.29351 0.29351 1 1 0
2.87378 0.293314 0.293314 1 1 0
2.87913 0.293117 0.293117 1 1 0
2.88449 0.29292 0.29292 1 1 0
2.88986 0.292724 0.292724 1 1 0
2.89523 0.292527 0.292527 1 1 0
2.9006 0.29233 0.29233 1 1 0
2.90599 0.292134 0.292134 1 1 0
2.91138 0.291937 0.291937 1 1 0
2.91677 0.29174 0.29174 1 1 0
2.92217 0.291543 0.291543 1 1 0
2.92758 0.291347 0.291347 1 1 0
2.933 0.29115 0.29115 1 1 0
2.93842 0.290953 0.290953 1 1 0
2.94384 0.290756 0.290756 1 1 0
2.94928 0.290559 0.290559 1 1 0
2.95472 0.290362 0.290362 1 1 0
2.96016 0.290165 0.290165 1 1 0
2.96561 0.289968 0.289968 1 1 0
2.97107 0.289771 0.289771 1 1 0
2.97653 0.289574 0.289574 1 1 0
2.982 0.289377 0.289377 1 1 0
2.98748 0.28918 0.28918 1 1 0
2.99296 0.288983 0.288983 1 1 0
2.99845 0.288786 0.288786 1 1 0
3.00395 0.288589 0.288589 1 1 0
3.00945 0.288392 0.288392 1 1 0
3.01495 0.288195 0.288195 1 1 0
3.02047 0.287998 0.287998 1 1 0
3.02599 0.287801 0.287801 1 1 0
3.03151 0.287603 0.287603 1 1 0
3.03705 0.287406 0.287406 1 1 0
3.04258 0.287209 0.287209 1 1 0
3.04813 0.287012 0.287012 1 1 0
3.05368 0.286814 0.286814 1 1 0
3.05924 0.286617 0.286617 1 1 0
3.0648 0.28642 0.28642 1 1 0
3.07037 0.286223 0.286223 1 1 0
3.07594 0.286025 0.286025 1 1 0
3.08153 0.285828 0.285828 1 1 0
3.08711 0.28563 0.28563 1 1 0
3.09271 0.285433 0.285433 1 1 0
3.09831 0.285236 0.285236 1 1 0
3.10392 0.285038 0.285038 1 1 0
3.10953 0.284841 0.284841 1 1 0
3.11515 0.284643 0.284643 1 1 0
3.12077 0.284446 0.284446 1 1 0
3.1264 0.284249 0.284249 1 1 0
3.13204 0.284051 0.284051 1 1 0
3.13769 0.283854 0.283854 1 1 0
3.14334 0.283656 0.283656 1 1 0
3.14899 0.283459 0.283459 1 1 0
3.15466 0.283261 0.283261 1 1 0
3.16033 0.283063 0.283063 1 1 0
3.166 0.282866 0.282866 1 1 0
3.17168 0.282668 0.282668 1 1 0
3.17737 0.282471 0.282471 1 1 0
3.18306 0.282273 0.282273 1 1 0
3.18876 0.282075 0.282075 1 1 0
3.19447 0.281878 0.281878 1 1 0
3.20018 0.28168 0.28168 1 1 0
3.2059 0.281483 0.281483 1 1 0
3.21163 0.281285 0.281285 1 1 0
3.21736 0.281087 0.281087 1 1 0
3.2231 0.28089 0.28089 1 1 0
3.22884 0.280692 0.280692 1 1 0
3.23459 0.280494 0.280494 1 1 0
3.24035 0.280296 0.280296 1 1 0
3.24611 0.280099 0.280099 1 1 0
3.25188 0.279901 0.279901 1 1 0
3.25766 0.279703 0.279703 1 1 0
3.26344 0.279505 0.279505 1 1 0
3.26923 0.279308 0.279308 1 1 0
3.27502 0.27911 0.27911 1 1 0
3.28082 0.278912 0.278912 1 1 0
3.28663 0.278714 0.278714 1 1 0
3.29244 0.278517 0.278517 1 1 0
3.29826 0.278319 0.278319 1 1 0
3.30409 0.278121 0.278121 1 1 0
3.30992 0.277923 0.277923 1 1 0
3.31576 0.277725 0.277725 1 1 0
3.3216 0.277527 0.277527 1 1 0
3.32745 0.27733 0.27733 1 1 0
3.33331 0.277132 0.277132 1 1 0
3.33917 0.276934 0.276934 1 1 0
3.34504 0.276736 0.276736 1 1 0
3.35092 0.276538 0.276538 1 1 0
3.3568 0.27634 0.27634 1 1 0
3.36269 0.276142 0.276142 1 1 0
3.36858 0.275945 0.275945 1 1 0
3.37448 0.275747 0.275747 1 1 0
3.38039 0.275549 0.275549 1 1 0
3.3863 0.275351 0.275351 1 1 0
3.39222 0.275153 0.275153 1 1 0
3.39815 0.274955 0.274955 1 1 0
3.40408 0.274757 0.274757 1 1 0
3.41002 0.274559 0.274559 1 1 0
3.41596 0.274361 0.274361 1 1 0
3.42192 0.274164 0.274164 1 1 0
3.42787 0.273966 0.273966 1 1 0
3.43384 0.273768 0.273768 1 1 0
3.43981 0.27357 0.27357 1 1 0
3.44578 0.273372 0.273372 1 1 0
3.45177 0.273174 0.273174 1 1 0
3.45775 0.272976 0.272976 1 1 0
3.46375 0.272778 0.272778 1 1 0
3.46975 0.27258 0.27258 1 1 0
3.47576 0.272382 0.272382 1 1 0
3.48177 0.272184 0.272184 1 1 0
3.48779 0.271987 0.271987 1 1 0
3.49382 0.271789 0.271789 1 1 0
3.49985 0.271591 0.271591 1 1 0
3.50589 0.271393 0.271393 1 1 0
3.51194 0.271195 0.271195 1 1 0
3.51799 0.270997 0.270997 1 1 0
3.52405 0.270799 0.270799 1 1 0
3.53011 0.270601 0.270601 1 1 0
3.53618 0.270403 0.270403 1 1 0
3.54226 0.270205 0.270205 1 1 0
3.54834 0.270008 0.270008 1 1 0
3.55443 0.26981 0.26981 1 1 0
3.56053 0.269612 0.269612 1 1 0
3.56663 0.269414 0.269414 1 1 0
3.57274 0.269216 0.269216 1 1 0
3.57886 0.269018 0.269018 1 1 0
3.58498 0.26882 0.26882 1 1 0
3.59111 0.268622 0.268622 1 1 0
3.59724 0.268425 0.268425 1 1 0
3.60338 0.268227 0.268227 1 1 0
3.60953 0.268029 0.268029 1 1 0
3.61568 0.267831 0.267831 1 1 0
3.62184 0.267633 0.267633 1 1 0
3.628 0.267435 0.267435 1 1 0
3.63417 0.267238 0.267238 1 1 0
3.64035 0.26704 0.26704 1 1 0
3.64654 0.266842 0.266842 1 1 0
3.65273 0.266644 0.266644 1 1 0
3.65892 0.266446 0.266446 1 1 0
3.66513 0.266249 0.266249 1 1 0
3.67134 0.266051 0.266051 1 1 0
3.67755 0.265853 0.265853 1 1 0
3.68378 0.265655 0.265655 1 1 0
3.69 0.265458 0.265458 1 1 0
3.69624 0.26526 0.26526 1 1 0
3.70248 0.265062 0.265062 1 1 0
3.70873 0.264864 0.264864 1 1 0
3.71498 0.264667 0.264667 1 1 0
3.72124 0.264469 0.264469 1 1 0
3.72751 0.264271 0.264271 1 1 0
3.73378 0.264074 0.264074 1 1 0
3.74006 0.263876 0.263876 1 1 0
3.74634 0.263678 0.263678 1 1 0
3.75264 0.263481 0.263481 1 1 0
3.75893 0.263283 0.263283 1 1 0
3.76524 0.263086 0.263086 1 1 0
3.77155 0.262888 0.262888 1 1 0
3.77786 0.26269 0.26269 1 1 0
3.78419 0.262493 0.262493 1 1 0
3.79052 0.262295 0.262295 1 1 0
3.79685 0.262098 0.262098 1 1 0
3.8032 0.2619 0.2619 1 1 0
3.80954 0.261703 0.261703 1 1 0
3.8159 0.261505 0.261505 1 1 0
3.82226 0.261308 0.261308 1 1 0
3.82863 0.26111 0.26111 1 1 0
3.835 0.260913 0.260913 1 1 0
3.84138 0.260716 0.260716 1 1 0
3.84777 0.260518 0.260518 1 1 0
3.85416 0.260321 0.260321 1 1 0
3.86056 0.260124 0.260124 1 1 0
3.86696 0.259926 0.259926 1 1 0
3.87337 0.259729 0.259729 1 1 0
3.87979 0.259532 0.259532 1 1 0
3.88622 0.259334 0.259334 1 1 0
3.89265 0.259137 0.259137 1 1 0
3.89908 0.25894 0.25894 1 1 0
3.90553 0.258743 0.258743 1 1 0
3.91197 0.258545 0.258545 1 1 0
3.91843 0.258348 0.258348 1 1 0
3.92489 0.258151 0.258151 1 1 0
3.93136 0.257954 0.257954 1 1 0
3.93783 0.257757 0.257757 1 1 0
3.94432 0.25756 0.25756 1 1 0
3.9508 0.257363 0.257363 1 1 0
3.9573 0.257166 0.257166 1 1 0
3.9638 0.256969 0.256969 1 1 0
3.9703 0.256772 0.256772 1 1 0
3.97681 0.256575 0.256575 1 1 0
3.98333 0.256378 0.256378 1 1 0
3.98986 0.256181 0.256181 1 1 0
3.99639 0.255984 0.255984 1 1 0
4.00293 0.255787 0.255787 1 1 0
