0 0.0953211 0.0953211 2 1 0
0.000145908 0.0953778 0.0953778 1 1 0
0.000293191 0.0954356 0.0954356 1 1 0
0.000440208 0.0954934 0.0954934 1 1 0
0.000586961 0.0955513 0.0955513 1 1 0
0.000733452 0.0956093 0.0956093 1 1 0
0.000879685 0.0956673 0.0956673 1 1 0
0.00102566 0.0957254 0.0957254 1 1 0
0.00117139 0.0957836 0.0957836 1 1 0
0.00131686 0.0958419 0.0958419 1 1 0
0.00146209 0.0959002 0.0959002 1 1 0
0.00160707 0.0959586 0.0959586 1 1 0
0.00175181 0.0960171 0.0960171 1 1 0
0.00189631 0.0960756 0.0960756 1 1 0
0.00204057 0.0961343 0.0961343 1 1 0
0.0021846 0.0961929 0.0961929 1 1 0
0.0023284 0.0962517 0.0962517 1 1 0
0.00247197 0.0963105 0.0963105 1 1 0
0.00261531 0.0963694 0.0963694 1 1 0
0.00275843 0.0964284 0.0964284 1 1 0
0.00290132 0.0964875 0.0964875 1 1 0
0.00304399 0.0965466 0.0965466 1 1 0
0.00318645 0.0966058 0.0966058 1 1 0
0.00332869 0.0966651 0.0966651 1 1 0
0.00347072 0.0967244 0.0967244 1 1 0
0.00361254 0.0967838 0.0967838 1 1 0
0.00375414 0.0968433 0.0968433 1 1 0
0.00389554 0.0969029 0.0969029 1 1 0
0.00403674 0.0969625 0.0969625 1 1 0
0.00417774 0.0970222 0.0970222 1 1 0
0.00431853 0.097082 0.097082 1 1 0
0.00445913 0.0971419 0.0971419 1 1 0
0.00459953 0.0972018 0.0972018 1 1 0
0.00473974 0.0972618 0.0972618 1 1 0
0.00487975 0.0973219 0.0973219 1 1 0
0.00501957 0.097382 0.097382 1 1 0
0.00515921 0.0974422 0.0974422 1 1 0
0.00529866 0.0975025 0.0975025 1 1 0
0.00543793 0.0975629 0.0975629 1 1 0
0.00557701 0.0976233 0.0976233 1 1 0
0.00571591 0.0976839 0.0976839 1 1 0
0.00585464 0.0977445 0.0977445 1 1 0
0.00599318 0.0978051 0.0978051 1 1 0
0.00613156 0.0978659 0.0978659 1 1 0
0.00626975 0.0979267 0.0979267 1 1 0
0.00640778 0.0979876 0.0979876 1 1 0
0.00654564 0.0980485 0.0980485 1 1 0
0.00668333 0.0981096 0.0981096 1 1 0
0.00682085 0.0981707 0.0981707 1 1 0
0.00695821 0.0982319 0.0982319 1 1 0
0.00709541 0.0982932 0.0982932 1 1 0
0.00723244 0.0983545 0.0983545 1 1 0
0.00736932 0.0984159 0.0984159 1 1 0
0.00750603 0.0984774 0.0984774 1 1 0
0.0076426 0.098539 0.098539 1 1 0
0.007779 0.0986006 0.0986006 1 1 0
0.00791525 0.0986623 0.0986623 1 1 0
0.00805136 0.0987241 0.0987241 1 1 0
0.00818731 0.098786 0.098786 1 1 0
0.00832311 0.098848 0.098848 1 1 0
0.00845876 0.09891 0.09891 1 1 0
0.00859427 0.0989721 0.0989721 1 1 0
0.00872964 0.0990343 0.0990343 1 1 0
0.00886486 0.0990965 0.0990965 1 1 0
0.00899995 0.0991588 0.0991588 1 1 0
0.00913489 0.0992213 0.0992213 1 1 0
0.00926969 0.0992837 0.0992837 1 1 0
0.00940436 0.0993463 0.0993463 1 1 0
0.00953889 0.0994089 0.0994089 1 1 0
0.00967329 0.0994716 0.0994716 1 1 0
0.00980756 0.0995344 0.0995344 1 1 0
0.00994169 0.0995973 0.0995973 1 1 0
0.0100757 0.0996603 0.0996603 1 1 0
0.0102096 0.0997233 0.0997233 1 1 0
0.0103433 0.0997864 0.0997864 1 1 0
0.0104769 0.0998496 0.0998496 1 1 0
0.0106104 0.0999128 0.0999128 1 1 0
0.0107438 0.0999762 0.0999762 1 1 0
0.0108771 0.10004 0.10004 1 1 0
0.0110102 0.100103 0.100103 1 1 0
0.0111432 0.100167 0.100167 1 1 0
0.0112761 0.10023 0.10023 1 1 0
0.0114089 0.100294 0.100294 1 1 0
0.0115416 0.100358 0.100358 1 1 0
0.0116741 0.100422 0.100422 1 1 0
0.0118065 0.100486 0.100486 1 1 0
0.0119389 0.10055 0.10055 1 1 0
0.0120711 0.100614 0.100614 1 1 0
0.0122032 0.100678 0.100678 1 1 0
0.0123352 0.100742 0.100742 1 1 0
0.0124671 0.100807 0.100807 1 1 0
0.0125988 0.100871 0.100871 1 1 0
0.0127305 0.100936 0.100936 1 1 0
0.0128621 0.101 0.101 1 1 0
0.0129936 0.101065 0.101065 1 1 0
0.0131249 0.10113 0.10113 1 1 0
0.0132562 0.101194 0.101194 1 1 0
0.0133874 0.101259 0.101259 1 1 0
0.0135184 0.101324 0.101324 1 1 0
0.0136494 0.101389 0.101389 1 1 0
0.0137803 0.101455 0.101455 1 1 0
0.0139111 0.10152 0.10152 1 1 0
0.0140418 0.101585 0.101585 1 1 0
0.0141723 0.101651 0.101651 1 1 0
0.0143029 0.101716 0.101716 1 1 0
0.0144333 0.101782 0.101782 1 1 0
0.0145636 0.101847 0.101847 1 1 0
0.0146938 0.101913 0.101913 1 1 0
0.014824 0.101979 0.101979 1 1 0
0.014954 0.102045 0.102045 1 1 0
0.015084 0.102111 0.102111 1 1 0
0.0152139 0.102177 0.102177 1 1 0
0.0153437 0.102243 0.102243 1 1 0
0.0154734 0.102309 0.102309 1 1 0
0.0156031 0.102375 0.102375 1 1 0
0.0157327 0.102442 0.102442 1 1 0
0.0158621 0.102508 0.102508 1 1 0
0.0159915 0.102575 0.102575 1 1 0
0.0161209 0.102641 0.102641 1 1 0
0.0162501 0.102708 0.102708 1 1 0
0.0163793 0.102775 0.102775 1 1 0
0.0165084 0.102842 0.102842 1 1 0
0.0166374 0.102909 0.102909 1 1 0
0.0167664 0.102976 0.102976 1 1 0
0.0168953 0.103043 0.103043 1 1 0
0.0170241 0.10311 0.10311 1 1 0
0.0171528 0.103177 0.103177 1 1 0
0.0172815 0.103245 0.103245 1 1 0
0.0174101 0.103312 0.103312 1 1 0
0.0175386 0.10338 0.10338 1 1 0
0.0176671 0.103447 0.103447 1 1 0
0.0177955 0.103515 0.103515 1 1 0
0.0179239 0.103583 0.103583 1 1 0
0.0180521 0.10365 0.10365 1 1 0
0.0181804 0.103718 0.103718 1 1 0
0.0183085 0.103786 0.103786 1 1 0
0.0184366 0.103855 0.103855 1 1 0
0.0185646 0.103923 0.103923 1 1 0
0.0186926 0.103991 0.103991 1 1 0
0.0188205 0.104059 0.104059 1 1 0
0.0189484 0.104128 0.104128 1 1 0
0.0190762 0.104196 0.104196 1 1 0
0.0192039 0.104265 0.104265 1 1 0
0.0193316 0.104334 0.104334 1 1 0
0.0194592 0.104403 0.104403 1 1 0
0.0195868 0.104471 0.104471 1 1 0
0.0197143 0.10454 0.10454 1 1 0
0.0198418 0.104609 0.104609 1 1 0
0.0199693 0.104679 0.104679 1 1 0
0.0200966 0.104748 0.104748 1 1 0
0.020224 0.104817 0.104817 1 1 0
0.0203512 0.104887 0.104887 1 1 0
0.0204785 0.104956 0.104956 1 1 0
0.0206057 0.105026 0.105026 1 1 0
0.0207328 0.105095 0.105095 1 1 0
0.0208599 0.105165 0.105165 1 1 0
0.0209869 0.105235 0.105235 1 1 0
0.0211139 0.105305 0.105305 1 1 0
0.0212409 0.105375 0.105375 1 1 0
0.0213678 0.105445 0.105445 1 1 0
0.0214947 0.105515 0.105515 1 1 0
0.0216215 0.105585 0.105585 1 1 0
0.0217483 0.105656 0.105656 1 1 0
0.0218751 0.105726 0.105726 1 1 0
0.0220018 0.105797 0.105797 1 1 0
0.0221285 0.105867 0.105867 1 1 0
0.0222552 0.105938 0.105938 1 1 0
0.0223818 0.106009 0.106009 1 1 0
0.0225083 0.106079 0.106079 1 1 0
0.0226349 0.10615 0.10615 1 1 0
0.0227614 0.106221 0.106221 1 1 0
0.0228879 0.106293 0.106293 1 1 0
0.0230143 0.106364 0.106364 1 1 0
0.0231407 0.106435 0.106435 1 1 0
0.0232671 0.106507 0.106507 1 1 0
0.0233935 0.106578 0.106578 1 1 0
0.0235198 0.10665 0.10665 1 1 0
0.0236461 0.106721 0.106721 1 1 0
0.0237724 0.106793 0.106793 1 1 0
0.0238986 0.106865 0.106865 1 1 0
0.0240248 0.106937 0.106937 1 1 0
0.024151 0.107009 0.107009 1 1 0
0.0242772 0.107081 0.107081 1 1 0
0.0244033 0.107153 0.107153 1 1 0
0.0245294 0.107225 0.107225 1 1 0
0.0246555 0.107298 0.107298 1 1 0
0.0247816 0.10737 0.10737 1 1 0
0.0249076 0.107443 0.107443 1 1 0
0.0250337 0.107516 0.107516 1 1 0
0.0251597 0.107588 0.107588 1 1 0
0.0252857 0.107661 0.107661 1 1 0
0.0254117 0.107734 0.107734 1 1 0
0.0255376 0.107807 0.107807 1 1 0
0.0256635 0.10788 0.10788 1 1 0
0.0257895 0.107953 0.107953 1 1 0
0.0259154 0.108027 0.108027 1 1 0
0.0260413 0.1081 0.1081 1 1 0
0.0261672 0.108174 0.108174 1 1 0
0.026293 0.108247 0.108247 1 1 0
0.0264189 0.108321 0.108321 1 1 0
0.0265447 0.108394 0.108394 1 1 0
0.0266706 0.108468 0.108468 1 1 0
0.0267964 0.108542 0.108542 1 1 0
0.0269222 0.108616 0.108616 1 1 0
0.027048 0.10869 0.10869 1 1 0
0.0271738 0.108765 0.108765 1 1 0
0.0272996 0.108839 0.108839 1 1 0
0.0274253 0.108913 0.108913 1 1 0
0.0275511 0.108988 0.108988 1 1 0
0.0276769 0.109062 0.109062 1 1 0
0.0278026 0.109137 0.109137 1 1 0
0.0279284 0.109212 0.109212 1 1 0
0.0280541 0.109287 0.109287 1 1 0
0.0281799 0.109362 0.109362 1 1 0
0.0283056 0.109437 0.109437 1 1 0
0.0284314 0.109512 0.109512 1 1 0
0.0285571 0.109587 0.109587 1 1 0
0.0286829 0.109662 0.109662 1 1 0
0.0288086 0.109738 0.109738 1 1 0
0.0289344 0.109813 0.109813 1 1 0
0.0290601 0.109889 0.109889 1 1 0
0.0291859 0.109964 0.109964 1 1 0
0.0293116 0.11004 0.11004 1 1 0
0.0294374 0.110116 0.110116 1 1 0
0.0295631 0.110192 0.110192 1 1 0
0.0296889 0.110268 0.110268 1 1 0
0.0298147 0.110344 0.110344 1 1 0
0.0299404 0.110421 0.110421 1 1 0
0.0300662 0.110497 0.110497 1 1 0
0.030192 0.110573 0.110573 1 1 0
0.0303178 0.11065 0.11065 1 1 0
0.0304436 0.110727 0.110727 1 1 0
0.0305694 0.110803 0.110803 1 1 0
0.0306953 0.11088 0.11088 1 1 0
0.0308211 0.110957 0.110957 1 1 0
0.0309469 0.111034 0.111034 1 1 0
0.0310728 0.111111 0.111111 1 1 0
0.0311987 0.111189 0.111189 1 1 0
0.0313246 0.111266 0.111266 1 1 0
0.0314505 0.111343 0.111343 1 1 0
0.0315764 0.111421 0.111421 1 1 0
0.0317023 0.111498 0.111498 1 1 0
0.0318283 0.111576 0.111576 1 1 0
0.0319542 0.111654 0.111654 1 1 0
0.0320802 0.111732 0.111732 1 1 0
0.0322062 0.11181 0.11181 1 1 0
0.0323322 0.111888 0.111888 1 1 0
0.0324583 0.111966 0.111966 1 1 0
0.0325843 0.112044 0.112044 1 1 0
0.0327104 0.112123 0.112123 1 1 0
0.0328365 0.112201 0.112201 1 1 0
0.0329626 0.11228 0.11228 1 1 0
0.0330888 0.112359 0.112359 1 1 0
0.0332149 0.112437 0.112437 1 1 0
0.0333411 0.112516 0.112516 1 1 0
0.0334673 0.112595 0.112595 1 1 0
0.0335936 0.112674 0.112674 1 1 0
0.0337199 0.112753 0.112753 1 1 0
0.0338461 0.112833 0.112833 1 1 0
0.0339725 0.112912 0.112912 1 1 0
0.0340988 0.112992 0.112992 1 1 0
0.0342252 0.113071 0.113071 1 1 0
0.0343516 0.113151 0.113151 1 1 0
0.034478 0.113231 0.113231 1 1 0
0.0346045 0.11331 0.11331 1 1 0
0.034731 0.11339 0.11339 1 1 0
0.0348575 0.11347 0.11347 1 1 0
0.0349841 0.113551 0.113551 1 1 0
0.0351107 0.113631 0.113631 1 1 0
0.0352373 0.113711 0.113711 1 1 0
0.0353639 0.113792 0.113792 1 1 0
0.0354906 0.113872 0.113872 1 1 0
0.0356174 0.113953 0.113953 1 1 0
0.0357441 0.114034 0.114034 1 1 0
0.0358709 0.114115 0.114115 1 1 0
0.0359978 0.114196 0.114196 1 1 0
0.0361246 0.114277 0.114277 1 1 0
0.0362515 0.114358 0.114358 1 1 0
0.0363785 0.114439 0.114439 1 1 0
0.0365055 0.11452 0.11452 1 1 0
0.0366325 0.114602 0.114602 1 1 0
0.0367596 0.114684 0.114684 1 1 0
0.0368867 0.114765 0.114765 1 1 0
0.0370139 0.114847 0.114847 1 1 0
0.0371411 0.114929 0.114929 1 1 0
0.0372683 0.115011 0.115011 1 1 0
0.0373956 0.115093 0.115093 1 1 0
0.0375229 0.115175 0.115175 1 1 0
0.0376503 0.115258 0.115258 1 1 0
0.0377777 0.11534 0.11534 1 1 0
0.0379052 0.115422 0.115422 1 1 0
0.0380327 0.115505 0.115505 1 1 0
0.0381603 0.115588 0.115588 1 1 0
0.0382879 0.115671 0.115671 1 1 0
0.0384156 0.115753 0.115753 1 1 0
0.0385433 0.115837 0.115837 1 1 0
0.0386711 0.11592 0.11592 1 1 0
0.0387989 0.116003 0.116003 1 1 0
0.0389268 0.116086 0.116086 1 1 0
0.0390547 0.11617 0.11617 1 1 0
0.0391827 0.116253 0.116253 1 1 0
0.0393107 0.116337 0.116337 1 1 0
0.0394388 0.116421 0.116421 1 1 0
0.0395669 0.116504 0.116504 1 1 0
0.0396951 0.116588 0.116588 1 1 0
0.0398234 0.116673 0.116673 1 1 0
0.0399517 0.116757 0.116757 1 1 0
0.04008 0.116841 0.116841 1 1 0
0.0402085 0.116925 0.116925 1 1 0
0.0403369 0.11701 0.11701 1 1 0
0.0404655 0.117094 0.117094 1 1 0
0.0405941 0.117179 0.117179 1 1 0
0.0407228 0.117264 0.117264 1 1 0
0.0408515 0.117349 0.117349 1 1 0
0.0409803 0.117434 0.117434 1 1 0
0.0411091 0.117519 0.117519 1 1 0
0.041238 0.117604 0.117604 1 1 0
0.041367 0.11769 0.11769 1 1 0
0.0414961 0.117775 0.117775 1 1 0
0.0416252 0.117861 0.117861 1 1 0
0.0417543 0.117946 0.117946 1 1 0
0.0418836 0.118032 0.118032 1 1 0
0.0420129 0.118118 0.118118 1 1 0
0.0421423 0.118204 0.118204 1 1 0
0.0422717 0.11829 0.11829 1 1 0
0.0424012 0.118376 0.118376 1 1 0
0.0425308 0.118463 0.118463 1 1 0
0.0426605 0.118549 0.118549 1 1 0
0.0427902 0.118636 0.118636 1 1 0
0.04292 0.118722 0.118722 1 1 0
0.0430499 0.118809 0.118809 1 1 0
0.0431798 0.118896 0.118896 1 1 0
0.0433099 0.118983 0.118983 1 1 0
0.04344 0.11907 0.11907 1 1 0
0.0435701 0.119157 0.119157 1 1 0
0.0437004 0.119244 0.119244 1 1 0
0.0438307 0.119332 0.119332 1 1 0
0.0439611 0.119419 0.119419 1 1 0
0.0440916 0.119507 0.119507 1 1 0
0.0442222 0.119595 0.119595 1 1 0
0.0443528 0.119682 0.119682 1 1 0
0.0444835 0.11977 0.11977 1 1 0
0.0446143 0.119858 0.119858 1 1 0
0.0447452 0.119947 0.119947 1 1 0
0.0448762 0.120035 0.120035 1 1 0
0.0450072 0.120123 0.120123 1 1 0
0.0451383 0.120212 0.120212 1 1 0
0.0452696 0.1203 0.1203 1 1 0
0.0454009 0.120389 0.120389 1 1 0
0.0455322 0.120478 0.120478 1 1 0
0.0456637 0.120567 0.120567 1 1 0
0.0457953 0.120656 0.120656 1 1 0
0.0459269 0.120745 0.120745 1 1 0
0.0460586 0.120835 0.120835 1 1 0
0.0461905 0.120924 0.120924 1 1 0
0.0463224 0.121013 0.121013 1 1 0
0.0464544 0.121103 0.121103 1 1 0
0.0465865 0.121193 0.121193 1 1 0
0.0467187 0.121283 0.121283 1 1 0
0.0468509 0.121373 0.121373 1 1 0
0.0469833 0.121463 0.121463 1 1 0
0.0471158 0.121553 0.121553 1 1 0
0.0472483 0.121643 0.121643 1 1 0
0.047381 0.121734 0.121734 1 1 0
0.0475137 0.121824 0.121824 1 1 0
0.0476466 0.121915 0.121915 1 1 0
0.0477795 0.122006 0.122006 1 1 0
0.0479126 0.122096 0.122096 1 1 0
0.0480457 0.122187 0.122187 1 1 0
0.048179 0.122279 0.122279 1 1 0
0.0483123 0.12237 0.12237 1 1 0
0.0484457 0.122461 0.122461 1 1 0
0.0485793 0.122553 0.122553 1 1 0
0.0487129 0.122644 0.122644 1 1 0
0.0488467 0.122736 0.122736 1 1 0
0.0489805 0.122828 0.122828 1 1 0
0.0491145 0.122919 0.122919 1 1 0
0.0492485 0.123012 0.123012 1 1 0
0.0493827 0.123104 0.123104 1 1 0
0.049517 0.123196 0.123196 1 1 0
0.0496513 0.123288 0.123288 1 1 0
0.0497858 0.123381 0.123381 1 1 0
0.0499204 0.123473 0.123473 1 1 0
0.0500551 0.123566 0.123566 1 1 0
0.0501899 0.123659 0.123659 1 1 0
0.0503249 0.123752 0.123752 1 1 0
0.0504599 0.123845 0.123845 1 1 0
0.0505951 0.123938 0.123938 1 1 0
0.0507303 0.124031 0.124031 1 1 0
0.0508657 0.124125 0.124125 1 1 0
0.0510012 0.124218 0.124218 1 1 0
0.0511368 0.124312 0.124312 1 1 0
0.0512725 0.124406 0.124406 1 1 0
0.0514083 0.1245 0.1245 1 1 0
0.0515443 0.124594 0.124594 1 1 0
0.0516804 0.124688 0.124688 1 1 0
0.0518166 0.124782 0.124782 1 1 0
0.0519529 0.124877 0.124877 1 1 0
0.0520893 0.124971 0.124971 1 1 0
0.0522259 0.125066 0.125066 1 1 0
0.0523625 0.12516 0.12516 1 1 0
0.0524993 0.125255 0.125255 1 1 0
0.0526362 0.12535 0.12535 1 1 0
0.0527733 0.125445 0.125445 1 1 0
0.0529104 0.12554 0.12554 1 1 0
0.0530477 0.125636 0.125636 1 1 0
0.0531852 0.125731 0.125731 1 1 0
0.0533227 0.125827 0.125827 1 1 0
0.0534604 0.125923 0.125923 1 1 0
0.0535982 0.126018 0.126018 1 1 0
0.0537361 0.126114 0.126114 1 1 0
0.0538742 0.12621 0.12621 1 1 0
0.0540124 0.126306 0.126306 1 1 0
0.0541507 0.126403 0.126403 1 1 0
0.0542891 0.126499 0.126499 1 1 0
0.0544277 0.126596 0.126596 1 1 0
0.0545664 0.126692 0.126692 1 1 0
0.0547053 0.126789 0.126789 1 1 0
0.0548443 0.126886 0.126886 1 1 0
0.0549834 0.126983 0.126983 1 1 0
0.0551227 0.12708 0.12708 1 1 0
0.0552621 0.127177 0.127177 1 1 0
0.0554016 0.127275 0.127275 1 1 0
0.0555413 0.127372 0.127372 1 1 0
0.0556811 0.12747 0.12747 1 1 0
0.0558211 0.127568 0.127568 1 1 0
0.0559612 0.127666 0.127666 1 1 0
0.0561014 0.127764 0.127764 1 1 0
0.0562418 0.127862 0.127862 1 1 0
0.0563823 0.12796 0.12796 1 1 0
0.056523 0.128058 0.128058 1 1 0
0.0566638 0.128157 0.128157 1 1 0
0.0568048 0.128256 0.128256 1 1 0
0.0569459 0.128354 0.128354 1 1 0
0.0570872 0.128453 0.128453 1 1 0
0.0572286 0.128552 0.128552 1 1 0
0.0573702 0.128651 0.128651 1 1 0
0.0575119 0.128751 0.128751 1 1 0
0.0576537 0.12885 0.12885 1 1 0
0.0577957 0.128949 0.128949 1 1 0
0.0579379 0.129049 0.129049 1 1 0
0.0580802 0.129149 0.129149 1 1 0
0.0582227 0.129249 0.129249 1 1 0
0.0583653 0.129349 0.129349 1 1 0
0.0585081 0.129449 0.129449 1 1 0
0.0586511 0.129549 0.129549 1 1 0
0.0587942 0.129649 0.129649 1 1 0
0.0589374 0.12975 0.12975 1 1 0
0.0590808 0.129851 0.129851 1 1 0
0.0592244 0.129951 0.129951 1 1 0
0.0593682 0.130052 0.130052 1 1 0
0.0595121 0.130153 0.130153 1 1 0
0.0596561 0.130254 0.130254 1 1 0
0.0598003 0.130356 0.130356 1 1 0
0.0599447 0.130457 0.130457 1 1 0
0.0600893 0.130559 0.130559 1 1 0
0.060234 0.13066 0.13066 1 1 0
0.0603789 0.130762 0.130762 1 1 0
0.060524 0.130864 0.130864 1 1 0
0.0606692 0.130966 0.130966 1 1 0
0.0608146 0.131068 0.131068 1 1 0
0.0609601 0.13117 0.13117 1 1 0
0.0611059 0.131273 0.131273 1 1 0
0.0612518 0.131375 0.131375 1 1 0
0.0613979 0.131478 0.131478 1 1 0
0.0615441 0.131581 0.131581 1 1 0
0.0616905 0.131684 0.131684 1 1 0
0.0618371 0.131787 0.131787 1 1 0
0.0619839 0.13189 0.13189 1 1 0
0.0621309 0.131993 0.131993 1 1 0
0.062278 0.132097 0.132097 1 1 0
0.0624253 0.1322 0.1322 1 1 0
0.0625728 0.132304 0.132304 1 1 0
0.0627205 0.132408 0.132408 1 1 0
0.0628684 0.132512 0.132512 1 1 0
0.0630164 0.132616 0.132616 1 1 0
0.0631646 0.13272 0.13272 1 1 0
0.063313 0.132825 0.132825 1 1 0
0.0634616 0.132929 0.132929 1 1 0
0.0636104 0.133034 0.133034 1 1 0
0.0637593 0.133139 0.133139 1 1 0
0.0639085 0.133244 0.133244 1 1 0
0.0640578 0.133349 0.133349 1 1 0
0.0642074 0.133454 0.133454 1 1 0
0.0643571 0.133559 0.133559 1 1 0
0.064507 0.133665 0.133665 1 1 0
0.0646571 0.13377 0.13377 1 1 0
0.0648074 0.133876 0.133876 1 1 0
0.0649579 0.133982 0.133982 1 1 0
0.0651086 0.134088 0.134088 1 1 0
0.0652595 0.134194 0.134194 1 1 0
0.0654105 0.1343 0.1343 1 1 0
0.0655618 0.134406 0.134406 1 1 0
0.0657133 0.134513 0.134513 1 1 0
0.065865 0.13462 0.13462 1 1 0
0.0660168 0.134726 0.134726 1 1 0
0.0661689 0.134833 0.134833 1 1 0
0.0663212 0.13494 0.13494 1 1 0
0.0664737 0.135048 0.135048 1 1 0
0.0666264 0.135155 0.135155 1 1 0
0.0667793 0.135262 0.135262 1 1 0
0.0669324 0.13537 0.13537 1 1 0
0.0670857 0.135478 0.135478 1 1 0
0.0672392 0.135585 0.135585 1 1 0
0.0673929 0.135693 0.135693 1 1 0
0.0675468 0.135802 0.135802 1 1 0
0.067701 0.13591 0.13591 1 1 0
0.0678553 0.136018 0.136018 1 1 0
0.0680099 0.136127 0.136127 1 1 0
0.0681647 0.136236 0.136236 1 1 0
0.0683197 0.136344 0.136344 1 1 0
0.0684749 0.136453 0.136453 1 1 0
0.0686303 0.136562 0.136562 1 1 0
0.068786 0.136672 0.136672 1 1 0
0.0689418 0.136781 0.136781 1 1 0
0.0690979 0.136891 0.136891 1 1 0
0.0692542 0.137 0.137 1 1 0
0.0694108 0.13711 0.13711 1 1 0
0.0695675 0.13722 0.13722 1 1 0
0.0697245 0.13733 0.13733 1 1 0
0.0698817 0.13744 0.13744 1 1 0
0.0700391 0.13755 0.13755 1 1 0
0.0701968 0.137661 0.137661 1 1 0
0.0703547 0.137772 0.137772 1 1 0
0.0705128 0.137882 0.137882 1 1 0
0.0706711 0.137993 0.137993 1 1 0
0.0708297 0.138104 0.138104 1 1 0
0.0709885 0.138215 0.138215 1 1 0
0.0711475 0.138327 0.138327 1 1 0
0.0713068 0.138438 0.138438 1 1 0
0.0714663 0.13855 0.13855 1 1 0
0.0716261 0.138662 0.138662 1 1 0
0.071786 0.138773 0.138773 1 1 0
0.0719463 0.138886 0.138886 1 1 0
0.0721067 0.138998 0.138998 1 1 0
0.0722674 0.13911 0.13911 1 1 0
0.0724284 0.139222 0.139222 1 1 0
0.0725895 0.139335 0.139335 1 1 0
0.072751 0.139448 0.139448 1 1 0
0.0729126 0.139561 0.139561 1 1 0
0.0730745 0.139674 0.139674 1 1 0
0.0732367 0.139787 0.139787 1 1 0
0.0733991 0.1399 0.1399 1 1 0
0.0735618 0.140014 0.140014 1 1 0
0.0737247 0.140127 0.140127 1 1 0
0.0738878 0.140241 0.140241 1 1 0
0.0740512 0.140355 0.140355 1 1 0
0.0742149 0.140469 0.140469 1 1 0
0.0743788 0.140583 0.140583 1 1 0
0.074543 0.140697 0.140697 1 1 0
0.0747074 0.140812 0.140812 1 1 0
0.0748721 0.140926 0.140926 1 1 0
0.0750371 0.141041 0.141041 1 1 0
0.0752023 0.141156 0.141156 1 1 0
0.0753677 0.141271 0.141271 1 1 0
0.0755335 0.141386 0.141386 1 1 0
0.0756994 0.141502 0.141502 1 1 0
0.0758657 0.141617 0.141617 1 1 0
0.0760322 0.141733 0.141733 1 1 0
0.076199 0.141848 0.141848 1 1 0
0.0763661 0.141964 0.141964 1 1 0
0.0765334 0.14208 0.14208 1 1 0
0.076701 0.142197 0.142197 1 1 0
0.0768688 0.142313 0.142313 1 1 0
0.077037 0.142429 0.142429 1 1 0
0.0772054 0.142546 0.142546 1 1 0
0.0773741 0.142663 0.142663 1 1 0
0.077543 0.14278 0.14278 1 1 0
0.0777122 0.142897 0.142897 1 1 0
0.0778818 0.143014 0.143014 1 1 0
0.0780515 0.143131 0.143131 1 1 0
0.0782216 0.143249 0.143249 1 1 0
0.078392 0.143367 0.143367 1 1 0
0.0785626 0.143484 0.143484 1 1 0
0.0787335 0.143602 0.143602 1 1 0
0.0789047 0.143721 0.143721 1 1 0
0.0790762 0.143839 0.143839 1 1 0
0.079248 0.143957 0.143957 1 1 0
0.0794201 0.144076 0.144076 1 1 0
0.0795924 0.144195 0.144195 1 1 0
0.079765 0.144313 0.144313 1 1 0
0.079938 0.144432 0.144432 1 1 0
0.0801112 0.144552 0.144552 1 1 0
0.0802847 0.144671 0.144671 1 1 0
0.0804586 0.14479 0.14479 1 1 0
0.0806327 0.14491 0.14491 1 1 0
0.0808071 0.14503 0.14503 1 1 0
0.0809818 0.14515 0.14515 1 1 0
0.0811568 0.14527 0.14527 1 1 0
0.0813321 0.14539 0.14539 1 1 0
0.0815078 0.14551 0.14551 1 1 0
0.0816837 0.145631 0.145631 1 1 0
0.0818599 0.145752 0.145752 1 1 0
0.0820364 0.145872 0.145872 1 1 0
0.0820526 0.145884 0.145884 1 1 0
0.0822295 0.146005 0.146005 2 1 0
0.0824067 0.146126 0.146126 2 1 0
0.0825842 0.146247 0.146247 2 1 0
0.082762 0.146368 0.146368 2 1 0
0.0829401 0.14649 0.14649 2 1 0
0.0831185 0.146612 0.146612 2 1 0
0.0832973 0.146734 0.146734 2 1 0
0.0834763 0.146856 0.146856 2 1 0
0.0836557 0.146978 0.146978 2 1 0
0.0838354 0.1471 0.1471 2 1 0
0.0840154 0.147223 0.147223 2 1 0
0.0841958 0.147346 0.147346 2 1 0
0.0843765 0.147469 0.147469 2 1 0
0.0845575 0.147592 0.147592 2 1 0
0.0847388 0.147715 0.147715 2 1 0
0.0849204 0.147838 0.147838 2 1 0
0.0851024 0.147961 0.147961 2 1 0
0.0852847 0.148085 0.148085 2 1 0
0.0854673 0.148209 0.148209 2 1 0
0.0856503 0.148333 0.148333 2 1 0
0.0858336 0.148457 0.148457 2 1 0
0.0860173 0.148581 0.148581 2 1 0
0.0862012 0.148706 0.148706 2 1 0
0.0863855 0.14883 0.14883 2 1 0
0.0865702 0.148955 0.148955 2 1 0
0.0867552 0.14908 0.14908 2 1 0
0.0869405 0.149205 0.149205 2 1 0
0.0871262 0.14933 0.14933 2 1 0
0.0873122 0.149455 0.149455 2 1 0
0.0874986 0.149581 0.149581 2 1 0
0.0876853 0.149706 0.149706 2 1 0
0.0878724 0.149832 0.149832 2 1 0
0.0880598 0.149958 0.149958 2 1 0
0.0882476 0.150084 0.150084 2 1 0
0.0884357 0.150211 0.150211 2 1 0
0.0886242 0.150337 0.150337 2 1 0
0.088813 0.150464 0.150464 2 1 0
0.0890022 0.15059 0.15059 2 1 0
0.0891918 0.150717 0.150717 2 1 0
0.0893817 0.150845 0.150845 2 1 0
0.0895719 0.150972 0.150972 2 1 0
0.0897626 0.151099 0.151099 2 1 0
0.0899536 0.151227 0.151227 2 1 0
0.090145 0.151355 0.151355 2 1 0
0.0903367 0.151482 0.151482 2 1 0
0.0905288 0.15161 0.15161 2 1 0
0.0907213 0.151739 0.151739 2 1 0
0.0909141 0.151867 0.151867 2 1 0
0.0911073 0.151996 0.151996 2 1 0
0.0913009 0.152124 0.152124 2 1 0
0.0914949 0.152253 0.152253 2 1 0
0.0916892 0.152382 0.152382 2 1 0
0.091884 0.152511 0.152511 2 1 0
0.0920791 0.152641 0.152641 2 1 0
0.0922746 0.15277 0.15277 2 1 0
0.0924705 0.1529 0.1529 2 1 0
0.0926667 0.15303 0.15303 2 1 0
0.0928634 0.15316 0.15316 2 1 0
0.0930604 0.15329 0.15329 2 1 0
0.0932578 0.15342 0.15342 2 1 0
0.0934556 0.153551 0.153551 2 1 0
0.0936538 0.153681 0.153681 2 1 0
0.0938525 0.153812 0.153812 2 1 0
0.0940515 0.153943 0.153943 2 1 0
0.0942509 0.154074 0.154074 2 1 0
0.0944507 0.154206 0.154206 2 1 0
0.0946508 0.154337 0.154337 2 1 0
0.0948514 0.154469 0.154469 2 1 0
0.0950525 0.154601 0.154601 2 1 0
0.0952539 0.154733 0.154733 2 1 0
0.0954557 0.154865 0.154865 2 1 0
0.0956579 0.154997 0.154997 2 1 0
0.0958605 0.15513 0.15513 2 1 0
0.0960636 0.155262 0.155262 2 1 0
0.0962671 0.155395 0.155395 2 1 0
0.0964709 0.155528 0.155528 2 1 0
0.0966752 0.155661 0.155661 2 1 0
0.0968799 0.155795 0.155795 2 1 0
0.0970851 0.155928 0.155928 2 1 0
0.0972906 0.156062 0.156062 2 1 0
0.0974966 0.156196 0.156196 2 1 0
0.097703 0.15633 0.15633 2 1 0
0.0979098 0.156464 0.156464 2 1 0
0.0981171 0.156598 0.156598 2 1 0
0.0983248 0.156733 0.156733 2 1 0
0.0985329 0.156867 0.156867 2 1 0
0.0987414 0.157002 0.157002 2 1 0
0.0989504 0.157137 0.157137 2 1 0
0.0991598 0.157272 0.157272 2 1 0
0.0993697 0.157408 0.157408 2 1 0
0.09958 0.157543 0.157543 2 1 0
0.0997907 0.157679 0.157679 2 1 0
0.100002 0.157815 0.157815 2 1 0
0.100214 0.157951 0.157951 2 1 0
0.100426 0.158087 0.158087 2 1 0
0.100638 0.158223 0.158223 2 1 0
0.100851 0.15836 0.15836 2 1 0
0.101065 0.158496 0.158496 2 1 0
0.101278 0.158633 0.158633 2 1 0
0.101493 0.15877 0.15877 2 1 0
0.101708 0.158908 0.158908 2 1 0
0.101923 0.159045 0.159045 2 1 0
0.102139 0.159183 0.159183 2 1 0
0.102355 0.15932 0.15932 2 1 0
0.102571 0.159458 0.159458 2 1 0
0.102788 0.159596 0.159596 2 1 0
0.103006 0.159735 0.159735 2 1 0
0.103224 0.159873 0.159873 2 1 0
0.103443 0.160012 0.160012 2 1 0
0.103662 0.16015 0.16015 2 1 0
0.103881 0.160289 0.160289 2 1 0
0.104101 0.160428 0.160428 2 1 0
0.104321 0.160568 0.160568 2 1 0
0.104542 0.160707 0.160707 2 1 0
0.104764 0.160847 0.160847 2 1 0
0.104986 0.160987 0.160987 2 1 0
0.105208 0.161127 0.161127 2 1 0
0.105431 0.161267 0.161267 2 1 0
0.105654 0.161407 0.161407 2 1 0
0.105878 0.161548 0.161548 2 1 0
0.106102 0.161688 0.161688 2 1 0
0.106327 0.161829 0.161829 2 1 0
0.106552 0.16197 0.16197 2 1 0
0.106778 0.162112 0.162112 2 1 0
0.107004 0.162253 0.162253 2 1 0
0.107231 0.162395 0.162395 2 1 0
0.107459 0.162536 0.162536 2 1 0
0.107686 0.162678 0.162678 2 1 0
0.107915 0.16282 0.16282 2 1 0
0.108144 0.162963 0.162963 2 1 0
0.108373 0.163105 0.163105 2 1 0
0.108603 0.163248 0.163248 2 1 0
0.108833 0.163391 0.163391 2 1 0
0.109064 0.163534 0.163534 2 1 0
0.109296 0.163677 0.163677 2 1 0
0.109528 0.16382 0.16382 2 1 0
0.10976 0.163964 0.163964 2 1 0
0.109993 0.164108 0.164108 2 1 0
0.110227 0.164251 0.164251 2 1 0
0.110461 0.164396 0.164396 2 1 0
0.110695 0.16454 0.16454 2 1 0
0.11093 0.164684 0.164684 2 1 0
0.111166 0.164829 0.164829 2 1 0
0.111402 0.164974 0.164974 2 1 0
0.111639 0.165119 0.165119 2 1 0
0.111876 0.165264 0.165264 2 1 0
0.112114 0.165409 0.165409 2 1 0
0.112352 0.165555 0.165555 2 1 0
0.112591 0.165701 0.165701 2 1 0
0.112831 0.165846 0.165846 2 1 0
0.113071 0.165993 0.165993 2 1 0
0.113312 0.166139 0.166139 2 1 0
0.113553 0.166285 0.166285 2 1 0
0.113794 0.166432 0.166432 2 1 0
0.114037 0.166579 0.166579 2 1 0
0.11428 0.166726 0.166726 2 1 0
0.114523 0.166873 0.166873 2 1 0
0.114767 0.16702 0.16702 2 1 0
0.115012 0.167168 0.167168 2 1 0
0.115257 0.167316 0.167316 2 1 0
0.115502 0.167463 0.167463 2 1 0
0.115749 0.167612 0.167612 2 1 0
0.115995 0.16776 0.16776 2 1 0
0.116243 0.167908 0.167908 2 1 0
0.116491 0.168057 0.168057 2 1 0
0.11674 0.168206 0.168206 2 1 0
0.116989 0.168355 0.168355 2 1 0
0.117239 0.168504 0.168504 2 1 0
0.117489 0.168653 0.168653 2 1 0
0.11774 0.168803 0.168803 2 1 0
0.117992 0.168953 0.168953 2 1 0
0.118244 0.169103 0.169103 2 1 0
0.118496 0.169253 0.169253 2 1 0
0.11875 0.169403 0.169403 2 1 0
0.119004 0.169554 0.169554 2 1 0
0.119258 0.169704 0.169704 2 1 0
0.119514 0.169855 0.169855 2 1 0
0.119769 0.170006 0.170006 2 1 0
0.120026 0.170158 0.170158 2 1 0
0.120283 0.170309 0.170309 2 1 0
0.120541 0.170461 0.170461 2 1 0
0.120799 0.170613 0.170613 2 1 0
0.121058 0.170765 0.170765 2 1 0
0.121317 0.170917 0.170917 2 1 0
0.121578 0.171069 0.171069 2 1 0
0.121838 0.171222 0.171222 2 1 0
0.1221 0.171375 0.171375 2 1 0
0.122362 0.171528 0.171528 2 1 0
0.122625 0.171681 0.171681 2 1 0
0.122888 0.171834 0.171834 2 1 0
0.123152 0.171988 0.171988 2 1 0
0.123417 0.172141 0.172141 2 1 0
0.123682 0.172295 0.172295 2 1 0
0.123948 0.17245 0.17245 2 1 0
0.124215 0.172604 0.172604 2 1 0
0.124482 0.172758 0.172758 2 1 0
0.12475 0.172913 0.172913 2 1 0
0.125019 0.173068 0.173068 2 1 0
0.125288 0.173223 0.173223 2 1 0
0.125558 0.173378 0.173378 2 1 0
0.125829 0.173534 0.173534 2 1 0
0.1261 0.173689 0.173689 2 1 0
0.126372 0.173845 0.173845 2 1 0
0.126644 0.174001 0.174001 2 1 0
0.126918 0.174158 0.174158 2 1 0
0.127192 0.174314 0.174314 2 1 0
0.127466 0.174471 0.174471 2 1 0
0.127742 0.174627 0.174627 2 1 0
0.128018 0.174784 0.174784 2 1 0
0.128295 0.174942 0.174942 2 1 0
0.128572 0.175099 0.175099 2 1 0
0.12885 0.175257 0.175257 2 1 0
0.129129 0.175414 0.175414 2 1 0
0.129409 0.175572 0.175572 2 1 0
0.129689 0.175731 0.175731 2 1 0
0.12997 0.175889 0.175889 2 1 0
0.130252 0.176048 0.176048 2 1 0
0.130534 0.176206 0.176206 2 1 0
0.130817 0.176365 0.176365 2 1 0
0.131101 0.176524 0.176524 2 1 0
0.131386 0.176684 0.176684 2 1 0
0.131671 0.176843 0.176843 2 1 0
0.131957 0.177003 0.177003 2 1 0
0.132244 0.177163 0.177163 2 1 0
0.132531 0.177323 0.177323 2 1 0
0.13282 0.177484 0.177484 2 1 0
0.133109 0.177644 0.177644 2 1 0
0.133398 0.177805 0.177805 2 1 0
0.133689 0.177966 0.177966 2 1 0
0.13398 0.178127 0.178127 2 1 0
0.134272 0.178288 0.178288 2 1 0
0.134565 0.17845 0.17845 2 1 0
0.134858 0.178612 0.178612 2 1 0
0.135152 0.178774 0.178774 2 1 0
0.135447 0.178936 0.178936 2 1 0
0.135743 0.179098 0.179098 2 1 0
0.13604 0.179261 0.179261 2 1 0
0.136337 0.179423 0.179423 2 1 0
0.136635 0.179586 0.179586 2 1 0
0.136934 0.179749 0.179749 2 1 0
0.137234 0.179913 0.179913 2 1 0
0.137534 0.180076 0.180076 2 1 0
0.137835 0.18024 0.18024 2 1 0
0.138137 0.180404 0.180404 2 1 0
0.13844 0.180568 0.180568 2 1 0
0.138744 0.180733 0.180733 2 1 0
0.139048 0.180897 0.180897 2 1 0
0.139354 0.181062 0.181062 2 1 0
0.13966 0.181227 0.181227 2 1 0
0.139966 0.181392 0.181392 2 1 0
0.140274 0.181557 0.181557 2 1 0
0.140582 0.181723 0.181723 2 1 0
0.140892 0.181889 0.181889 2 1 0
0.141202 0.182055 0.182055 2 1 0
0.141513 0.182221 0.182221 2 1 0
0.141825 0.182387 0.182387 2 1 0
0.142137 0.182554 0.182554 2 1 0
0.142451 0.182721 0.182721 2 1 0
0.142765 0.182888 0.182888 2 1 0
0.14308 0.183055 0.183055 2 1 0
0.143396 0.183222 0.183222 2 1 0
0.143713 0.18339 0.18339 2 1 0
0.14403 0.183558 0.183558 2 1 0
0.144349 0.183726 0.183726 2 1 0
0.144668 0.183894 0.183894 2 1 0
0.144988 0.184063 0.184063 2 1 0
0.14531 0.184231 0.184231 2 1 0
0.145631 0.1844 0.1844 2 1 0
0.145954 0.184569 0.184569 2 1 0
0.146278 0.184738 0.184738 2 1 0
0.146603 0.184908 0.184908 2 1 0
0.146928 0.185078 0.185078 2 1 0
0.147254 0.185247 0.185247 2 1 0
0.147582 0.185418 0.185418 2 1 0
0.14791 0.185588 0.185588 2 1 0
0.148239 0.185758 0.185758 2 1 0
0.148569 0.185929 0.185929 2 1 0
0.1489 0.1861 0.1861 2 1 0
0.149231 0.186271 0.186271 2 1 0
0.149564 0.186443 0.186443 2 1 0
0.149897 0.186614 0.186614 2 1 0
0.150232 0.186786 0.186786 2 1 0
0.150567 0.186958 0.186958 2 1 0
0.150904 0.18713 0.18713 2 1 0
0.151241 0.187303 0.187303 2 1 0
0.151579 0.187475 0.187475 2 1 0
0.151918 0.187648 0.187648 2 1 0
0.152258 0.187821 0.187821 2 1 0
0.152599 0.187994 0.187994 2 1 0
0.152941 0.188168 0.188168 2 1 0
0.153284 0.188342 0.188342 2 1 0
0.153628 0.188515 0.188515 2 1 0
0.153973 0.18869 0.18869 2 1 0
0.154318 0.188864 0.188864 2 1 0
0.154665 0.189038 0.189038 2 1 0
0.155013 0.189213 0.189213 2 1 0
0.155361 0.189388 0.189388 2 1 0
0.155711 0.189563 0.189563 2 1 0
0.156062 0.189739 0.189739 2 1 0
0.156413 0.189914 0.189914 2 1 0
0.156766 0.19009 0.19009 2 1 0
0.157119 0.190266 0.190266 2 1 0
0.157474 0.190442 0.190442 2 1 0
0.15783 0.190619 0.190619 2 1 0
0.158186 0.190795 0.190795 2 1 0
0.158544 0.190972 0.190972 2 1 0
0.158902 0.191149 0.191149 2 1 0
0.159262 0.191327 0.191327 2 1 0
0.159623 0.191504 0.191504 2 1 0
0.159984 0.191682 0.191682 2 1 0
0.160347 0.19186 0.19186 2 1 0
0.160711 0.192038 0.192038 2 1 0
0.161075 0.192217 0.192217 2 1 0
0.161441 0.192395 0.192395 2 1 0
0.161808 0.192574 0.192574 2 1 0
0.162176 0.192753 0.192753 2 1 0
0.162545 0.192932 0.192932 2 1 0
0.162915 0.193112 0.193112 2 1 0
0.163286 0.193292 0.193292 2 1 0
0.163658 0.193472 0.193472 2 1 0
0.164031 0.193652 0.193652 2 1 0
0.164405 0.193832 0.193832 2 1 0
0.164781 0.194013 0.194013 2 1 0
0.165157 0.194193 0.194193 2 1 0
0.165535 0.194374 0.194374 2 1 0
0.165913 0.194556 0.194556 2 1 0
0.166293 0.194737 0.194737 2 1 0
0.166674 0.194919 0.194919 2 1 0
0.167056 0.195101 0.195101 2 1 0
0.167439 0.195283 0.195283 2 1 0
0.167823 0.195465 0.195465 2 1 0
0.168208 0.195648 0.195648 2 1 0
0.168594 0.19583 0.19583 2 1 0
0.168982 0.196013 0.196013 2 1 0
0.16937 0.196197 0.196197 2 1 0
0.16976 0.19638 0.19638 2 1 0
0.170151 0.196564 0.196564 2 1 0
0.170543 0.196748 0.196748 2 1 0
0.170936 0.196932 0.196932 2 1 0
0.171331 0.197116 0.197116 2 1 0
0.171726 0.197301 0.197301 2 1 0
0.172123 0.197485 0.197485 2 1 0
0.17252 0.19767 0.19767 2 1 0
0.172919 0.197856 0.197856 2 1 0
0.17332 0.198041 0.198041 2 1 0
0.173721 0.198227 0.198227 2 1 0
0.174123 0.198413 0.198413 2 1 0
0.174527 0.198599 0.198599 2 1 0
0.174932 0.198785 0.198785 2 1 0
0.175338 0.198972 0.198972 2 1 0
0.175746 0.199158 0.199158 2 1 0
0.176154 0.199345 0.199345 2 1 0
0.176564 0.199533 0.199533 2 1 0
0.176975 0.19972 0.19972 2 1 0
0.177387 0.199908 0.199908 2 1 0
0.1778 0.200096 0.200096 2 1 0
0.178215 0.200284 0.200284 2 1 0
0.178631 0.200472 0.200472 2 1 0
0.179048 0.200661 0.200661 2 1 0
0.179467 0.20085 0.20085 2 1 0
0.179886 0.201039 0.201039 2 1 0
0.180307 0.201228 0.201228 2 1 0
0.180729 0.201417 0.201417 2 1 0
0.181153 0.201607 0.201607 2 1 0
0.181578 0.201797 0.201797 2 1 0
0.182004 0.201987 0.201987 2 1 0
0.182431 0.202178 0.202178 2 1 0
0.182859 0.202368 0.202368 2 1 0
0.183289 0.202559 0.202559 2 1 0
0.18372 0.20275 0.20275 2 1 0
0.184153 0.202941 0.202941 2 1 0
0.184587 0.203133 0.203133 2 1 0
0.185022 0.203325 0.203325 2 1 0
0.185458 0.203517 0.203517 2 1 0
0.185896 0.203709 0.203709 2 1 0
0.186335 0.203901 0.203901 2 1 0
0.186776 0.204094 0.204094 2 1 0
0.187218 0.204287 0.204287 2 1 0
0.187661 0.20448 0.20448 2 1 0
0.188105 0.204674 0.204674 2 1 0
0.188551 0.204867 0.204867 2 1 0
0.188998 0.205061 0.205061 2 1 0
0.189447 0.205255 0.205255 2 1 0
0.189897 0.205449 0.205449 2 1 0
0.190348 0.205644 0.205644 2 1 0
0.190801 0.205839 0.205839 2 1 0
0.191255 0.206034 0.206034 2 1 0
0.191711 0.206229 0.206229 2 1 0
0.192168 0.206424 0.206424 2 1 0
0.192626 0.20662 0.20662 2 1 0
0.193086 0.206816 0.206816 2 1 0
0.193547 0.207012 0.207012 2 1 0
0.19401 0.207209 0.207209 2 1 0
0.194474 0.207405 0.207405 2 1 0
0.19494 0.207602 0.207602 2 1 0
0.195407 0.207799 0.207799 2 1 0
0.195875 0.207996 0.207996 2 1 0
0.196345 0.208194 0.208194 2 1 0
0.196816 0.208392 0.208392 2 1 0
0.197289 0.20859 0.20859 2 1 0
0.197764 0.208788 0.208788 2 1 0
0.198239 0.208987 0.208987 2 1 0
0.198717 0.209185 0.209185 2 1 0
0.199196 0.209384 0.209384 2 1 0
0.199676 0.209584 0.209584 2 1 0
0.200158 0.209783 0.209783 2 1 0
0.200641 0.209983 0.209983 2 1 0
0.201126 0.210183 0.210183 2 1 0
0.201612 0.210383 0.210383 2 1 0
0.2021 0.210583 0.210583 2 1 0
0.20259 0.210784 0.210784 2 1 0
0.203081 0.210985 0.210985 2 1 0
0.203573 0.211186 0.211186 2 1 0
0.204068 0.211387 0.211387 2 1 0
0.204563 0.211589 0.211589 2 1 0
0.205061 0.21179 0.21179 2 1 0
0.20556 0.211992 0.211992 2 1 0
0.20606 0.212195 0.212195 2 1 0
0.206562 0.212397 0.212397 2 1 0
0.207066 0.2126 0.2126 2 1 0
0.207571 0.212803 0.212803 2 1 0
0.208078 0.213006 0.213006 2 1 0
0.208587 0.21321 0.21321 2 1 0
0.209097 0.213413 0.213413 2 1 0
0.209609 0.213617 0.213617 2 1 0
0.210122 0.213821 0.213821 2 1 0
0.210637 0.214026 0.214026 2 1 0
0.211154 0.214231 0.214231 2 1 0
0.211672 0.214435 0.214435 2 1 0
0.212192 0.214641 0.214641 2 1 0
0.212714 0.214846 0.214846 2 1 0
0.213238 0.215052 0.215052 2 1 0
0.213763 0.215257 0.215257 2 1 0
0.21429 0.215464 0.215464 2 1 0
0.214818 0.21567 0.21567 2 1 0
0.215349 0.215877 0.215877 2 1 0
0.215881 0.216083 0.216083 2 1 0
0.216414 0.21629 0.21629 2 1 0
0.21695 0.216498 0.216498 2 1 0
0.217487 0.216705 0.216705 2 1 0
0.218026 0.216913 0.216913 2 1 0
0.218567 0.217121 0.217121 2 1 0
0.219109 0.217329 0.217329 2 1 0
0.219654 0.217538 0.217538 2 1 0
0.2202 0.217747 0.217747 2 1 0
0.220747 0.217956 0.217956 2 1 0
0.221297 0.218165 0.218165 2 1 0
0.221849 0.218374 0.218374 2 1 0
0.222402 0.218584 0.218584 2 1 0
0.222957 0.218794 0.218794 2 1 0
0.223514 0.219004 0.219004 2 1 0
0.224073 0.219215 0.219215 2 1 0
0.224633 0.219426 0.219426 2 1 0
0.225196 0.219637 0.219637 2 1 0
0.22576 0.219848 0.219848 2 1 0
0.226326 0.220059 0.220059 2 1 0
0.226895 0.220271 0.220271 2 1 0
0.227465 0.220483 0.220483 2 1 0
0.228036 0.220695 0.220695 2 1 0
0.22861 0.220907 0.220907 2 1 0
0.229186 0.22112 0.22112 2 1 0
0.229764 0.221333 0.221333 2 1 0
0.230343 0.221546 0.221546 2 1 0
0.230925 0.22176 0.22176 2 1 0
0.231508 0.221973 0.221973 2 1 0
0.232093 0.222187 0.222187 2 1 0
0.232681 0.222401 0.222401 2 1 0
0.23327 0.222616 0.222616 2 1 0
0.233861 0.22283 0.22283 2 1 0
0.234455 0.223045 0.223045 2 1 0
0.23505 0.22326 0.22326 2 1 0
0.235647 0.223476 0.223476 2 1 0
0.236247 0.223691 0.223691 2 1 0
0.236848 0.223907 0.223907 2 1 0
0.237451 0.224123 0.224123 2 1 0
0.238057 0.22434 0.22434 2 1 0
0.238664 0.224556 0.224556 2 1 0
0.239274 0.224773 0.224773 2 1 0
0.239885 0.22499 0.22499 2 1 0
0.240499 0.225208 0.225208 2 1 0
0.241115 0.225425 0.225425 2 1 0
0.241733 0.225643 0.225643 2 1 0
0.242353 0.225861 0.225861 2 1 0
0.242975 0.22608 0.22608 2 1 0
0.243599 0.226298 0.226298 2 1 0
0.244225 0.226517 0.226517 2 1 0
0.244854 0.226736 0.226736 2 1 0
0.245484 0.226956 0.226956 2 1 0
0.246117 0.227175 0.227175 2 1 0
0.246752 0.227395 0.227395 2 1 0
0.247389 0.227615 0.227615 2 1 0
0.248029 0.227835 0.227835 2 1 0
0.24867 0.228056 0.228056 2 1 0
0.249314 0.228277 0.228277 2 1 0
0.24996 0.228498 0.228498 2 1 0
0.250608 0.228719 0.228719 2 1 0
0.251259 0.228941 0.228941 2 1 0
0.251912 0.229163 0.229163 2 1 0
0.252567 0.229385 0.229385 2 1 0
0.253224 0.229607 0.229607 2 1 0
0.253883 0.22983 0.22983 2 1 0
0.254545 0.230053 0.230053 2 1 0
0.255209 0.230276 0.230276 2 1 0
0.255876 0.230499 0.230499 2 1 0
0.256545 0.230723 0.230723 2 1 0
0.257216 0.230947 0.230947 2 1 0
0.257889 0.231171 0.231171 2 1 0
0.258565 0.231395 0.231395 2 1 0
0.259243 0.23162 0.23162 2 1 0
0.259924 0.231845 0.231845 2 1 0
0.260607 0.23207 0.23207 2 1 0
0.261292 0.232295 0.232295 2 1 0
0.26198 0.232521 0.232521 2 1 0
0.26267 0.232747 0.232747 2 1 0
0.263363 0.232973 0.232973 2 1 0
0.264058 0.233199 0.233199 2 1 0
0.264756 0.233426 0.233426 2 1 0
0.265456 0.233653 0.233653 2 1 0
0.266158 0.23388 0.23388 2 1 0
0.266863 0.234108 0.234108 2 1 0
0.267571 0.234335 0.234335 2 1 0
0.268281 0.234563 0.234563 2 1 0
0.268993 0.234791 0.234791 2 1 0
0.269709 0.23502 0.23502 2 1 0
0.270426 0.235249 0.235249 2 1 0
0.271146 0.235478 0.235478 2 1 0
0.271869 0.235707 0.235707 2 1 0
0.272595 0.235936 0.235936 2 1 0
0.273323 0.236166 0.236166 2 1 0
0.274053 0.236396 0.236396 2 1 0
0.274786 0.236626 0.236626 2 1 0
0.275522 0.236857 0.236857 2 1 0
0.276261 0.237087 0.237087 2 1 0
0.277002 0.237318 0.237318 2 1 0
0.277746 0.23755 0.23755 2 1 0
0.278492 0.237781 0.237781 2 1 0
0.279241 0.238013 0.238013 2 1 0
0.279993 0.238245 0.238245 2 1 0
0.280748 0.238477 0.238477 2 1 0
0.281505 0.23871 0.23871 2 1 0
0.282265 0.238942 0.238942 2 1 0
0.283028 0.239175 0.239175 2 1 0
0.283794 0.239409 0.239409 2 1 0
0.284562 0.239642 0.239642 2 1 0
0.285333 0.239876 0.239876 2 1 0
0.286107 0.24011 0.24011 2 1 0
0.286884 0.240345 0.240345 2 1 0
0.287664 0.240579 0.240579 2 1 0
0.288446 0.240814 0.240814 2 1 0
0.289232 0.241049 0.241049 2 1 0
0.29002 0.241284 0.241284 2 1 0
0.290811 0.24152 0.24152 2 1 0
0.291605 0.241756 0.241756 2 1 0
0.292402 0.241992 0.241992 2 1 0
0.293202 0.242228 0.242228 2 1 0
0.294005 0.242465 0.242465 2 1 0
0.294811 0.242702 0.242702 2 1 0
0.29562 0.242939 0.242939 2 1 0
0.296432 0.243177 0.243177 2 1 0
0.297247 0.243414 0.243414 2 1 0
0.298064 0.243652 0.243652 2 1 0
0.298885 0.24389 0.24389 2 1 0
0.299709 0.244129 0.244129 2 1 0
0.300536 0.244368 0.244368 2 1 0
0.301366 0.244607 0.244607 2 1 0
0.302199 0.244846 0.244846 2 1 0
0.303036 0.245085 0.245085 2 1 0
0.303875 0.245325 0.245325 2 1 0
0.304718 0.245565 0.245565 2 1 0
0.305563 0.245805 0.245805 2 1 0
0.306412 0.246046 0.246046 2 1 0
0.307264 0.246287 0.246287 2 1 0
0.30812 0.246528 0.246528 2 1 0
0.308978 0.246769 0.246769 2 1 0
0.30984 0.247011 0.247011 2 1 0
0.310705 0.247252 0.247252 2 1 0
0.311573 0.247495 0.247495 2 1 0
0.312444 0.247737 0.247737 2 1 0
0.313319 0.247979 0.247979 2 1 0
0.314197 0.248222 0.248222 2 1 0
0.315079 0.248465 0.248465 2 1 0
0.315964 0.248709 0.248709 2 1 0
0.316852 0.248952 0.248952 2 1 0
0.317743 0.249196 0.249196 2 1 0
0.318638 0.249441 0.249441 2 1 0
0.319536 0.249685 0.249685 2 1 0
0.320438 0.24993 0.24993 2 1 0
0.321343 0.250175 0.250175 2 1 0
0.322252 0.25042 0.25042 2 1 0
0.323164 0.250665 0.250665 2 1 0
0.32408 0.250911 0.250911 2 1 0
0.324999 0.251157 0.251157 2 1 0
0.325922 0.251403 0.251403 2 1 0
0.326848 0.25165 0.25165 2 1 0
0.327778 0.251897 0.251897 2 1 0
0.328711 0.252144 0.252144 2 1 0
0.329648 0.252391 0.252391 2 1 0
0.330588 0.252638 0.252638 2 1 0
0.331533 0.252886 0.252886 2 1 0
0.332481 0.253134 0.253134 2 1 0
0.333432 0.253383 0.253383 2 1 0
0.334387 0.253631 0.253631 2 1 0
0.335346 0.25388 0.25388 2 1 0
0.336309 0.254129 0.254129 2 1 0
0.337275 0.254379 0.254379 2 1 0
0.337275 0.254379 0.254379 2 1 0
0.338246 0.254628 0.254628 2 1 0
0.339219 0.254878 0.254878 2 1 0
0.340197 0.255128 0.255128 2 1 0
0.341179 0.255379 0.255379 2 1 0
0.342164 0.255629 0.255629 2 1 0
0.343154 0.25588 0.25588 2 1 0
0.344147 0.256131 0.256131 2 1 0
0.345144 0.256383 0.256383 2 1 0
0.346145 0.256635 0.256635 2 1 0
0.34715 0.256887 0.256887 2 1 0
0.348159 0.257139 0.257139 2 1 0
0.349172 0.257391 0.257391 2 1 0
0.350188 0.257644 0.257644 2 1 0
0.351209 0.257897 0.257897 2 1 0
0.352234 0.25815 0.25815 2 1 0
0.353263 0.258404 0.258404 2 1 0
0.354296 0.258658 0.258658 2 1 0
0.355334 0.258912 0.258912 2 1 0
0.356375 0.259166 0.259166 2 1 0
0.35742 0.259421 0.259421 2 1 0
0.35847 0.259676 0.259676 2 1 0
0.359524 0.259931 0.259931 2 1 0
0.360582 0.260186 0.260186 2 1 0
0.361644 0.260442 0.260442 2 1 0
0.362711 0.260698 0.260698 2 1 0
0.363782 0.260954 0.260954 2 1 0
0.364857 0.26121 0.26121 2 1 0
0.365936 0.261467 0.261467 2 1 0
0.36702 0.261724 0.261724 2 1 0
0.368108 0.261981 0.261981 2 1 0
0.3692 0.262238 0.262238 2 1 0
0.370297 0.262496 0.262496 2 1 0
0.371399 0.262754 0.262754 2 1 0
0.372505 0.263012 0.263012 2 1 0
0.373615 0.263271 0.263271 2 1 0
0.37473 0.26353 0.26353 2 1 0
0.375849 0.263789 0.263789 2 1 0
0.376973 0.264048 0.264048 2 1 0
0.378101 0.264307 0.264307 2 1 0
0.379234 0.264567 0.264567 2 1 0
0.380372 0.264827 0.264827 2 1 0
0.381514 0.265087 0.265087 2 1 0
0.382661 0.265348 0.265348 2 1 0
0.383813 0.265609 0.265609 2 1 0
0.384969 0.26587 0.26587 2 1 0
0.386131 0.266131 0.266131 2 1 0
0.387297 0.266393 0.266393 2 1 0
0.388467 0.266655 0.266655 2 1 0
0.389643 0.266917 0.266917 2 1 0
0.390823 0.267179 0.267179 2 1 0
0.392008 0.267442 0.267442 2 1 0
0.393199 0.267705 0.267705 2 1 0
0.394394 0.267968 0.267968 2 1 0
0.395594 0.268231 0.268231 2 1 0
0.396799 0.268495 0.268495 2 1 0
0.398009 0.268759 0.268759 2 1 0
0.399224 0.269023 0.269023 2 1 0
0.400444 0.269288 0.269288 2 1 0
0.401669 0.269552 0.269552 2 1 0
0.402899 0.269817 0.269817 2 1 0
0.404135 0.270082 0.270082 2 1 0
0.405375 0.270348 0.270348 2 1 0
0.406621 0.270614 0.270614 2 1 0
0.407872 0.27088 0.27088 2 1 0
0.409128 0.271146 0.271146 2 1 0
0.41039 0.271412 0.271412 2 1 0
0.411657 0.271679 0.271679 2 1 0
0.412929 0.271946 0.271946 2 1 0
0.414206 0.272213 0.272213 2 1 0
0.415489 0.272481 0.272481 2 1 0
0.416778 0.272749 0.272749 2 1 0
0.418072 0.273017 0.273017 2 1 0
0.419371 0.273285 0.273285 2 1 0
0.420676 0.273553 0.273553 2 1 0
0.421986 0.273822 0.273822 2 1 0
0.423302 0.274091 0.274091 2 1 0
0.424623 0.274361 0.274361 2 1 0
0.42595 0.27463 0.27463 2 1 0
0.427283 0.2749 0.2749 2 1 0
0.428622 0.27517 0.27517 2 1 0
0.429966 0.27544 0.27544 2 1 0
0.431316 0.275711 0.275711 2 1 0
0.432672 0.275982 0.275982 2 1 0
0.434033 0.276253 0.276253 2 1 0
0.435401 0.276524 0.276524 2 1 0
0.436774 0.276796 0.276796 2 1 0
0.438153 0.277068 0.277068 2 1 0
0.439538 0.27734 0.27734 2 1 0
0.440929 0.277612 0.277612 2 1 0
0.442327 0.277885 0.277885 2 1 0
0.44373 0.278157 0.278157 2 1 0
0.445139 0.278431 0.278431 2 1 0
0.446554 0.278704 0.278704 2 1 0
0.447976 0.278977 0.278977 2 1 0
0.449404 0.279251 0.279251 2 1 0
0.450838 0.279525 0.279525 2 1 0
0.452278 0.2798 0.2798 2 1 0
0.453724 0.280074 0.280074 2 1 0
0.455177 0.280349 0.280349 2 1 0
0.456636 0.280624 0.280624 2 1 0
0.458102 0.2809 0.2809 2 1 0
0.459574 0.281175 0.281175 2 1 0
0.461052 0.281451 0.281451 2 1 0
0.462537 0.281727 0.281727 2 1 0
0.464028 0.282003 0.282003 2 1 0
0.465526 0.28228 0.28228 2 1 0
0.467031 0.282557 0.282557 2 1 0
0.468542 0.282834 0.282834 2 1 0
0.47006 0.283111 0.283111 2 1 0
0.471585 0.283389 0.283389 2 1 0
0.473116 0.283667 0.283667 2 1 0
0.474655 0.283945 0.283945 2 1 0
0.4762 0.284223 0.284223 2 1 0
0.477751 0.284501 0.284501 2 1 0
0.47931 0.28478 0.28478 2 1 0
0.480876 0.285059 0.285059 2 1 0
0.482449 0.285338 0.285338 2 1 0
0.484029 0.285618 0.285618 2 1 0
0.485616 0.285898 0.285898 2 1 0
0.48721 0.286178 0.286178 2 1 0
0.488811 0.286458 0.286458 2 1 0
0.490419 0.286738 0.286738 2 1 0
0.492035 0.287019 0.287019 2 1 0
0.493657 0.2873 0.2873 2 1 0
0.495287 0.287581 0.287581 2 1 0
0.496925 0.287863 0.287863 2 1 0
0.49857 0.288144 0.288144 2 1 0
0.500222 0.288426 0.288426 2 1 0
0.501882 0.288708 0.288708 2 1 0
0.503549 0.288991 0.288991 2 1 0
0.505224 0.289273 0.289273 2 1 0
0.506907 0.289556 0.289556 2 1 0
0.508597 0.289839 0.289839 2 1 0
0.510295 0.290123 0.290123 2 1 0
0.512 0.290406 0.290406 2 1 0
0.513714 0.29069 0.29069 2 1 0
0.515435 0.290974 0.290974 2 1 0
0.517164 0.291258 0.291258 2 1 0
0.518901 0.291543 0.291543 2 1 0
0.520646 0.291827 0.291827 2 1 0
0.522399 0.292112 0.292112 2 1 0
0.52416 0.292398 0.292398 2 1 0
0.525929 0.292683 0.292683 2 1 0
0.527706 0.292969 0.292969 2 1 0
0.529492 0.293255 0.293255 2 1 0
0.531286 0.293541 0.293541 2 1 0
0.533088 0.293827 0.293827 2 1 0
0.534898 0.294114 0.294114 2 1 0
0.536717 0.2944 0.2944 2 1 0
0.538544 0.294687 0.294687 2 1 0
0.54038 0.294975 0.294975 2 1 0
0.542224 0.295262 0.295262 2 1 0
0.544077 0.29555 0.29555 2 1 0
0.545939 0.295838 0.295838 2 1 0
0.547809 0.296126 0.296126 2 1 0
0.549688 0.296414 0.296414 2 1 0
0.551575 0.296703 0.296703 2 1 0
0.553472 0.296991 0.296991 2 1 0
0.555377 0.29728 0.29728 2 1 0
0.557292 0.29757 0.29757 2 1 0
0.559215 0.297859 0.297859 2 1 0
0.561148 0.298149 0.298149 2 1 0
0.563089 0.298439 0.298439 2 1 0
0.56504 0.298729 0.298729 2 1 0
0.567 0.299019 0.299019 2 1 0
0.568969 0.299309 0.299309 2 1 0
0.570948 0.2996 0.2996 2 1 0
0.572936 0.299891 0.299891 2 1 0
0.574933 0.300182 0.300182 2 1 0
0.57694 0.300474 0.300474 2 1 0
0.578956 0.300765 0.300765 2 1 0
0.580982 0.301057 0.301057 2 1 0
0.583018 0.301349 0.301349 2 1 0
0.585063 0.301641 0.301641 2 1 0
0.587118 0.301934 0.301934 2 1 0
0.589183 0.302226 0.302226 2 1 0
0.591258 0.302519 0.302519 2 1 0
0.593342 0.302812 0.302812 2 1 0
0.595437 0.303105 0.303105 2 1 0
0.597542 0.303399 0.303399 2 1 0
0.599657 0.303692 0.303692 2 1 0
0.601782 0.303986 0.303986 2 1 0
0.603917 0.30428 0.30428 2 1 0
0.606063 0.304575 0.304575 2 1 0
0.608219 0.304869 0.304869 2 1 0
0.610385 0.305164 0.305164 2 1 0
0.612562 0.305458 0.305458 2 1 0
0.614749 0.305753 0.305753 2 1 0
0.616947 0.306049 0.306049 2 1 0
0.619156 0.306344 0.306344 2 1 0
0.621376 0.30664 0.30664 2 1 0
0.623606 0.306935 0.306935 2 1 0
0.625847 0.307231 0.307231 2 1 0
0.628099 0.307528 0.307528 2 1 0
0.630362 0.307824 0.307824 2 1 0
0.632636 0.30812 0.30812 2 1 0
0.634921 0.308417 0.308417 2 1 0
0.637218 0.308714 0.308714 2 1 0
0.639525 0.309011 0.309011 2 1 0
0.641844 0.309308 0.309308 2 1 0
0.644175 0.309606 0.309606 2 1 0
0.646516 0.309903 0.309903 2 1 0
0.64887 0.310201 0.310201 2 1 0
0.651235 0.310499 0.310499 2 1 0
0.653611 0.310797 0.310797 2 1 0
0.655999 0.311096 0.311096 2 1 0
0.658399 0.311394 0.311394 2 1 0
0.660811 0.311693 0.311693 2 1 0
0.663235 0.311992 0.311992 2 1 0
0.665671 0.312291 0.312291 2 1 0
0.668119 0.31259 0.31259 2 1 0
0.670579 0.312889 0.312889 2 1 0
0.673052 0.313189 0.313189 2 1 0
0.675536 0.313488 0.313488 2 1 0
0.678033 0.313788 0.313788 2 1 0
0.680543 0.314088 0.314088 2 1 0
0.683065 0.314388 0.314388 2 1 0
0.685599 0.314688 0.314688 2 1 0
0.688147 0.314989 0.314989 2 1 0
0.690706 0.315289 0.315289 2 1 0
0.693279 0.31559 0.31559 2 1 0
0.695865 0.315891 0.315891 2 1 0
0.698464 0.316192 0.316192 2 1 0
0.701075 0.316493 0.316493 2 1 0
0.7037 0.316795 0.316795 2 1 0
0.706338 0.317096 0.317096 2 1 0
0.708989 0.317398 0.317398 2 1 0
0.711654 0.317699 0.317699 2 1 0
0.714332 0.318001 0.318001 2 1 0
0.717023 0.318303 0.318303 2 1 0
0.719728 0.318606 0.318606 2 1 0
0.722447 0.318908 0.318908 2 1 0
0.72518 0.31921 0.31921 2 1 0
0.727926 0.319513 0.319513 2 1 0
0.730686 0.319816 0.319816 2 1 0
0.733461 0.320118 0.320118 2 1 0
0.736249 0.320421 0.320421 2 1 0
0.739051 0.320724 0.320724 2 1 0
0.741868 0.321027 0.321027 2 1 0
0.744699 0.321331 0.321331 2 1 0
0.747544 0.321634 0.321634 2 1 0
0.750404 0.321938 0.321938 2 1 0
0.753279 0.322241 0.322241 2 1 0
0.756168 0.322545 0.322545 2 1 0
0.759072 0.322849 0.322849 2 1 0
0.76199 0.323153 0.323153 2 1 0
0.764924 0.323457 0.323457 2 1 0
0.767872 0.323761 0.323761 2 1 0
0.770836 0.324065 0.324065 2 1 0
0.773815 0.32437 0.32437 2 1 0
0.776809 0.324674 0.324674 2 1 0
0.779818 0.324979 0.324979 2 1 0
0.782843 0.325283 0.325283 2 1 0
0.785883 0.325588 0.325588 2 1 0
0.788939 0.325893 0.325893 2 1 0
0.792011 0.326198 0.326198 2 1 0
0.795098 0.326503 0.326503 2 1 0
0.798202 0.326808 0.326808 2 1 0
0.801321 0.327113 0.327113 2 1 0
0.804456 0.327418 0.327418 2 1 0
0.807607 0.327723 0.327723 2 1 0
0.810775 0.328029 0.328029 2 1 0
0.813959 0.328334 0.328334 2 1 0
0.817159 0.328639 0.328639 2 1 0
0.820376 0.328945 0.328945 2 1 0
0.82361 0.329251 0.329251 2 1 0
0.82686 0.329556 0.329556 2 1 0
0.830127 0.329862 0.329862 2 1 0
0.83341 0.330168 0.330168 2 1 0
0.836711 0.330473 0.330473 2 1 0
0.840029 0.330779 0.330779 2 1 0
0.843364 0.331085 0.331085 2 1 0
0.846716 0.331391 0.331391 2 1 0
0.850085 0.331697 0.331697 2 1 0
0.853472 0.332003 0.332003 2 1 0
0.856877 0.332309 0.332309 2 1 0
0.860299 0.332615 0.332615 2 1 0
0.863739 0.332921 0.332921 2 1 0
0.867196 0.333227 0.333227 2 1 0
0.870672 0.333533 0.333533 2 1 0
0.874165 0.333839 0.333839 2 1 0
0.877677 0.334145 0.334145 2 1 0
0.881206 0.334451 0.334451 2 1 0
0.884754 0.334758 0.334758 2 1 0
0.888321 0.335064 0.335064 2 1 0
0.891905 0.33537 0.33537 2 1 0
0.895509 0.335676 0.335676 2 1 0
0.899131 0.335982 0.335982 2 1 0
0.902772 0.336288 0.336288 2 1 0
0.906431 0.336594 0.336594 2 1 0
0.91011 0.3369 0.3369 2 1 0
0.913808 0.337206 0.337206 2 1 0
0.917525 0.337512 0.337512 2 1 0
0.921261 0.337818 0.337818 2 1 0
0.925016 0.338124 0.338124 2 1 0
0.928791 0.33843 0.33843 2 1 0
0.932585 0.338736 0.338736 2 1 0
0.936399 0.339042 0.339042 2 1 0
0.940233 0.339348 0.339348 2 1 0
0.944086 0.339653 0.339653 2 1 0
0.94796 0.339959 0.339959 2 1 0
0.951853 0.340265 0.340265 2 1 0
0.955766 0.34057 0.34057 2 1 0
0.9597 0.340876 0.340876 2 1 0
0.963654 0.341181 0.341181 2 1 0
0.967628 0.341486 0.341486 2 1 0
0.971623 0.341792 0.341792 2 1 0
0.975639 0.342097 0.342097 2 1 0
0.979675 0.342402 0.342402 2 1 0
0.983732 0.342707 0.342707 2 1 0
0.987809 0.343012 0.343012 2 1 0
0.991908 0.343317 0.343317 2 1 0
0.996028 0.343621 0.343621 2 1 0
1.00017 0.343926 0.343926 2 1 0
1.00433 0.34423 0.34423 2 1 0
1.00851 0.344535 0.344535 2 1 0
1.01272 0.344839 0.344839 2 1 0
1.01694 0.345143 0.345143 2 1 0
1.02119 0.345447 0.345447 2 1 0
1.02546 0.345751 0.345751 2 1 0
1.02975 0.346055 0.346055 2 1 0
1.03407 0.346358 0.346358 2 1 0
1.0384 0.346662 0.346662 2 1 0
1.04276 0.346965 0.346965 2 1 0
1.04714 0.347268 0.347268 2 1 0
1.05154 0.347571 0.347571 2 1 0
1.05596 0.347874 0.347874 2 1 0
1.06041 0.348176 0.348176 2 1 0
1.06488 0.348479 0.348479 2 1 0
1.06937 0.348781 0.348781 2 1 0
1.07388 0.349083 0.349083 2 1 0
1.07842 0.349385 0.349385 2 1 0
1.08298 0.349686 0.349686 2 1 0
1.08756 0.349988 0.349988 2 1 0
1.09217 0.350289 0.350289 2 1 0
1.0968 0.35059 0.35059 2 1 0
1.10145 0.350891 0.350891 2 1 0
1.10612 0.351192 0.351192 2 1 0
1.11082 0.351492 0.351492 2 1 0
1.11554 0.351792 0.351792 2 1 0
1.12029 0.352092 0.352092 2 1 0
1.12506 0.352392 0.352392 2 1 0
1.12985 0.352691 0.352691 2 1 0
1.13467 0.35299 0.35299 2 1 0
1.13951 0.353289 0.353289 2 1 0
1.14437 0.353588 0.353588 2 1 0
1.14926 0.353886 0.353886 2 1 0
1.15417 0.354185 0.354185 2 1 0
1.1591 0.354482 0.354482 2 1 0
1.16406 0.35478 0.35478 2 1 0
1.16905 0.355077 0.355077 2 1 0
1.17405 0.355374 0.355374 2 1 0
1.17909 0.355671 0.355671 2 1 0
1.18414 0.355967 0.355967 2 1 0
1.18922 0.356263 0.356263 2 1 0
1.19433 0.356559 0.356559 2 1 0
1.19946 0.356854 0.356854 2 1 0
1.20461 0.357149 0.357149 2 1 0
1.20979 0.357444 0.357444 2 1 0
1.215 0.357739 0.357739 2 1 0
1.22023 0.358033 0.358033 2 1 0
1.22548 0.358326 0.358326 2 1 0
1.23076 0.35862 0.35862 2 1 0
1.23606 0.358913 0.358913 2 1 0
1.24139 0.359205 0.359205 2 1 0
1.24674 0.359497 0.359497 2 1 0
1.25212 0.359789 0.359789 2 1 0
1.25752 0.360081 0.360081 2 1 0
1.26295 0.360372 0.360372 2 1 0
1.26841 0.360663 0.360663 2 1 0
1.27388 0.360953 0.360953 2 1 0
1.27939 0.361243 0.361243 2 1 0
1.28492 0.361532 0.361532 2 1 0
1.29047 0.361821 0.361821 2 1 0
1.29605 0.36211 0.36211 2 1 0
1.30166 0.362398 0.362398 2 1 0
1.30729 0.362686 0.362686 2 1 0
1.31295 0.362973 0.362973 2 1 0
1.31863 0.36326 0.36326 2 1 0
1.32433 0.363546 0.363546 2 1 0
1.33007 0.363832 0.363832 2 1 0
1.33582 0.364118 0.364118 2 1 0
1.34161 0.364402 0.364402 2 1 0
1.34742 0.364687 0.364687 2 1 0
1.35325 0.364971 0.364971 2 1 0
1.35911 0.365255 0.365255 2 1 0
1.365 0.365538 0.365538 2 1 0
1.37091 0.36582 0.36582 2 1 0
1.37685 0.366102 0.366102 2 1 0
1.38281 0.366384 0.366384 2 1 0
1.3888 0.366665 0.366665 2 1 0
1.39481 0.366945 0.366945 2 1 0
1.40085 0.367225 0.367225 2 1 0
1.40691 0.367504 0.367504 2 1 0
1.413 0.367783 0.367783 2 1 0
1.41912 0.368061 0.368061 2 1 0
1.42526 0.368339 0.368339 2 1 0
1.43143 0.368616 0.368616 2 1 0
1.43762 0.368893 0.368893 2 1 0
1.44384 0.369169 0.369169 2 1 0
1.45008 0.369444 0.369444 2 1 0
1.45635 0.369719 0.369719 2 1 0
1.46265 0.369994 0.369994 2 1 0
1.46897 0.370267 0.370267 2 1 0
1.47531 0.37054 0.37054 2 1 0
1.48168 0.370813 0.370813 2 1 0
1.48808 0.371085 0.371085 2 1 0
1.4945 0.371356 0.371356 2 1 0
1.50094 0.371627 0.371627 2 1 0
1.50741 0.371897 0.371897 2 1 0
1.51391 0.372166 0.372166 2 1 0
1.52043 0.372435 0.372435 2 1 0
1.52698 0.372703 0.372703 2 1 0
1.53355 0.372971 0.372971 2 1 0
1.54015 0.373237 0.373237 2 1 0
1.54677 0.373504 0.373504 2 1 0
1.55341 0.373769 0.373769 2 1 0
1.56008 0.374034 0.374034 2 1 0
1.56678 0.374298 0.374298 2 1 0
1.5735 0.374562 0.374562 2 1 0
1.58025 0.374825 0.374825 2 1 0
1.58702 0.375087 0.375087 2 1 0
1.59381 0.375348 0.375348 2 1 0
1.60063 0.375609 0.375609 2 1 0
1.60747 0.375869 0.375869 2 1 0
1.61434 0.376128 0.376128 2 1 0
1.62123 0.376387 0.376387 2 1 0
1.62814 0.376645 0.376645 2 1 0
1.63508 0.376902 0.376902 2 1 0
1.64205 0.377159 0.377159 2 1 0
1.64903 0.377415 0.377415 2 1 0
1.65605 0.37767 0.37767 2 1 0
1.66308 0.377924 0.377924 2 1 0
1.67014 0.378178 0.378178 2 1 0
1.67722 0.378431 0.378431 2 1 0
1.68433 0.378683 0.378683 2 1 0
1.69145 0.378934 0.378934 2 1 0
1.69861 0.379185 0.379185 2 1 0
1.70578 0.379435 0.379435 2 1 0
1.71298 0.379684 0.379684 2 1 0
1.7202 0.379933 0.379933 2 1 0
1.72745 0.38018 0.38018 2 1 0
1.73471 0.380427 0.380427 2 1 0
1.742 0.380673 0.380673 2 1 0
1.74931 0.380919 0.380919 2 1 0
1.75665 0.381163 0.381163 2 1 0
1.76401 0.381407 0.381407 2 1 0
1.77139 0.38165 0.38165 2 1 0
1.77879 0.381892 0.381892 2 1 0
1.78621 0.382134 0.382134 2 1 0
1.79366 0.382374 0.382374 2 1 0
1.80112 0.382614 0.382614 2 1 0
1.80861 0.382853 0.382853 2 1 0
1.81612 0.383092 0.383092 2 1 0
1.82366 0.383329 0.383329 2 1 0
1.83121 0.383566 0.383566 2 1 0
1.83878 0.383802 0.383802 2 1 0
1.84638 0.384037 0.384037 2 1 0
1.854 0.384271 0.384271 2 1 0
1.8573 0.384372 0.384372 2 1 0
1.86495 0.384606 0.384606 1 1 0
1.87262 0.384838 0.384838 1 1 0
1.8803 0.385069 0.385069 1 1 0
1.88801 0.3853 0.3853 1 1 0
1.89574 0.38553 0.38553 1 1 0
1.90349 0.385759 0.385759 1 1 0
1.91126 0.385987 0.385987 1 1 0
1.91905 0.386215 0.386215 1 1 0
1.92686 0.386442 0.386442 1 1 0
1.93469 0.386667 0.386667 1 1 0
1.94253 0.386892 0.386892 1 1 0
1.9504 0.387117 0.387117 1 1 0
1.95829 0.38734 0.38734 1 1 0
1.9662 0.387562 0.387562 1 1 0
1.97412 0.387784 0.387784 1 1 0
1.98207 0.388005 0.388005 1 1 0
1.99003 0.388225 0.388225 1 1 0
1.99801 0.388444 0.388444 1 1 0
2.00601 0.388663 0.388663 1 1 0
2.01403 0.38888 0.38888 1 1 0
2.02207 0.389097 0.389097 1 1 0
2.03012 0.389313 0.389313 1 1 0
2.03819 0.389528 0.389528 1 1 0
2.04629 0.389742 0.389742 1 1 0
2.05439 0.389956 0.389956 1 1 0
2.06252 0.390169 0.390169 1 1 0
2.07067 0.39038 0.39038 1 1 0
2.07883 0.390591 0.390591 1 1 0
2.08701 0.390801 0.390801 1 1 0
2.0952 0.391011 0.391011 1 1 0
2.10341 0.391219 0.391219 1 1 0
2.11164 0.391427 0.391427 1 1 0
2.11989 0.391634 0.391634 1 1 0
2.12815 0.39184 0.39184 1 1 0
2.13643 0.392045 0.392045 1 1 0
2.14473 0.392249 0.392249 1 1 0
2.15304 0.392453 0.392453 1 1 0
2.16136 0.392656 0.392656 1 1 0
2.16971 0.392858 0.392858 1 1 0
2.17807 0.393059 0.393059 1 1 0
2.18644 0.393259 0.393259 1 1 0
2.19483 0.393458 0.393458 1 1 0
2.20324 0.393657 0.393657 1 1 0
2.21166 0.393855 0.393855 1 1 0
2.22009 0.394052 0.394052 1 1 0
2.22854 0.394248 0.394248 1 1 0
2.23701 0.394444 0.394444 1 1 0
2.24549 0.394638 0.394638 1 1 0
2.25399 0.394832 0.394832 1 1 0
2.2625 0.395025 0.395025 1 1 0
2.27102 0.395217 0.395217 1 1 0
2.27956 0.395408 0.395408 1 1 0
2.28811 0.395599 0.395599 1 1 0
2.29668 0.395789 0.395789 1 1 0
2.30526 0.395978 0.395978 1 1 0
2.31385 0.396166 0.396166 1 1 0
2.32246 0.396353 0.396353 1 1 0
2.33108 0.39654 0.39654 1 1 0
2.33971 0.396726 0.396726 1 1 0
2.34836 0.396911 0.396911 1 1 0
2.35702 0.397095 0.397095 1 1 0
2.36569 0.397278 0.397278 1 1 0
2.37438 0.397461 0.397461 1 1 0
2.38308 0.397643 0.397643 1 1 0
2.39179 0.397824 0.397824 1 1 0
2.40051 0.398004 0.398004 1 1 0
2.40925 0.398184 0.398184 1 1 0
2.418 0.398362 0.398362 1 1 0
2.42676 0.39854 0.39854 1 1 0
2.43553 0.398718 0.398718 1 1 0
2.44432 0.398894 0.398894 1 1 0
2.45311 0.39907 0.39907 1 1 0
2.46192 0.399245 0.399245 1 1 0
2.47074 0.399419 0.399419 1 1 0
2.47957 0.399592 0.399592 1 1 0
2.48841 0.399765 0.399765 1 1 0
2.49727 0.399937 0.399937 1 1 0
2.50613 0.400108 0.400108 1 1 0
2.51501 0.400278 0.400278 1 1 0
2.5239 0.400448 0.400448 1 1 0
2.53279 0.400617 0.400617 1 1 0
2.5417 0.400785 0.400785 1 1 0
2.55062 0.400953 0.400953 1 1 0
2.55955 0.401119 0.401119 1 1 0
2.56849 0.401285 0.401285 1 1 0
2.57744 0.401451 0.401451 1 1 0
2.5864 0.401615 0.401615 1 1 0
2.59537 0.401779 0.401779 1 1 0
2.60435 0.401942 0.401942 1 1 0
2.61334 0.402105 0.402105 1 1 0
2.62234 0.402266 0.402266 1 1 0
2.63135 0.402427 0.402427 1 1 0
2.64037 0.402587 0.402587 1 1 0
2.6494 0.402747 0.402747 1 1 0
2.65844 0.402906 0.402906 1 1 0
2.66748 0.403064 0.403064 1 1 0
2.67654 0.403221 0.403221 1 1 0
2.68561 0.403378 0.403378 1 1 0
2.69468 0.403534 0.403534 1 1 0
2.70377 0.40369 0.40369 1 1 0
2.71286 0.403844 0.403844 1 1 0
2.72196 0.403998 0.403998 1 1 0
2.73107 0.404152 0.404152 1 1 0
2.74019 0.404304 0.404304 1 1 0
2.74931 0.404456 0.404456 1 1 0
2.75845 0.404608 0.404608 1 1 0
2.76759 0.404758 0.404758 1 1 0
2.77675 0.404908 0.404908 1 1 0
2.7859 0.405058 0.405058 1 1 0
2.79507 0.405206 0.405206 1 1 0
2.80425 0.405354 0.405354 1 1 0
2.81343 0.405502 0.405502 1 1 0
2.82262 0.405648 0.405648 1 1 0
2.83182 0.405794 0.405794 1 1 0
2.84103 0.40594 0.40594 1 1 0
2.85025 0.406085 0.406085 1 1 0
2.85947 0.406229 0.406229 1 1 0
2.8687 0.406372 0.406372 1 1 0
2.87793 0.406515 0.406515 1 1 0
2.88718 0.406657 0.406657 1 1 0
2.89643 0.406799 0.406799 1 1 0
2.90569 0.40694 0.40694 1 1 0
2.91495 0.40708 0.40708 1 1 0
2.92422 0.40722 0.40722 1 1 0
2.9335 0.407359 0.407359 1 1 0
2.94279 0.407498 0.407498 1 1 0
2.95208 0.407635 0.407635 1 1 0
2.96138 0.407773 0.407773 1 1 0
2.97069 0.407909 0.407909 1 1 0
2.98 0.408046 0.408046 1 1 0
2.98932 0.408181 0.408181 1 1 0
2.99864 0.408316 0.408316 1 1 0
3.00798 0.40845 0.40845 1 1 0
0.0820526 0.145884 0.145884 4 2 0
0.082046 0.147322 0.144482 4 2 0
0.0820117 0.14954 0.142459 4 2 0
0.0819236 0.152583 0.139932 4 2 0
0.0817946 0.155676 0.137601 4 2 0
0.0816334 0.158796 0.135473 4 2 0
0.0814467 0.161953 0.133507 4 2 0
0.0812395 0.165198 0.131678 4 2 0
0.0810152 0.168549 0.12995 4 2 0
0.0807762 0.172055 0.128282 4 2 0
0.0805243 0.17575 0.126671 4 2 0
0.080261 0.179732 0.125073 4 2 0
0.0799889 0.184048 0.123535 4 2 0
0.0797119 0.188757 0.121956 4 2 0
0.0794381 0.193793 0.120415 4 2 0
0.0791798 0.199257 0.118974 4 2 0
0.0789504 0.204735 0.117599 4 2 0
0.078758 0.210029 0.116366 4 2 0
0.0786022 0.215185 0.115342 4 2 0
0.0784781 0.220092 0.114386 4 2 0
0.0783803 0.224728 0.113537 4 2 0
0.078304 0.229123 0.112816 4 2 0
0.0782456 0.233344 0.11213 4 2 0
0.078202 0.2374 0.111511 4 2 0
0.0781711 0.241138 0.110967 4 2 0
0.0781511 0.244948 0.110442 4 2 0
0.0781407 0.248648 0.109958 4 2 0
0.0781386 0.251363 0.109665 3 2 0
0.0781424 0.254897 0.109228 3 2 0
0.0781533 0.258351 0.10882 3 2 0
0.0781707 0.261862 0.108477 3 2 0
0.078194 0.265181 0.108113 3 2 0
0.0782229 0.268436 0.10777 3 2 0
0.0782569 0.271543 0.107468 3 2 0
0.0782957 0.274702 0.10716 3 2 0
0.0783391 0.27781 0.106869 3 2 0
0.0783868 0.280883 0.106613 3 2 0
0.0784387 0.283853 0.106349 3 2 0
0.0784945 0.28677 0.106099 3 2 0
0.0785541 0.289769 0.105882 3 2 0
0.0786173 0.292601 0.105654 3 2 0
0.078684 0.295382 0.105437 3 2 0
0.0787542 0.298194 0.10525 3 2 0
0.0788275 0.300931 0.105052 3 2 0
0.0789041 0.30362 0.104863 3 2 0
0.0789836 0.306095 0.104702 3 2 0
0.0790662 0.308718 0.104528 3 2 0
0.0791516 0.311296 0.104362 3 2 0
0.0792398 0.313807 0.104223 3 2 0
0.0793307 0.316229 0.104071 3 2 0
0.0794242 0.318601 0.103925 3 2 0
0.0795203 0.321161 0.103821 3 2 0
0.0796189 0.323503 0.103686 3 2 0
0.0797199 0.325799 0.103558 3 2 0
0.0798232 0.328035 0.103468 3 2 0
0.0799288 0.330269 0.103349 3 2 0
0.0800366 0.332458 0.103235 3 2 0
0.0801466 0.334528 0.103145 3 2 0
0.0802586 0.336661 0.103049 3 2 0
0.0803728 0.338751 0.102954 3 2 0
0.0804888 0.34051 0.102854 3 2 0
0.0806069 0.342562 0.102769 3 2 0
0.0807268 0.344575 0.102687 3 2 0
0.0808485 0.346065 0.102607 3 2 0
0.080972 0.347907 0.102532 3 2 0
0.0810972 0.34985 0.102455 3 2 0
0.0812242 0.351921 0.102355 3 2 0
0.0813528 0.353646 0.102284 3 2 0
0.081483 0.355334 0.102216 3 2 0
0.0816147 0.35679 0.102161 3 2 0
0.081748 0.358397 0.102098 3 2 0
0.0818828 0.360168 0.102037 3 2 0
0.0820191 0.362074 0.101993 3 2 0
0.0821567 0.363613 0.101937 3 2 0
0.0822958 0.365119 0.101883 3 2 0
0.0824362 0.367117 0.101849 3 2 0
0.082578 0.368601 0.101802 3 2 0
0.082721 0.370054 0.101757 3 2 0
0.0828654 0.371317 0.101688 3 2 0
0.083011 0.372871 0.101646 3 2 0
0.0831578 0.374396 0.101606 3 2 0
0.0833058 0.376008 0.101552 3 2 0
0.083455 0.377351 0.101515 3 2 0
0.0836053 0.378669 0.101479 3 2 0
0.0837568 0.380006 0.101442 3 2 0
0.0839093 0.381277 0.101409 3 2 0
0.084063 0.382523 0.101377 3 2 0
0.0842177 0.383787 0.101347 3 2 0
0.0843735 0.384989 0.101318 3 2 0
0.0845304 0.386324 0.10129 3 2 0
0.0846882 0.388145 0.101254 3 2 0
0.0848471 0.389336 0.101228 3 2 0
0.0850069 0.390505 0.101203 3 2 0
0.0851677 0.391905 0.101175 3 2 0
0.0853295 0.393059 0.101152 3 2 0
0.0854923 0.394193 0.101131 3 2 0
0.0856559 0.395467 0.101108 3 2 0
0.0858205 0.396584 0.101088 3 2 0
0.085986 0.397683 0.101069 3 2 0
0.0861524 0.398884 0.101049 3 2 0
0.0863197 0.399973 0.101032 3 2 0
0.0864878 0.401044 0.101015 3 2 0
0.0866568 0.402105 0.101 3 2 0
0.0868267 0.403169 0.100985 3 2 0
0.0869974 0.404217 0.100971 3 2 0
0.087169 0.404973 0.100959 3 2 0
0.0873414 0.406027 0.100946 3 2 0
0.0875146 0.407066 0.100934 3 2 0
0.0876887 0.40814 0.10092 3 2 0
0.0878635 0.409144 0.10091 3 2 0
0.0880392 0.410134 0.1009 3 2 0
0.0882156 0.41109 0.100886 3 2 0
0.0883928 0.412055 0.100877 3 2 0
0.0885708 0.413006 0.100869 3 2 0
0.0887496 0.413902 0.10086 3 2 0
0.0889291 0.414834 0.100853 3 2 0
0.0891095 0.415754 0.100847 3 2 0
0.0892905 0.416564 0.10084 3 2 0
0.0894723 0.417472 0.100834 3 2 0
0.0896549 0.418368 0.100829 3 2 0
0.0898382 0.419137 0.100824 3 2 0
0.0900223 0.420021 0.10082 3 2 0
0.090207 0.420894 0.100817 3 2 0
0.0903925 0.421591 0.100814 3 2 0
0.0905788 0.422455 0.100811 3 2 0
0.0907657 0.423308 0.100809 3 2 0
0.0909534 0.42396 0.100807 3 2 0
0.0911418 0.424805 0.100806 3 2 0
0.0913309 0.425638 0.100805 3 2 0
0.0915207 0.426244 0.100804 3 2 0
0.0917112 0.427069 0.100804 3 2 0
0.0919025 0.427884 0.100804 3 2 0
0.0920944 0.428427 0.100805 3 2 0
0.092287 0.429235 0.100807 3 2 0
0.0924803 0.430034 0.100808 3 2 0
0.0926743 0.43054 0.100809 3 2 0
0.092869 0.431331 0.100812 3 2 0
0.0930644 0.432114 0.100814 3 2 0
0.0932605 0.432575 0.100817 3 2 0
0.0934572 0.433351 0.100821 3 2 0
0.0936546 0.434118 0.100824 3 2 0
0.0938528 0.434789 0.100828 3 2 0
0.0940515 0.435435 0.100832 3 2 0
0.094251 0.436092 0.100837 3 2 0
0.0944512 0.437024 0.100842 3 2 0
0.094652 0.437658 0.100847 3 2 0
0.0948535 0.438285 0.100853 3 2 0
0.0950556 0.439177 0.100857 3 2 0
0.0952585 0.439798 0.100864 3 2 0
0.095462 0.440414 0.10087 3 2 0
0.0956661 0.441293 0.100877 3 2 0
0.095871 0.441905 0.100884 3 2 0
0.0960765 0.44251 0.100892 3 2 0
0.0962827 0.443348 0.100898 3 2 0
0.0964895 0.44395 0.100906 3 2 0
0.096697 0.444546 0.100914 3 2 0
0.0969052 0.445314 0.100922 3 2 0
0.097114 0.445906 0.100931 3 2 0
0.0973235 0.446492 0.10094 3 2 0
0.0975336 0.447177 0.100948 3 2 0
0.0977445 0.447757 0.100957 3 2 0
0.0979559 0.44833 0.100967 3 2 0
0.0981681 0.449037 0.100977 3 2 0
0.0983809 0.449607 0.100987 3 2 0
0.0985943 0.450172 0.100997 3 2 0
0.0988085 0.450877 0.101006 3 2 0
0.0990232 0.451442 0.101017 3 2 0
0.0992387 0.452001 0.101027 3 2 0
0.0994548 0.452607 0.101039 3 2 0
0.0996716 0.453161 0.101051 3 2 0
0.099889 0.45371 0.101062 3 2 0
0.100107 0.45425 0.101073 3 2 0
0.100326 0.454789 0.101085 3 2 0
0.100545 0.455322 0.101097 3 2 0
0.100765 0.455946 0.101109 3 2 0
0.100986 0.456482 0.101121 3 2 0
0.101207 0.457014 0.101134 3 2 0
0.10143 0.457508 0.101146 3 2 0
0.101652 0.458044 0.101159 3 2 0
0.101876 0.458576 0.101173 3 2 0
0.1021 0.459117 0.101186 3 2 0
0.102324 0.459629 0.1012 3 2 0
0.10255 0.460137 0.101214 3 2 0
0.102776 0.460646 0.101227 3 2 0
0.103003 0.461157 0.101241 3 2 0
0.10323 0.461664 0.101255 3 2 0
0.103458 0.462145 0.10127 3 2 0
0.103687 0.462647 0.101285 3 2 0
0.103916 0.463145 0.1013 3 2 0
0.104146 0.463438 0.101312 3 2 0
0.104377 0.463944 0.101328 3 2 0
0.104608 0.464445 0.101343 3 2 0
0.10484 0.465062 0.101359 3 2 0
0.105073 0.465546 0.101375 3 2 0
0.105307 0.466026 0.101391 3 2 0
0.105541 0.466479 0.101407 3 2 0
0.105775 0.466954 0.101423 3 2 0
0.106011 0.467425 0.10144 3 2 0
0.106247 0.467254 0.101453 3 2 0
0.106484 0.467748 0.101469 3 2 0
0.106721 0.468237 0.101486 3 2 0
0.106959 0.46927 0.101505 3 2 0
0.107198 0.469722 0.101522 3 2 0
0.107438 0.470171 0.101539 3 2 0
0.107678 0.470503 0.101557 3 2 0
0.107919 0.470958 0.101575 3 2 0
0.108161 0.47141 0.101593 3 2 0
0.108403 0.471934 0.101611 3 2 0
0.108646 0.472368 0.101629 3 2 0
0.10889 0.472798 0.101648 3 2 0
0.109134 0.473202 0.101664 3 2 0
0.109379 0.473634 0.101683 3 2 0
0.109625 0.474062 0.101701 3 2 0
0.109871 0.474383 0.101724 3 2 0
0.110118 0.474788 0.101743 3 2 0
0.110366 0.47519 0.101762 3 2 0
0.110615 0.475492 0.101782 3 2 0
0.110864 0.475884 0.101802 3 2 0
0.111114 0.476273 0.101821 3 2 0
0.111365 0.476562 0.10184 3 2 0
0.111616 0.476942 0.10186 3 2 0
0.111868 0.47732 0.10188 3 2 0
0.112121 0.477733 0.101899 3 2 0
0.112374 0.478106 0.101919 3 2 0
0.112628 0.478476 0.10194 3 2 0
0.112883 0.478709 0.101959 3 2 0
0.113139 0.479071 0.10198 3 2 0
0.113395 0.47943 0.102 3 2 0
0.113652 0.479755 0.10202 3 2 0
0.11391 0.480109 0.102041 3 2 0
0.114169 0.48046 0.102062 3 2 0
0.114428 0.480647 0.102082 3 2 0
0.114688 0.481062 0.102103 3 2 0
0.114949 0.481473 0.102124 3 2 0
0.11521 0.482408 0.102138 3 2 0
0.115472 0.482801 0.10216 3 2 0
0.115735 0.483191 0.102181 3 2 0
0.115999 0.483048 0.102204 3 2 0
0.116263 0.483383 0.102226 3 2 0
0.116528 0.483716 0.102248 3 2 0
0.116794 0.483977 0.102275 3 2 0
0.117061 0.484304 0.102297 3 2 0
0.117328 0.484629 0.102319 3 2 0
0.117596 0.485624 0.102338 3 2 0
0.117865 0.485999 0.10236 3 2 0
0.118134 0.486372 0.102383 3 2 0
0.118405 0.486357 0.102406 3 2 0
0.118676 0.486734 0.102428 3 2 0
0.118948 0.487109 0.102451 3 2 0
0.11922 0.487701 0.102473 3 2 0
0.119494 0.488065 0.102496 3 2 0
0.119768 0.488427 0.102519 3 2 0
0.120043 0.488641 0.102542 3 2 0
0.120318 0.489002 0.102565 3 2 0
0.120595 0.48936 0.102589 3 2 0
0.120872 0.489951 0.10261 3 2 0
0.12115 0.490297 0.102633 3 2 0
0.121428 0.49064 0.102657 3 2 0
0.121708 0.490769 0.10268 3 2 0
0.121988 0.491115 0.102704 3 2 0
0.122269 0.491459 0.102727 3 2 0
0.122551 0.492009 0.102749 3 2 0
0.122834 0.49234 0.102773 3 2 0
0.123117 0.492669 0.102798 3 2 0
0.123401 0.492895 0.102818 3 2 0
0.123686 0.493225 0.102843 3 2 0
0.123972 0.493552 0.102867 3 2 0
0.124259 0.493828 0.102892 3 2 0
0.124546 0.494153 0.102917 3 2 0
0.124834 0.494476 0.102941 3 2 0
0.125123 0.494762 0.102967 3 2 0
0.125413 0.495082 0.102991 3 2 0
0.125704 0.4954 0.103016 3 2 0
0.125995 0.495735 0.10304 3 2 0
0.126287 0.496048 0.103065 3 2 0
0.12658 0.496358 0.10309 3 2 0
0.126874 0.496635 0.103115 3 2 0
0.127169 0.496943 0.10314 3 2 0
0.127464 0.497249 0.103166 3 2 0
0.127761 0.497551 0.10319 3 2 0
0.128058 0.497853 0.103216 3 2 0
0.128356 0.498154 0.103241 3 2 0
0.128655 0.498396 0.103266 3 2 0
0.128954 0.498695 0.103292 3 2 0
0.129255 0.498993 0.103318 3 2 0
0.129556 0.499305 0.103343 3 2 0
0.129858 0.499598 0.103369 3 2 0
0.130161 0.499889 0.103395 3 2 0
0.130465 0.500114 0.103418 3 2 0
0.13077 0.500405 0.103444 3 2 0
0.131075 0.500693 0.103471 3 2 0
0.131382 0.501048 0.103498 3 2 0
0.131689 0.501329 0.103524 3 2 0
0.131997 0.501607 0.103551 3 2 0
0.132306 0.501872 0.103578 3 2 0
0.132616 0.502149 0.103604 3 2 0
0.132927 0.502423 0.103631 3 2 0
0.133238 0.502709 0.103659 3 2 0
0.133551 0.502977 0.103685 3 2 0
0.133864 0.503242 0.103712 3 2 0
0.134178 0.503471 0.103741 3 2 0
0.134494 0.503741 0.103768 3 2 0
0.13481 0.50401 0.103795 3 2 0
0.135127 0.504301 0.103826 3 2 0
0.135444 0.50456 0.103853 3 2 0
0.135763 0.504818 0.10388 3 2 0
0.136083 0.505079 0.103909 3 2 0
0.136403 0.505337 0.103936 3 2 0
0.136724 0.505594 0.103963 3 2 0
0.137047 0.505844 0.103993 3 2 0
0.13737 0.506096 0.10402 3 2 0
0.137694 0.506346 0.104048 3 2 0
0.138019 0.506562 0.104076 3 2 0
0.138345 0.506806 0.104103 3 2 0
0.138672 0.507049 0.104131 3 2 0
0.139 0.507353 0.104161 3 2 0
0.139328 0.507599 0.104189 3 2 0
0.139658 0.507844 0.104217 3 2 0
0.139989 0.508042 0.104246 3 2 0
0.14032 0.508279 0.104274 3 2 0
0.140653 0.508515 0.104302 3 2 0
0.140986 0.508756 0.10433 3 2 0
0.14132 0.508989 0.104358 3 2 0
0.141656 0.509221 0.104386 3 2 0
0.141992 0.50953 0.104419 3 2 0
0.142329 0.509765 0.104447 3 2 0
0.142667 0.509999 0.104476 3 2 0
0.143006 0.510118 0.104502 3 2 0
0.143347 0.510343 0.104531 3 2 0
0.143688 0.510566 0.10456 3 2 0
0.14403 0.510929 0.10459 3 2 0
0.144373 0.511157 0.104618 3 2 0
0.144717 0.511384 0.104647 3 2 0
0.145062 0.511562 0.104675 3 2 0
0.145408 0.511783 0.104704 3 2 0
0.145755 0.512002 0.104733 3 2 0
0.146102 0.512288 0.104762 3 2 0
0.146451 0.512509 0.104791 3 2 0
0.146801 0.512729 0.104821 3 2 0
0.147152 0.512941 0.104848 3 2 0
0.147504 0.513158 0.104877 3 2 0
0.147857 0.513373 0.104906 3 2 0
0.148211 0.513614 0.104936 3 2 0
0.148566 0.513829 0.104966 3 2 0
0.148922 0.514043 0.104995 3 2 0
0.149279 0.514264 0.105021 3 2 0
0.149637 0.514476 0.105051 3 2 0
0.149996 0.514687 0.10508 3 2 0
0.150356 0.514907 0.105109 3 2 0
0.150717 0.515116 0.105138 3 2 0
0.15108 0.515324 0.105168 3 2 0
0.151443 0.515551 0.105198 3 2 0
0.151807 0.515758 0.105227 3 2 0
0.152172 0.515965 0.105257 3 2 0
0.152539 0.516182 0.105283 3 2 0
0.152906 0.516387 0.105313 3 2 0
0.153275 0.516592 0.105343 3 2 0
0.153644 0.516801 0.105372 3 2 0
0.154015 0.517004 0.105402 3 2 0
0.154387 0.517206 0.105432 3 2 0
0.15476 0.517411 0.105461 3 2 0
0.155134 0.517613 0.105491 3 2 0
0.155509 0.517814 0.105521 3 2 0
0.155885 0.517997 0.105549 3 2 0
0.156262 0.518199 0.105579 3 2 0
0.15664 0.5184 0.105609 3 2 0
0.157019 0.518608 0.105639 3 2 0
0.1574 0.518804 0.10567 3 2 0
0.157781 0.518999 0.1057 3 2 0
0.158164 0.519195 0.105731 3 2 0
0.158548 0.519389 0.105762 3 2 0
0.158933 0.519581 0.105792 3 2 0
0.159319 0.519763 0.105822 3 2 0
0.159706 0.519952 0.105853 3 2 0
0.160095 0.52014 0.105883 3 2 0
0.160484 0.520329 0.105913 3 2 0
0.160875 0.520515 0.105944 3 2 0
0.161266 0.5207 0.105974 3 2 0
0.161659 0.520874 0.106004 3 2 0
0.162053 0.521056 0.106035 3 2 0
0.162449 0.521237 0.106065 3 2 0
0.162845 0.521416 0.106095 3 2 0
0.163243 0.521595 0.106126 3 2 0
0.163641 0.521773 0.106156 3 2 0
0.164041 0.521955 0.106188 3 2 0
0.164442 0.522131 0.106218 3 2 0
0.164845 0.522307 0.106249 3 2 0
0.165248 0.522485 0.106278 3 2 0
0.165653 0.522658 0.106309 3 2 0
0.166059 0.522831 0.10634 3 2 0
0.166466 0.522998 0.106371 3 2 0
0.166874 0.523169 0.106402 3 2 0
0.167284 0.523339 0.106433 3 2 0
0.167694 0.523525 0.106465 3 2 0
0.168106 0.523694 0.106496 3 2 0
0.16852 0.523861 0.106527 3 2 0
0.168934 0.524095 0.106559 3 2 0
0.16935 0.524263 0.10659 3 2 0
0.169766 0.52443 0.106621 3 2 0
0.170185 0.524604 0.106655 3 2 0
0.170604 0.52477 0.106686 3 2 0
0.171025 0.524935 0.106718 3 2 0
0.171447 0.525018 0.106755 3 2 0
0.17187 0.525179 0.106787 3 2 0
0.172294 0.525339 0.106818 3 2 0
0.17272 0.525413 0.106855 3 2 0
0.173147 0.525569 0.106886 3 2 0
0.173575 0.525725 0.106917 3 2 0
0.174005 0.525666 0.106923 3 2 0
0.174436 0.525817 0.106954 3 2 0
0.174868 0.525967 0.106986 3 2 0
0.175301 0.526318 0.107013 3 2 0
0.175736 0.526469 0.107045 3 2 0
0.176172 0.52662 0.107077 3 2 0
0.17661 0.526194 0.107111 3 2 0
0.177048 0.526337 0.107143 3 2 0
0.177488 0.52648 0.107175 3 2 0
0.17793 0.527266 0.107208 3 2 0
0.178373 0.527414 0.10724 3 2 0
0.178817 0.52756 0.107272 3 2 0
0.179262 0.527404 0.107306 3 2 0
0.179709 0.527546 0.107338 3 2 0
0.180157 0.527688 0.10737 3 2 0
0.180607 0.52801 0.107405 3 2 0
0.181058 0.528152 0.107437 3 2 0
0.18151 0.528293 0.107469 3 2 0
0.181964 0.528025 0.107505 3 2 0
0.182419 0.528161 0.107537 3 2 0
0.182875 0.528297 0.107569 3 2 0
0.183333 0.528322 0.107601 3 2 0
0.183792 0.528455 0.107633 3 2 0
0.184253 0.528588 0.107666 3 2 0
0.184715 0.528648 0.107703 3 2 0
0.185178 0.52878 0.107735 3 2 0
0.185643 0.528913 0.107767 3 2 0
0.18611 0.529515 0.1078 3 2 0
0.186578 0.529687 0.107832 3 2 0
0.187047 0.529858 0.107864 3 2 0
0.187518 0.530114 0.107903 3 2 0
0.18799 0.530282 0.107936 3 2 0
0.188463 0.530449 0.107968 3 2 0
0.188938 0.531002 0.108002 3 2 0
0.189415 0.53116 0.108035 3 2 0
0.189893 0.531317 0.108067 3 2 0
0.190373 0.531595 0.108108 3 2 0
0.190854 0.531748 0.108141 3 2 0
0.191336 0.531899 0.108173 3 2 0
0.19182 0.531984 0.108204 3 2 0
0.192306 0.532136 0.108233 3 2 0
0.192793 0.532288 0.108261 3 2 0
0.193281 0.532385 0.108283 3 2 0
0.193771 0.532537 0.108311 3 2 0
0.194263 0.532687 0.10834 3 2 0
0.194756 0.532892 0.108365 3 2 0
0.195251 0.533039 0.108393 3 2 0
0.195747 0.533186 0.108422 3 2 0
0.196245 0.533381 0.10844 3 2 0
0.196745 0.533524 0.108468 3 2 0
0.197246 0.533667 0.108497 3 2 0
0.197748 0.533831 0.108521 3 2 0
0.198252 0.533965 0.10855 3 2 0
0.198758 0.534098 0.108578 3 2 0
0.199265 0.534249 0.10861 3 2 0
0.199774 0.534386 0.108638 3 2 0
0.200285 0.534524 0.108666 3 2 0
0.200797 0.534646 0.108683 3 2 0
0.201311 0.534783 0.108711 3 2 0
0.201826 0.534919 0.10874 3 2 0
0.202344 0.535068 0.10877 3 2 0
0.202862 0.535201 0.108799 3 2 0
0.203383 0.535334 0.108827 3 2 0
0.203905 0.535466 0.108855 3 2 0
0.204428 0.535597 0.108883 3 2 0
0.204954 0.535728 0.108912 3 2 0
0.205481 0.535853 0.108937 3 2 0
0.20601 0.535982 0.108965 3 2 0
0.20654 0.536111 0.108994 3 2 0
0.207072 0.536176 0.109021 3 2 0
0.207606 0.5363 0.109049 3 2 0
0.208142 0.536423 0.109077 3 2 0
0.208679 0.536597 0.109106 3 2 0
0.209218 0.536722 0.109134 3 2 0
0.209759 0.536846 0.109163 3 2 0
0.210301 0.53701 0.109191 3 2 0
0.210846 0.537135 0.109219 3 2 0
0.211392 0.53726 0.109248 3 2 0
0.211939 0.537373 0.109276 3 2 0
0.212489 0.537496 0.109305 3 2 0
0.21304 0.537618 0.109333 3 2 0
0.213594 0.537694 0.109361 3 2 0
0.214149 0.537814 0.109389 3 2 0
0.214705 0.537933 0.109418 3 2 0
0.215264 0.538153 0.109447 3 2 0
0.215824 0.538277 0.109475 3 2 0
0.216386 0.538401 0.109503 3 2 0
0.216951 0.538451 0.109537 3 2 0
0.217516 0.538569 0.109565 3 2 0
0.218084 0.538686 0.109594 3 2 0
0.218654 0.538879 0.109621 3 2 0
0.219225 0.538999 0.109649 3 2 0
0.219799 0.539118 0.109677 3 2 0
0.220374 0.539257 0.109708 3 2 0
0.220951 0.539378 0.109736 3 2 0
0.22153 0.539498 0.109764 3 2 0
0.222111 0.539434 0.109791 3 2 0
0.222694 0.539546 0.109819 3 2 0
0.223279 0.539658 0.109847 3 2 0
0.223865 0.539948 0.109876 3 2 0
0.224454 0.540064 0.109904 3 2 0
0.225045 0.54018 0.109932 3 2 0
0.225637 0.540231 0.109958 3 2 0
0.226232 0.540344 0.109986 3 2 0
0.226828 0.540456 0.110013 3 2 0
0.227427 0.540597 0.11004 3 2 0
0.228027 0.540709 0.110068 3 2 0
0.22863 0.540821 0.110095 3 2 0
0.229234 0.540757 0.110158 3 2 0
0.229841 0.540864 0.110186 3 2 0
0.23045 0.540971 0.110214 3 2 0
0.23106 0.541234 0.110234 3 2 0
0.231673 0.541343 0.110262 3 2 0
0.232288 0.541452 0.11029 3 2 0
0.232904 0.541583 0.110315 3 2 0
0.233523 0.541691 0.110343 3 2 0
0.234144 0.541799 0.110371 3 2 0
0.234767 0.541438 0.110429 3 2 0
0.235392 0.54154 0.110457 3 2 0
0.23602 0.541641 0.110485 3 2 0
0.236649 0.541971 0.110501 3 2 0
0.237281 0.542074 0.110529 3 2 0
0.237914 0.542176 0.110557 3 2 0
0.23855 0.542201 0.110611 3 2 0
0.239188 0.542303 0.110639 3 2 0
0.239828 0.542403 0.110667 3 2 0
0.24047 0.542497 0.110694 3 2 0
0.241115 0.542597 0.110721 3 2 0
0.241762 0.542697 0.110749 3 2 0
0.24241 0.542919 0.110808 3 2 0
0.243062 0.54302 0.110836 3 2 0
0.243715 0.54312 0.110864 3 2 0
0.244371 0.543195 0.110885 3 2 0
0.245028 0.543294 0.110913 3 2 0
0.245688 0.543393 0.110941 3 2 0
0.246351 0.543339 0.111005 3 2 0
0.247015 0.543436 0.111033 3 2 0
0.247682 0.543533 0.111061 3 2 0
0.248352 0.54403 0.111088 3 2 0
0.249023 0.544131 0.111116 3 2 0
0.249697 0.54423 0.111144 3 2 0
0.250373 0.543932 0.111182 3 2 0
0.251052 0.544063 0.11121 3 2 0
0.251733 0.544195 0.111238 3 2 0
0.252416 0.54399 0.111278 3 2 0
0.253102 0.544103 0.11131 3 2 0
0.25379 0.544237 0.111343 3 2 0
0.25448 0.544579 0.11138 3 2 0
0.255173 0.544674 0.11141 3 2 0
0.255868 0.544769 0.111438 3 2 0
0.256566 0.544683 0.111428 3 2 0
0.257266 0.544776 0.111461 3 2 0
0.257969 0.54487 0.111494 3 2 0
0.258674 0.545026 0.111528 3 2 0
0.259381 0.545119 0.111562 3 2 0
0.260091 0.545213 0.111596 3 2 0
0.260804 0.545448 0.111574 3 2 0
0.261519 0.54558 0.111606 3 2 0
0.262236 0.545711 0.111639 3 2 0
0.262956 0.546005 0.111684 3 2 0
0.263679 0.546134 0.111718 3 2 0
0.264404 0.546261 0.111752 3 2 0
0.265132 0.546485 0.111723 3 2 0
0.265862 0.546611 0.111755 3 2 0
0.266595 0.546736 0.111788 3 2 0
0.267331 0.547055 0.111838 3 2 0
0.268069 0.547177 0.111871 3 2 0
0.26881 0.547298 0.111906 3 2 0
0.269553 0.547216 0.111893 3 2 0
0.270299 0.54734 0.111926 3 2 0
0.271048 0.547464 0.111959 3 2 0
0.271799 0.547565 0.111995 3 2 0
0.272553 0.547689 0.112029 3 2 0
0.27331 0.547812 0.112063 3 2 0
0.27407 0.54799 0.112074 3 2 0
0.274832 0.548112 0.112108 3 2 0
0.275597 0.548234 0.112142 3 2 0
0.276365 0.548312 0.11216 3 2 0
0.277135 0.548434 0.112194 3 2 0
0.277909 0.548555 0.112228 3 2 0
0.278685 0.548645 0.112243 3 2 0
0.279464 0.548767 0.112276 3 2 0
0.280245 0.548888 0.11231 3 2 0
0.28103 0.54916 0.112344 3 2 0
0.281818 0.549278 0.112379 3 2 0
0.282608 0.549395 0.112414 3 2 0
0.283401 0.549492 0.112409 3 2 0
0.284197 0.54961 0.112442 3 2 0
0.284996 0.549727 0.112476 3 2 0
0.285798 0.54991 0.112519 3 2 0
0.286603 0.550026 0.112553 3 2 0
0.287411 0.550141 0.112588 3 2 0
0.288222 0.550299 0.112601 3 2 0
0.289035 0.550412 0.112636 3 2 0
0.289852 0.550525 0.11267 3 2 0
0.290672 0.55067 0.112699 3 2 0
0.291495 0.55078 0.112734 3 2 0
0.29232 0.55089 0.112769 3 2 0
0.293149 0.551005 0.112789 3 2 0
0.293981 0.551114 0.112823 3 2 0
0.294816 0.551222 0.112858 3 2 0
0.295654 0.551314 0.112886 3 2 0
0.296495 0.55142 0.11292 3 2 0
0.29734 0.551526 0.112956 3 2 0
0.298187 0.551604 0.11298 3 2 0
0.299038 0.551708 0.113015 3 2 0
0.299892 0.551813 0.11305 3 2 0
0.300749 0.551911 0.113077 3 2 0
0.301609 0.552015 0.113112 3 2 0
0.302472 0.552119 0.113147 3 2 0
0.303339 0.552194 0.113175 3 2 0
0.304209 0.552297 0.11321 3 2 0
0.305082 0.5524 0.113245 3 2 0
0.305959 0.552487 0.113275 3 2 0
0.306838 0.55259 0.11331 3 2 0
0.307722 0.552693 0.113346 3 2 0
0.308608 0.55273 0.113376 3 2 0
0.309498 0.552831 0.113411 3 2 0
0.310391 0.552933 0.113447 3 2 0
0.311287 0.553012 0.113479 3 2 0
0.312187 0.553113 0.113514 3 2 0
0.313091 0.553214 0.113549 3 2 0
0.313998 0.553289 0.113583 3 2 0
0.314908 0.55339 0.113619 3 2 0
0.315822 0.553491 0.113654 3 2 0
0.316739 0.55366 0.11369 3 2 0
0.317659 0.553761 0.113725 3 2 0
0.318584 0.553863 0.11376 3 2 0
0.319511 0.554069 0.113797 3 2 0
0.320443 0.554173 0.113832 3 2 0
0.321378 0.554276 0.113868 3 2 0
0.322316 0.554299 0.113906 3 2 0
0.323258 0.554401 0.113941 3 2 0
0.324204 0.554503 0.113977 3 2 0
0.325154 0.554341 0.114018 3 2 0
0.326107 0.554441 0.114053 3 2 0
0.327063 0.55454 0.114089 3 2 0
0.328024 0.554816 0.114132 3 2 0
0.328988 0.554945 0.114168 3 2 0
0.329956 0.555073 0.114203 3 2 0
0.330928 0.555032 0.114239 3 2 0
0.331903 0.555133 0.114276 3 2 0
0.332883 0.555233 0.114312 3 2 0
0.333866 0.555564 0.114364 3 2 0
0.334853 0.555693 0.1144 3 2 0
0.335843 0.555821 0.114435 3 2 0
0.336838 0.555773 0.11447 3 2 0
0.337837 0.555875 0.114507 3 2 0
0.338839 0.555978 0.114543 3 2 0
0.339846 0.556184 0.114597 3 2 0
0.340856 0.556315 0.114632 3 2 0
0.341871 0.556445 0.114669 3 2 0
0.342889 0.556259 0.114704 3 2 0
0.343912 0.556394 0.114741 3 2 0
0.344938 0.55653 0.114778 3 2 0
0.345969 0.556691 0.114835 3 2 0
0.347003 0.556826 0.114871 3 2 0
0.348042 0.556961 0.114908 3 2 0
0.349085 0.557008 0.11495 3 2 0
0.350132 0.557145 0.114987 3 2 0
0.351183 0.557281 0.115025 3 2 0
0.352239 0.557986 0.115067 3 2 0
0.353298 0.55811 0.115105 3 2 0
0.354362 0.558235 0.115143 3 2 0
0.35543 0.558367 0.115198 3 2 0
0.356503 0.558491 0.115235 3 2 0
0.35758 0.558615 0.115273 3 2 0
0.358661 0.558798 0.115326 3 2 0
0.359746 0.558919 0.115363 3 2 0
0.360836 0.559039 0.115401 3 2 0
0.36193 0.559159 0.115437 3 2 0
0.363029 0.559279 0.115476 3 2 0
0.364132 0.5594 0.115516 3 2 0
0.36524 0.559472 0.115587 3 2 0
0.366352 0.559597 0.115625 3 2 0
0.367468 0.559723 0.115663 3 2 0
0.368589 0.559819 0.115701 3 2 0
0.369715 0.559946 0.11574 3 2 0
0.370845 0.560073 0.11578 3 2 0
0.37198 0.560251 0.115835 3 2 0
0.37312 0.560374 0.115875 3 2 0
0.374264 0.560497 0.115914 3 2 0
0.375413 0.560615 0.115965 3 2 0
0.376567 0.560737 0.116005 3 2 0
0.377725 0.560859 0.116046 3 2 0
0.378888 0.560991 0.116115 3 2 0
0.380056 0.561116 0.116155 3 2 0
0.381229 0.561241 0.116194 3 2 0
0.382407 0.561342 0.116246 3 2 0
0.383589 0.561471 0.116286 3 2 0
0.384777 0.561599 0.116326 3 2 0
0.385969 0.561741 0.116374 3 2 0
0.387166 0.561868 0.116415 3 2 0
0.388369 0.561994 0.116456 3 2 0
0.389576 0.561993 0.116514 3 2 0
0.390788 0.562113 0.116556 3 2 0
0.392006 0.562234 0.116598 3 2 0
0.393228 0.561921 0.116666 3 2 0
0.394456 0.562036 0.116708 3 2 0
0.395689 0.562151 0.116749 3 2 0
0.396927 0.56224 0.116791 3 2 0
0.39817 0.562386 0.116834 3 2 0
0.399418 0.562533 0.116877 3 2 0
0.400672 0.563252 0.116929 3 2 0
0.401931 0.563379 0.116983 3 2 0
0.403195 0.563506 0.117037 3 2 0
0.404465 0.563624 0.11709 3 2 0
0.40574 0.563759 0.117133 3 2 0
0.40702 0.563894 0.117177 3 2 0
0.408306 0.563818 0.117222 3 2 0
0.409597 0.563941 0.117277 3 2 0
0.410894 0.564064 0.117333 3 2 0
0.412197 0.564047 0.117374 3 2 0
0.413504 0.564194 0.117419 3 2 0
0.414818 0.564341 0.117464 3 2 0
0.416137 0.564689 0.117518 3 2 0
0.417462 0.564816 0.117574 3 2 0
0.418792 0.564942 0.117631 3 2 0
0.420129 0.565056 0.117677 3 2 0
0.421471 0.5652 0.117723 3 2 0
0.422818 0.565344 0.117769 3 2 0
0.424172 0.565657 0.117853 3 2 0
0.425532 0.565794 0.117904 3 2 0
0.426897 0.565932 0.117949 3 2 0
0.428268 0.566052 0.118002 3 2 0
0.429645 0.566192 0.118048 3 2 0
0.431029 0.566332 0.118095 3 2 0
0.432418 0.566462 0.118163 3 2 0
0.433813 0.566597 0.11821 3 2 0
0.435214 0.566732 0.118257 3 2 0
0.436622 0.566853 0.118314 3 2 0
0.438036 0.566988 0.118362 3 2 0
0.439455 0.567123 0.11841 3 2 0
0.440882 0.567182 0.118483 3 2 0
0.442314 0.567316 0.118531 3 2 0
0.443753 0.567449 0.11858 3 2 0
0.445198 0.567628 0.118616 3 2 0
0.446649 0.567777 0.118667 3 2 0
0.448107 0.567925 0.118719 3 2 0
0.449571 0.567801 0.118804 3 2 0
0.451042 0.567933 0.118868 3 2 0
0.452519 0.568064 0.118933 3 2 0
0.454003 0.568159 0.118948 3 2 0
0.455493 0.568317 0.119001 3 2 0
0.45699 0.568475 0.119055 3 2 0
0.458494 0.568366 0.119154 3 2 0
0.460004 0.568496 0.119205 3 2 0
0.461521 0.568627 0.119256 3 2 0
0.463045 0.569225 0.119284 3 2 0
0.464576 0.569381 0.11934 3 2 0
0.466114 0.569538 0.119398 3 2 0
0.467658 0.569775 0.119483 3 2 0
0.46921 0.569915 0.119537 3 2 0
0.470769 0.570056 0.119592 3 2 0
0.472334 0.570291 0.11964 3 2 0
0.473907 0.570444 0.119698 3 2 0
0.475487 0.570597 0.119756 3 2 0
0.477074 0.570765 0.119834 3 2 0
0.478668 0.570911 0.119891 3 2 0
0.480269 0.571058 0.119948 3 2 0
0.481878 0.57119 0.120008 3 2 0
0.483494 0.571344 0.120067 3 2 0
0.485117 0.571499 0.120127 3 2 0
0.486748 0.571645 0.120193 3 2 0
0.488386 0.571792 0.120253 3 2 0
0.490032 0.57194 0.120314 3 2 0
0.491685 0.572145 0.120376 3 2 0
0.493346 0.572297 0.120438 3 2 0
0.495015 0.57245 0.120502 3 2 0
0.496691 0.572604 0.120569 3 2 0
0.498375 0.572758 0.120631 3 2 0
0.500067 0.572912 0.120695 3 2 0
0.501766 0.573057 0.120762 3 2 0
0.503474 0.57321 0.120826 3 2 0
0.505189 0.573363 0.120891 3 2 0
0.506912 0.57353 0.120957 3 2 0
0.508644 0.573685 0.121024 3 2 0
0.510383 0.573841 0.121092 3 2 0
0.512131 0.574001 0.121157 3 2 0
0.513886 0.574159 0.121225 3 2 0
0.51565 0.574318 0.121293 3 2 0
0.517422 0.574477 0.12136 3 2 0
0.519203 0.574635 0.121429 3 2 0
0.520991 0.574794 0.121499 3 2 0
0.522789 0.574945 0.121567 3 2 0
0.524594 0.575103 0.121637 3 2 0
0.526408 0.575261 0.121709 3 2 0
0.528231 0.575434 0.121778 3 2 0
0.530062 0.575595 0.121851 3 2 0
0.531902 0.575756 0.121926 3 2 0
0.533751 0.575906 0.121991 3 2 0
0.535609 0.57607 0.122066 3 2 0
0.537475 0.576235 0.122141 3 2 0
0.53935 0.576324 0.122203 3 2 0
0.541234 0.576493 0.122277 3 2 0
0.543127 0.576662 0.122352 3 2 0
0.545029 0.576835 0.122428 3 2 0
0.546941 0.576994 0.122506 3 2 0
0.548861 0.577154 0.122585 3 2 0
0.550791 0.577387 0.122666 3 2 0
0.552729 0.577552 0.122748 3 2 0
0.554678 0.577716 0.122831 3 2 0
0.556635 0.577853 0.122895 3 2 0
0.558602 0.578016 0.122979 3 2 0
0.560579 0.578179 0.123064 3 2 0
0.562565 0.578387 0.123142 3 2 0
0.56456 0.578554 0.123229 3 2 0
0.566566 0.578722 0.123317 3 2 0
0.568581 0.578869 0.123374 3 2 0
0.570605 0.579034 0.123462 3 2 0
0.57264 0.5792 0.123551 3 2 0
0.574685 0.579395 0.123632 3 2 0
0.576739 0.579563 0.123723 3 2 0
0.578804 0.579732 0.123816 3 2 0
0.580878 0.579906 0.123874 3 2 0
0.582963 0.580076 0.123968 3 2 0
0.585058 0.580246 0.124063 3 2 0
0.587164 0.580421 0.124129 3 2 0
0.589279 0.580593 0.124224 3 2 0
0.591405 0.580766 0.124322 3 2 0
0.593542 0.580932 0.124381 3 2 0
0.595689 0.581106 0.124479 3 2 0
0.597847 0.581281 0.124578 3 2 0
0.600015 0.581457 0.12466 3 2 0
0.602194 0.581632 0.124761 3 2 0
0.604384 0.581806 0.124864 3 2 0
0.606585 0.581981 0.124931 3 2 0
0.608796 0.582155 0.125034 3 2 0
0.611019 0.58233 0.125137 3 2 0
0.613253 0.582501 0.125224 3 2 0
0.615498 0.582679 0.125297 3 2 0
0.617754 0.582856 0.125371 3 2 0
0.620021 0.583015 0.125481 3 2 0
0.6223 0.583195 0.125555 3 2 0
0.62459 0.583375 0.125631 3 2 0
0.626892 0.583484 0.125748 3 2 0
0.629205 0.583667 0.125823 3 2 0
0.63153 0.583851 0.1259 3 2 0
0.633866 0.583862 0.125989 3 2 0
0.636215 0.584051 0.126099 3 2 0
0.638575 0.58424 0.126206 3 2 0
0.640947 0.583993 0.126267 3 2 0
0.643331 0.584191 0.126378 3 2 0
0.645728 0.584388 0.126484 3 2 0
0.648136 0.584814 0.126568 3 2 0
0.650557 0.585007 0.126648 3 2 0
0.652989 0.585201 0.12673 3 2 0
0.655435 0.585306 0.126815 3 2 0
0.657893 0.585501 0.126899 3 2 0
0.660363 0.585697 0.126985 3 2 0
0.662846 0.585988 0.127086 3 2 0
0.665341 0.586182 0.127174 3 2 0
0.66785 0.586375 0.127263 3 2 0
0.670371 0.58662 0.127368 3 2 0
0.672905 0.586812 0.127458 3 2 0
0.675453 0.587004 0.12755 3 2 0
0.678013 0.587296 0.127661 3 2 0
0.680586 0.587485 0.127754 3 2 0
0.683173 0.587673 0.127848 3 2 0
0.685773 0.58785 0.127944 3 2 0
0.688387 0.588039 0.128041 3 2 0
0.691014 0.588228 0.12814 3 2 0
0.693655 0.588299 0.128248 3 2 0
0.696309 0.588493 0.128349 3 2 0
0.698977 0.588686 0.128452 3 2 0
0.701659 0.588889 0.128571 3 2 0
0.704355 0.589081 0.128673 3 2 0
0.707065 0.589274 0.128777 3 2 0
0.709789 0.589498 0.128883 3 2 0
0.712527 0.58969 0.128991 3 2 0
0.71528 0.589881 0.1291 3 2 0
0.718047 0.589864 0.129213 3 2 0
0.720828 0.590062 0.129324 3 2 0
0.723624 0.590259 0.129437 3 2 0
0.726434 0.590407 0.12955 3 2 0
0.72926 0.590604 0.129665 3 2 0
0.7321 0.590802 0.129781 3 2 0
0.734955 0.590999 0.129895 3 2 0
0.737825 0.591197 0.130013 3 2 0
0.74071 0.591394 0.130133 3 2 0
0.743611 0.59149 0.130247 3 2 0
0.746527 0.59169 0.130367 3 2 0
0.749458 0.591889 0.130489 3 2 0
0.752404 0.591533 0.130606 3 2 0
0.755366 0.591741 0.130729 3 2 0
0.758344 0.591949 0.130854 3 2 0
0.761338 0.592679 0.130998 3 2 0
0.764347 0.592877 0.131131 3 2 0
0.767373 0.593075 0.131265 3 2 0
0.770414 0.593147 0.131379 3 2 0
0.773472 0.593347 0.131515 3 2 0
0.776546 0.593547 0.131654 3 2 0
0.779636 0.593785 0.131787 3 2 0
0.782743 0.593984 0.13193 3 2 0
0.785867 0.594182 0.132074 3 2 0
0.789007 0.594363 0.132182 3 2 0
0.792163 0.59456 0.132327 3 2 0
0.795337 0.594758 0.132475 3 2 0
0.798528 0.594944 0.132616 3 2 0
0.801735 0.595141 0.132769 3 2 0
0.80496 0.595338 0.132907 3 2 0
0.808202 0.59521 0.133044 3 2 0
0.811462 0.595412 0.133173 3 2 0
0.814739 0.595614 0.133295 3 2 0
0.818033 0.595961 0.133416 3 2 0
0.821346 0.59616 0.133542 3 2 0
0.824676 0.596358 0.13367 3 2 0
0.828024 0.596695 0.133808 3 2 0
0.83139 0.596889 0.13394 3 2 0
0.834774 0.597082 0.134073 3 2 0
0.838176 0.597304 0.134215 3 2 0
0.841597 0.597496 0.134352 3 2 0
0.845036 0.597687 0.134491 3 2 0
0.848493 0.597795 0.134633 3 2 0
0.85197 0.597988 0.134777 3 2 0
0.855465 0.59818 0.134923 3 2 0
0.858979 0.598341 0.135074 3 2 0
0.862512 0.598532 0.135224 3 2 0
0.866064 0.598723 0.135376 3 2 0
0.869635 0.598839 0.135531 3 2 0
0.873225 0.59903 0.135687 3 2 0
0.876835 0.599222 0.135846 3 2 0
0.880465 0.599323 0.136004 3 2 0
0.884114 0.599515 0.136167 3 2 0
0.887783 0.599706 0.136332 3 2 0
0.891472 0.599805 0.136491 3 2 0
0.895181 0.599997 0.136659 3 2 0
0.898909 0.600187 0.13683 3 2 0
0.902658 0.600239 0.136989 3 2 0
0.906428 0.600431 0.137163 3 2 0
0.910218 0.600621 0.13734 3 2 0
0.914028 0.600698 0.137514 3 2 0
0.917859 0.600889 0.137696 3 2 0
0.921711 0.601079 0.13788 3 2 0
0.925584 0.601081 0.138065 3 2 0
0.929477 0.601272 0.138255 3 2 0
0.933392 0.601462 0.138448 3 2 0
0.937328 0.601603 0.138635 3 2 0
0.941286 0.60176 0.138833 3 2 0
0.945264 0.601916 0.139018 3 2 0
0.949265 0.602623 0.139205 3 2 0
0.953287 0.602785 0.13937 3 2 0
0.957331 0.602946 0.139539 3 2 0
0.961397 0.603275 0.139716 3 2 0
0.965485 0.60344 0.13989 3 2 0
0.969595 0.603603 0.140066 3 2 0
0.973727 0.603759 0.140247 3 2 0
0.977882 0.60392 0.140429 3 2 0
0.982059 0.60408 0.140614 3 2 0
0.986259 0.604179 0.140801 3 2 0
0.990481 0.604334 0.140992 3 2 0
0.994726 0.604488 0.141186 3 2 0
0.998995 0.604639 0.141383 3 2 0
1.00329 0.60479 0.141584 3 2 0
1.0076 0.60494 0.141788 3 2 0
1.01194 0.605181 0.141995 3 2 0
1.0163 0.60533 0.142205 3 2 0
1.02068 0.605478 0.142418 3 2 0
1.02509 0.605659 0.142631 3 2 0
1.02952 0.60581 0.14285 3 2 0
1.03398 0.605959 0.143072 3 2 0
1.03846 0.605823 0.143289 3 2 0
1.04296 0.605978 0.143516 3 2 0
1.04749 0.606131 0.143748 3 2 0
1.05204 0.606392 0.143979 3 2 0
1.05662 0.606525 0.144217 3 2 0
1.06122 0.606656 0.144459 3 2 0
1.06585 0.606876 0.144711 3 2 0
1.0705 0.607015 0.144962 3 2 0
1.07517 0.607152 0.145216 3 2 0
1.07988 0.60725 0.14545 3 2 0
1.0846 0.607384 0.14571 3 2 0
1.08935 0.607516 0.145975 3 2 0
1.09413 0.607639 0.146214 3 2 0
1.09893 0.607766 0.146484 3 2 0
1.10376 0.607891 0.146723 3 2 0
1.10861 0.608034 0.146972 3 2 0
1.11349 0.608154 0.147208 3 2 0
1.11839 0.608271 0.147447 3 2 0
1.12332 0.608411 0.147703 3 2 0
1.12828 0.608522 0.14795 3 2 0
1.13326 0.608629 0.1482 3 2 0
1.13827 0.608742 0.148468 3 2 0
1.1433 0.608841 0.148725 3 2 0
1.14836 0.608938 0.148987 3 2 0
1.15345 0.608938 0.149268 3 2 0
1.15856 0.609025 0.149537 3 2 0
1.1637 0.609109 0.149809 3 2 0
1.16887 0.609111 0.150099 3 2 0
1.17406 0.609187 0.150379 3 2 0
1.17928 0.60926 0.150664 3 2 0
1.18453 0.609384 0.150958 3 2 0
1.18981 0.60945 0.151251 3 2 0
1.19511 0.609514 0.151549 3 2 0
1.20044 0.609703 0.151857 3 2 0
1.2058 0.609762 0.152163 3 2 0
1.21118 0.609817 0.152474 3 2 0
1.21659 0.609907 0.152791 3 2 0
1.22203 0.609956 0.153112 3 2 0
1.2275 0.61 0.153438 3 2 0
1.233 0.610057 0.153767 3 2 0
1.23852 0.610096 0.154103 3 2 0
1.24407 0.61013 0.154445 3 2 0
1.24965 0.610153 0.154787 3 2 0
1.25526 0.610175 0.155139 3 2 0
1.2609 0.610193 0.155497 3 2 0
1.26656 0.6102 0.15586 3 2 0
1.27225 0.610211 0.15623 3 2 0
1.27798 0.610217 0.156606 3 2 0
1.28373 0.610209 0.156976 3 2 0
1.2895 0.610205 0.157364 3 2 0
1.29531 0.610194 0.157758 3 2 0
1.30115 0.610086 0.158151 3 2 0
1.30701 0.610066 0.158559 3 2 0
1.3129 0.61004 0.158973 3 2 0
1.31883 0.610008 0.159345 3 2 0
1.32478 0.60997 0.15977 3 2 0
1.33076 0.609924 0.160199 3 2 0
1.33677 0.609573 0.16059 3 2 0
1.34281 0.609517 0.16099 3 2 0
1.34887 0.609455 0.161399 3 2 0
1.35497 0.609456 0.161836 3 2 0
1.3611 0.609377 0.162258 3 2 0
1.36725 0.609289 0.162687 3 2 0
1.37344 0.609063 0.163134 3 2 0
1.37965 0.608947 0.163579 3 2 0
1.3859 0.608823 0.164033 3 2 0
1.39217 0.60894 0.164497 3 2 0
1.39848 0.608799 0.164968 3 2 0
1.40481 0.60865 0.165449 3 2 0
1.41117 0.608598 0.165943 3 2 0
1.41757 0.608434 0.166442 3 2 0
1.42399 0.608259 0.16695 3 2 0
1.43044 0.608086 0.167466 3 2 0
1.43692 0.607886 0.167995 3 2 0
1.44344 0.607674 0.168535 3 2 0
1.44998 0.607502 0.169087 3 2 0
1.45655 0.607267 0.169649 3 2 0
1.46315 0.60702 0.170222 3 2 0
1.46979 0.606757 0.170808 3 2 0
1.47645 0.606483 0.171406 3 2 0
1.48314 0.606195 0.172016 3 2 0
1.48987 0.605768 0.172642 3 2 0
1.49662 0.605452 0.173278 3 2 0
1.5034 0.60512 0.173928 3 2 0
1.51022 0.604588 0.174598 3 2 0
1.51706 0.604224 0.175277 3 2 0
1.52394 0.603842 0.175971 3 2 0
1.53084 0.603401 0.176717 3 2 0
1.53778 0.602979 0.177404 3 2 0
1.54474 0.602538 0.178108 3 2 0
1.55174 0.602192 0.178883 3 2 0
1.55877 0.601708 0.179619 3 2 0
1.56583 0.601202 0.180374 3 2 0
1.57291 0.600719 0.181173 3 2 0
1.58003 0.600164 0.181967 3 2 0
1.58718 0.599584 0.182782 3 2 0
1.59436 0.599082 0.183636 3 2 0
1.60157 0.598445 0.184496 3 2 0
1.60881 0.597778 0.18538 3 2 0
1.61609 0.597093 0.186302 3 2 0
1.62339 0.596361 0.187238 3 2 0
1.63072 0.595594 0.188203 3 2 0
1.63808 0.594812 0.189205 3 2 0
1.64548 0.593968 0.190231 3 2 0
1.6529 0.593082 0.19129 3 2 0
1.66035 0.592154 0.192394 3 2 0
1.66784 0.591175 0.193525 3 2 0
1.67535 0.590145 0.194697 3 2 0
1.6829 0.589052 0.195913 3 2 0
1.69047 0.58791 0.197173 3 2 0
1.69807 0.586706 0.198483 3 2 0
1.7057 0.585425 0.199849 3 2 0
1.71335 0.584081 0.201269 3 2 0
1.72104 0.582659 0.202751 3 2 0
1.72875 0.581065 0.204304 3 2 0
1.73648 0.57946 0.205928 3 2 0
1.74424 0.577753 0.207633 3 2 0
1.75201 0.575769 0.209429 3 2 0
1.7598 0.57382 0.211323 3 2 0
1.76761 0.57173 0.213328 3 2 0
1.77543 0.56956 0.215458 3 2 0
1.78324 0.567139 0.217728 3 2 0
1.79105 0.564519 0.220158 3 2 0
1.79883 0.561784 0.222773 3 2 0
1.80658 0.558677 0.225598 3 2 0
1.81425 0.555264 0.228669 3 2 0
1.82183 0.551873 0.232017 3 2 0
1.82925 0.547742 0.235708 3 2 0
1.83643 0.543137 0.239789 3 2 0
1.84327 0.537877 0.244272 3 2 0
1.84961 0.5322 0.249283 3 2 0
1.85526 0.525907 0.254808 3 2 0
1.86002 0.519013 0.260856 3 2 0
1.86373 0.511732 0.267248 3 2 0
1.86637 0.504183 0.273798 3 2 0
1.86802 0.49648 0.280424 3 2 0
1.86882 0.48886 0.287089 3 2 0
1.86897 0.483472 0.291822 3 2 0
1.86872 0.47591 0.298482 4 2 0
1.86805 0.468435 0.305155 4 2 0
1.86708 0.460989 0.31185 4 2 0
1.86591 0.453549 0.318546 4 2 0
1.86462 0.446111 0.325307 4 2 0
1.86328 0.438659 0.33215 4 2 0
1.86197 0.431268 0.339111 4 2 0
1.86073 0.423778 0.34613 4 2 0
1.85962 0.416249 0.353244 4 2 0
1.85869 0.4087 0.36048 4 2 0
1.85797 0.401132 0.367822 4 2 0
1.8575 0.393549 0.375259 4 2 0
1.8573 0.385979 0.382768 3 2 0
1.8573 0.385996 0.382751 3 2 0
1.85738 0.390299 0.378472 3 2 0
1.85738 0.390349 0.378424 4 2 0
1.85774 0.397914 0.370961 3 2 0
1.85835 0.40548 0.363572 4 2 0
1.8592 0.413038 0.356282 4 2 0
1.86024 0.420587 0.349104 4 2 0
1.86143 0.4281 0.342046 4 2 0
1.86272 0.435524 0.335069 4 2 0
1.86406 0.442983 0.328185 4 2 0
1.86537 0.450422 0.32139 4 2 0
1.8666 0.457852 0.314708 4 2 0
1.86767 0.465287 0.30804 4 2 0
1.86848 0.472744 0.301338 4 2 0
1.86892 0.4802 0.294651 4 2 0
1.86897 0.483389 0.291809 3 2 0
1.86866 0.490977 0.285128 3 2 0
1.86764 0.49858 0.278506 3 2 0
1.86573 0.506258 0.271917 3 2 0
1.86279 0.513796 0.265428 3 2 0
1.85877 0.520891 0.259128 3 2 0
1.85374 0.52769 0.253231 3 2 0
1.84786 0.533904 0.247828 3 2 0
1.84134 0.539264 0.242924 3 2 0
1.83438 0.544172 0.238534 3 2 0
1.82711 0.548679 0.234578 3 2 0
1.81963 0.552916 0.230992 3 2 0
1.81202 0.556509 0.227727 3 2 0
1.80432 0.559768 0.224735 3 2 0
1.79656 0.562747 0.221996 3 2 0
1.78876 0.565518 0.219442 3 2 0
1.78095 0.56807 0.217062 3 2 0
1.77313 0.57054 0.214811 3 2 0
1.76532 0.572717 0.212719 3 2 0
1.75752 0.574744 0.210747 3 2 0
1.74973 0.576639 0.208973 3 2 0
1.74196 0.578412 0.2072 3 2 0
1.73421 0.580075 0.205513 3 2 0
1.72648 0.581636 0.203912 3 2 0
1.71878 0.58311 0.202386 3 2 0
1.71111 0.584501 0.200928 3 2 0
1.70346 0.585822 0.19951 3 2 0
1.69584 0.587067 0.198168 3 2 0
1.68824 0.588247 0.196878 3 2 0
1.68068 0.589375 0.19563 3 2 0
1.67314 0.590439 0.194434 3 2 0
1.66564 0.59145 0.193279 3 2 0
1.65816 0.592423 0.192135 3 2 0
1.65072 0.593339 0.191056 3 2 0
1.6433 0.594212 0.190012 3 2 0
1.63592 0.595038 0.188917 3 2 0
1.62857 0.595831 0.187911 3 2 0
1.62124 0.596587 0.186934 3 2 0
1.61395 0.597325 0.186056 3 2 0
1.60669 0.598015 0.185156 3 2 0
1.59945 0.598673 0.184281 3 2 0
1.59225 0.599308 0.183351 3 2 0
1.58508 0.599909 0.182518 3 2 0
1.57794 0.600483 0.181708 3 2 0
1.57083 0.601026 0.180899 3 2 0
1.56375 0.60155 0.180129 3 2 0
1.5567 0.602051 0.179378 3 2 0
1.54968 0.602537 0.178541 3 2 0
1.5427 0.602994 0.177819 3 2 0
1.53574 0.603431 0.177114 3 2 0
1.52881 0.603834 0.176413 3 2 0
1.52192 0.604232 0.17574 3 2 0
1.51505 0.604612 0.175082 3 2 0
1.50822 0.604979 0.174374 3 2 0
1.50141 0.605325 0.173741 3 2 0
1.49463 0.605654 0.173121 3 2 0
1.48789 0.605971 0.172474 3 2 0
1.48118 0.60627 0.171878 3 2 0
1.47449 0.606555 0.171294 3 2 0
1.46784 0.606832 0.170673 3 2 0
1.46121 0.607089 0.170109 3 2 0
1.45462 0.607333 0.169556 3 2 0
1.44806 0.607567 0.169003 3 2 0
1.44152 0.607785 0.168472 3 2 0
1.43502 0.607993 0.167951 3 2 0
