0 0.0865331 0.0865331 2 1 0
0.00208409 0.086542 0.086542 1 1 0
0.00349059 0.0865438 0.0865438 1 1 0
0.00635614 0.0865542 0.0865542 1 1 0
0.00913261 0.0865767 0.0865767 1 1 0
0.0114933 0.0866078 0.0866078 1 1 0
0.0135277 0.0866445 0.0866445 1 1 0
0.015299 0.0866845 0.0866845 1 1 0
0.0168699 0.0867264 0.0867264 1 1 0
0.018287 0.0867696 0.0867696 1 1 0
0.0195839 0.0868137 0.0868137 1 1 0
0.0207854 0.0868584 0.0868584 1 1 0
0.0219074 0.0869036 0.0869036 1 1 0
0.0229634 0.0869492 0.0869492 1 1 0
0.0239637 0.0869951 0.0869951 1 1 0
0.0249161 0.0870413 0.0870413 1 1 0
0.0258269 0.0870877 0.0870877 1 1 0
0.0267012 0.0871343 0.0871343 1 1 0
0.0275431 0.087181 0.087181 1 1 0
0.0283562 0.0872279 0.0872279 1 1 0
0.0291432 0.0872749 0.0872749 1 1 0
0.0299068 0.0873221 0.0873221 1 1 0
0.030649 0.0873693 0.0873693 1 1 0
0.0313717 0.0874167 0.0874167 1 1 0
0.0320765 0.0874642 0.0874642 1 1 0
0.0327647 0.0875118 0.0875118 1 1 0
0.0334376 0.0875595 0.0875595 1 1 0
0.0340964 0.0876073 0.0876073 1 1 0
0.0347419 0.0876552 0.0876552 1 1 0
0.0353751 0.0877031 0.0877031 1 1 0
0.0359967 0.0877512 0.0877512 1 1 0
0.0366074 0.0877993 0.0877993 1 1 0
0.037208 0.0878475 0.0878475 1 1 0
0.0377989 0.0878958 0.0878958 1 1 0
0.0383808 0.0879441 0.0879441 1 1 0
0.038954 0.0879926 0.0879926 1 1 0
0.0395191 0.0880411 0.0880411 1 1 0
0.0400765 0.0880896 0.0880896 1 1 0
0.0406266 0.0881383 0.0881383 1 1 0
0.0411696 0.088187 0.088187 1 1 0
0.041706 0.0882358 0.0882358 1 1 0
0.042236 0.0882847 0.0882847 1 1 0
0.0427599 0.0883336 0.0883336 1 1 0
0.043278 0.0883826 0.0883826 1 1 0
0.0437906 0.0884317 0.0884317 1 1 0
0.0442977 0.0884808 0.0884808 1 1 0
0.0447998 0.08853 0.08853 1 1 0
0.045297 0.0885793 0.0885793 1 1 0
0.0457894 0.0886286 0.0886286 1 1 0
0.0462772 0.088678 0.088678 1 1 0
0.0467607 0.0887275 0.0887275 1 1 0
0.04724 0.088777 0.088777 1 1 0
0.0477152 0.0888266 0.0888266 1 1 0
0.0481864 0.0888763 0.0888763 1 1 0
0.0486539 0.088926 0.088926 1 1 0
0.0491177 0.0889758 0.0889758 1 1 0
0.0495779 0.0890257 0.0890257 1 1 0
0.0500348 0.0890756 0.0890756 1 1 0
0.0504883 0.0891256 0.0891256 1 1 0
0.0509386 0.0891757 0.0891757 1 1 0
0.0513858 0.0892258 0.0892258 1 1 0
0.0518299 0.089276 0.089276 1 1 0
0.0522712 0.0893262 0.0893262 1 1 0
0.0527096 0.0893765 0.0893765 1 1 0
0.0531452 0.0894269 0.0894269 1 1 0
0.0535782 0.0894773 0.0894773 1 1 0
0.0540086 0.0895278 0.0895278 1 1 0
0.0544364 0.0895784 0.0895784 1 1 0
0.0548618 0.0896291 0.0896291 1 1 0
0.0552848 0.0896797 0.0896797 1 1 0
0.0557055 0.0897305 0.0897305 1 1 0
0.0561239 0.0897813 0.0897813 1 1 0
0.0565401 0.0898322 0.0898322 1 1 0
0.0569542 0.0898832 0.0898832 1 1 0
0.0573661 0.0899342 0.0899342 1 1 0
0.057776 0.0899853 0.0899853 1 1 0
0.058184 0.0900364 0.0900364 1 1 0
0.05859 0.0900876 0.0900876 1 1 0
0.0589941 0.0901389 0.0901389 1 1 0
0.0593964 0.0901902 0.0901902 1 1 0
0.0597968 0.0902416 0.0902416 1 1 0
0.0601956 0.0902931 0.0902931 1 1 0
0.0605925 0.0903446 0.0903446 1 1 0
0.0609879 0.0903962 0.0903962 1 1 0
0.0613815 0.0904479 0.0904479 1 1 0
0.0617736 0.0904996 0.0904996 1 1 0
0.0621641 0.0905514 0.0905514 1 1 0
0.0625531 0.0906032 0.0906032 1 1 0
0.0629406 0.0906551 0.0906551 1 1 0
0.0633267 0.0907071 0.0907071 1 1 0
0.0637113 0.0907592 0.0907592 1 1 0
0.0640945 0.0908113 0.0908113 1 1 0
0.0644763 0.0908634 0.0908634 1 1 0
0.0648568 0.0909157 0.0909157 1 1 0
0.065236 0.090968 0.090968 1 1 0
0.0656139 0.0910203 0.0910203 1 1 0
0.0659906 0.0910728 0.0910728 1 1 0
0.066366 0.0911252 0.0911252 1 1 0
0.0667402 0.0911778 0.0911778 1 1 0
0.0671132 0.0912304 0.0912304 1 1 0
0.0674851 0.0912831 0.0912831 1 1 0
0.0678558 0.0913359 0.0913359 1 1 0
0.0682255 0.0913887 0.0913887 1 1 0
0.068594 0.0914416 0.0914416 1 1 0
0.0689615 0.0914945 0.0914945 1 1 0
0.0693279 0.0915475 0.0915475 1 1 0
0.0696933 0.0916006 0.0916006 1 1 0
0.0700577 0.0916537 0.0916537 1 1 0
0.0704211 0.0917069 0.0917069 1 1 0
0.0707835 0.0917602 0.0917602 1 1 0
0.071145 0.0918135 0.0918135 1 1 0
0.0715056 0.0918669 0.0918669 1 1 0
0.0718652 0.0919204 0.0919204 1 1 0
0.072224 0.0919739 0.0919739 1 1 0
0.0725819 0.0920275 0.0920275 1 1 0
0.0729389 0.0920812 0.0920812 1 1 0
0.073295 0.0921349 0.0921349 1 1 0
0.0736503 0.0921887 0.0921887 1 1 0
0.0740048 0.0922426 0.0922426 1 1 0
0.0743586 0.0922965 0.0922965 1 1 0
0.0747115 0.0923505 0.0923505 1 1 0
0.0750636 0.0924046 0.0924046 1 1 0
0.075415 0.0924587 0.0924587 1 1 0
0.0757656 0.0925129 0.0925129 1 1 0
0.0761156 0.0925672 0.0925672 1 1 0
0.0764647 0.0926215 0.0926215 1 1 0
0.0768132 0.0926759 0.0926759 1 1 0
0.077161 0.0927303 0.0927303 1 1 0
0.0775081 0.0927849 0.0927849 1 1 0
0.0778546 0.0928394 0.0928394 1 1 0
0.0782003 0.0928941 0.0928941 1 1 0
0.0785455 0.0929488 0.0929488 1 1 0
0.07889 0.0930036 0.0930036 1 1 0
0.0792339 0.0930585 0.0930585 1 1 0
0.0795771 0.0931134 0.0931134 1 1 0
0.0799198 0.0931684 0.0931684 1 1 0
0.0802618 0.0932235 0.0932235 1 1 0
0.0806033 0.0932786 0.0932786 1 1 0
0.0809443 0.0933338 0.0933338 1 1 0
0.0812846 0.093389 0.093389 1 1 0
0.0816244 0.0934444 0.0934444 1 1 0
0.0819637 0.0934998 0.0934998 1 1 0
0.0823024 0.0935552 0.0935552 1 1 0
0.0826406 0.0936108 0.0936108 1 1 0
0.0829783 0.0936664 0.0936664 1 1 0
0.0833155 0.093722 0.093722 1 1 0
0.0836522 0.0937778 0.0937778 1 1 0
0.0839884 0.0938336 0.0938336 1 1 0
0.0843241 0.0938894 0.0938894 1 1 0
0.0846593 0.0939454 0.0939454 1 1 0
0.0849941 0.0940014 0.0940014 1 1 0
0.0853284 0.0940575 0.0940575 1 1 0
0.0856623 0.0941136 0.0941136 1 1 0
0.0859957 0.0941698 0.0941698 1 1 0
0.0863287 0.0942261 0.0942261 1 1 0
0.0866613 0.0942825 0.0942825 1 1 0
0.0869934 0.0943389 0.0943389 1 1 0
0.0873252 0.0943954 0.0943954 1 1 0
0.0876565 0.0944519 0.0944519 1 1 0
0.0879875 0.0945086 0.0945086 1 1 0
0.088318 0.0945653 0.0945653 1 1 0
0.0886482 0.094622 0.094622 1 1 0
0.088978 0.0946789 0.0946789 1 1 0
0.0893074 0.0947358 0.0947358 1 1 0
0.0896364 0.0947928 0.0947928 1 1 0
0.0899651 0.0948498 0.0948498 1 1 0
0.0902935 0.0949069 0.0949069 1 1 0
0.0906215 0.0949641 0.0949641 1 1 0
0.0909491 0.0950214 0.0950214 1 1 0
0.0912765 0.0950787 0.0950787 1 1 0
0.0916035 0.0951361 0.0951361 1 1 0
0.0919301 0.0951935 0.0951935 1 1 0
0.0922565 0.0952511 0.0952511 1 1 0
0.0925826 0.0953087 0.0953087 1 1 0
0.0929083 0.0953664 0.0953664 1 1 0
0.0932337 0.0954241 0.0954241 1 1 0
0.0935589 0.0954819 0.0954819 1 1 0
0.0938838 0.0955398 0.0955398 1 1 0
0.0942083 0.0955978 0.0955978 1 1 0
0.0945326 0.0956558 0.0956558 1 1 0
0.0948567 0.0957139 0.0957139 1 1 0
0.0951804 0.0957721 0.0957721 1 1 0
0.0955039 0.0958303 0.0958303 1 1 0
0.0958271 0.0958886 0.0958886 1 1 0
0.0961501 0.095947 0.095947 1 1 0
0.0964729 0.0960055 0.0960055 1 1 0
0.0967953 0.096064 0.096064 1 1 0
0.0971176 0.0961226 0.0961226 1 1 0
0.0974396 0.0961813 0.0961813 1 1 0
0.0977614 0.09624 0.09624 1 1 0
0.0980829 0.0962988 0.0962988 1 1 0
0.0984043 0.0963577 0.0963577 1 1 0
0.0987254 0.0964167 0.0964167 1 1 0
0.0990463 0.0964757 0.0964757 1 1 0
0.099367 0.0965348 0.0965348 1 1 0
0.0996875 0.096594 0.096594 1 1 0
0.100008 0.0966533 0.0966533 1 1 0
0.100328 0.0967126 0.0967126 1 1 0
0.100648 0.096772 0.096772 1 1 0
0.100967 0.0968314 0.0968314 1 1 0
0.101287 0.096891 0.096891 1 1 0
0.101606 0.0969506 0.0969506 1 1 0
0.101925 0.0970103 0.0970103 1 1 0
0.102244 0.09707 0.09707 1 1 0
0.102563 0.0971299 0.0971299 1 1 0
0.102882 0.0971898 0.0971898 1 1 0
0.1032 0.0972497 0.0972497 1 1 0
0.103519 0.0973098 0.0973098 1 1 0
0.103837 0.0973699 0.0973699 1 1 0
0.104155 0.0974301 0.0974301 1 1 0
0.104473 0.0974904 0.0974904 1 1 0
0.104791 0.0975507 0.0975507 1 1 0
0.105108 0.0976112 0.0976112 1 1 0
0.105426 0.0976717 0.0976717 1 1 0
0.105743 0.0977322 0.0977322 1 1 0
0.10606 0.0977929 0.0977929 1 1 0
0.106377 0.0978536 0.0978536 1 1 0
0.106694 0.0979144 0.0979144 1 1 0
0.107011 0.0979753 0.0979753 1 1 0
0.107328 0.0980362 0.0980362 1 1 0
0.107644 0.0980972 0.0980972 1 1 0
0.107961 0.0981583 0.0981583 1 1 0
0.108277 0.0982195 0.0982195 1 1 0
0.108593 0.0982807 0.0982807 1 1 0
0.10891 0.098342 0.098342 1 1 0
0.109226 0.0984034 0.0984034 1 1 0
0.109542 0.0984649 0.0984649 1 1 0
0.109858 0.0985264 0.0985264 1 1 0
0.110173 0.098588 0.098588 1 1 0
0.110489 0.0986497 0.0986497 1 1 0
0.110805 0.0987115 0.0987115 1 1 0
0.11112 0.0987734 0.0987734 1 1 0
0.111436 0.0988353 0.0988353 1 1 0
0.111751 0.0988973 0.0988973 1 1 0
0.112066 0.0989594 0.0989594 1 1 0
0.112382 0.0990215 0.0990215 1 1 0
0.112697 0.0990837 0.0990837 1 1 0
0.113012 0.099146 0.099146 1 1 0
0.113327 0.0992084 0.0992084 1 1 0
0.113642 0.0992709 0.0992709 1 1 0
0.113957 0.0993334 0.0993334 1 1 0
0.114272 0.099396 0.099396 1 1 0
0.114586 0.0994587 0.0994587 1 1 0
0.114901 0.0995215 0.0995215 1 1 0
0.115216 0.0995843 0.0995843 1 1 0
0.115531 0.0996472 0.0996472 1 1 0
0.115845 0.0997102 0.0997102 1 1 0
0.11616 0.0997733 0.0997733 1 1 0
0.116474 0.0998364 0.0998364 1 1 0
0.116789 0.0998997 0.0998997 1 1 0
0.117103 0.099963 0.099963 1 1 0
0.117418 0.100026 0.100026 1 1 0
0.117732 0.10009 0.10009 1 1 0
0.118047 0.100153 0.100153 1 1 0
0.118361 0.100217 0.100217 1 1 0
0.118675 0.100281 0.100281 1 1 0
0.11899 0.100344 0.100344 1 1 0
0.119304 0.100408 0.100408 1 1 0
0.119618 0.100472 0.100472 1 1 0
0.119933 0.100536 0.100536 1 1 0
0.120247 0.1006 0.1006 1 1 0
0.120561 0.100664 0.100664 1 1 0
0.120875 0.100729 0.100729 1 1 0
0.12119 0.100793 0.100793 1 1 0
0.121504 0.100857 0.100857 1 1 0
0.121818 0.100922 0.100922 1 1 0
0.122132 0.100986 0.100986 1 1 0
0.122447 0.101051 0.101051 1 1 0
0.122761 0.101116 0.101116 1 1 0
0.123075 0.101181 0.101181 1 1 0
0.12339 0.101246 0.101246 1 1 0
0.123704 0.101311 0.101311 1 1 0
0.124018 0.101376 0.101376 1 1 0
0.124333 0.101441 0.101441 1 1 0
0.124647 0.101506 0.101506 1 1 0
0.124961 0.101571 0.101571 1 1 0
0.125276 0.101637 0.101637 1 1 0
0.12559 0.101702 0.101702 1 1 0
0.125905 0.101767 0.101767 1 1 0
0.126219 0.101833 0.101833 1 1 0
0.126534 0.101899 0.101899 1 1 0
0.126848 0.101965 0.101965 1 1 0
0.127163 0.10203 0.10203 1 1 0
0.127477 0.102096 0.102096 1 1 0
0.127792 0.102162 0.102162 1 1 0
0.128107 0.102228 0.102228 1 1 0
0.128422 0.102295 0.102295 1 1 0
0.128736 0.102361 0.102361 1 1 0
0.129051 0.102427 0.102427 1 1 0
0.129366 0.102494 0.102494 1 1 0
0.129681 0.10256 0.10256 1 1 0
0.129996 0.102627 0.102627 1 1 0
0.130311 0.102693 0.102693 1 1 0
0.130626 0.10276 0.10276 1 1 0
0.130941 0.102827 0.102827 1 1 0
0.131257 0.102894 0.102894 1 1 0
0.131572 0.102961 0.102961 1 1 0
0.131887 0.103028 0.103028 1 1 0
0.132203 0.103095 0.103095 1 1 0
0.132518 0.103162 0.103162 1 1 0
0.132834 0.10323 0.10323 1 1 0
0.133149 0.103297 0.103297 1 1 0
0.133465 0.103365 0.103365 1 1 0
0.133781 0.103432 0.103432 1 1 0
0.134097 0.1035 0.1035 1 1 0
0.134413 0.103568 0.103568 1 1 0
0.134729 0.103635 0.103635 1 1 0
0.135045 0.103703 0.103703 1 1 0
0.135361 0.103771 0.103771 1 1 0
0.135677 0.103839 0.103839 1 1 0
0.135993 0.103907 0.103907 1 1 0
0.13631 0.103976 0.103976 1 1 0
0.136626 0.104044 0.104044 1 1 0
0.136943 0.104112 0.104112 1 1 0
0.13726 0.104181 0.104181 1 1 0
0.137576 0.10425 0.10425 1 1 0
0.137893 0.104318 0.104318 1 1 0
0.13821 0.104387 0.104387 1 1 0
0.138527 0.104456 0.104456 1 1 0
0.138844 0.104525 0.104525 1 1 0
0.139162 0.104594 0.104594 1 1 0
0.139479 0.104663 0.104663 1 1 0
0.139796 0.104732 0.104732 1 1 0
0.140114 0.104801 0.104801 1 1 0
0.140432 0.104871 0.104871 1 1 0
0.14075 0.10494 0.10494 1 1 0
0.141067 0.10501 0.10501 1 1 0
0.141385 0.105079 0.105079 1 1 0
0.141704 0.105149 0.105149 1 1 0
0.142022 0.105219 0.105219 1 1 0
0.14234 0.105289 0.105289 1 1 0
0.142659 0.105359 0.105359 1 1 0
0.142977 0.105429 0.105429 1 1 0
0.143296 0.105499 0.105499 1 1 0
0.143615 0.105569 0.105569 1 1 0
0.143934 0.105639 0.105639 1 1 0
0.144253 0.10571 0.10571 1 1 0
0.144572 0.10578 0.10578 1 1 0
0.144891 0.105851 0.105851 1 1 0
0.145211 0.105921 0.105921 1 1 0
0.14553 0.105992 0.105992 1 1 0
0.14585 0.106063 0.106063 1 1 0
0.14617 0.106134 0.106134 1 1 0
0.14649 0.106205 0.106205 1 1 0
0.14681 0.106276 0.106276 1 1 0
0.147131 0.106347 0.106347 1 1 0
0.147451 0.106418 0.106418 1 1 0
0.147772 0.10649 0.10649 1 1 0
0.148092 0.106561 0.106561 1 1 0
0.148413 0.106633 0.106633 1 1 0
0.148734 0.106704 0.106704 1 1 0
0.149055 0.106776 0.106776 1 1 0
0.149377 0.106848 0.106848 1 1 0
0.149698 0.10692 0.10692 1 1 0
0.15002 0.106992 0.106992 1 1 0
0.150341 0.107064 0.107064 1 1 0
0.150663 0.107136 0.107136 1 1 0
0.150985 0.107208 0.107208 1 1 0
0.151307 0.10728 0.10728 1 1 0
0.15163 0.107353 0.107353 1 1 0
0.151952 0.107425 0.107425 1 1 0
0.152275 0.107498 0.107498 1 1 0
0.152598 0.107571 0.107571 1 1 0
0.152921 0.107643 0.107643 1 1 0
0.153244 0.107716 0.107716 1 1 0
0.153567 0.107789 0.107789 1 1 0
0.153891 0.107862 0.107862 1 1 0
0.154215 0.107936 0.107936 1 1 0
0.154539 0.108009 0.108009 1 1 0
0.154863 0.108082 0.108082 1 1 0
0.155187 0.108156 0.108156 1 1 0
0.155511 0.108229 0.108229 1 1 0
0.155836 0.108303 0.108303 1 1 0
0.15616 0.108376 0.108376 1 1 0
0.156485 0.10845 0.10845 1 1 0
0.15681 0.108524 0.108524 1 1 0
0.157136 0.108598 0.108598 1 1 0
0.157461 0.108672 0.108672 1 1 0
0.157787 0.108746 0.108746 1 1 0
0.158113 0.10882 0.10882 1 1 0
0.158439 0.108895 0.108895 1 1 0
0.158765 0.108969 0.108969 1 1 0
0.159091 0.109044 0.109044 1 1 0
0.159418 0.109118 0.109118 1 1 0
0.159745 0.109193 0.109193 1 1 0
0.160072 0.109268 0.109268 1 1 0
0.160399 0.109343 0.109343 1 1 0
0.160726 0.109418 0.109418 1 1 0
0.161054 0.109493 0.109493 1 1 0
0.161381 0.109568 0.109568 1 1 0
0.161709 0.109643 0.109643 1 1 0
0.162037 0.109719 0.109719 1 1 0
0.162366 0.109794 0.109794 1 1 0
0.162694 0.10987 0.10987 1 1 0
0.163023 0.109945 0.109945 1 1 0
0.163352 0.110021 0.110021 1 1 0
0.163681 0.110097 0.110097 1 1 0
0.164011 0.110173 0.110173 1 1 0
0.16434 0.110249 0.110249 1 1 0
0.16467 0.110325 0.110325 1 1 0
0.165 0.110401 0.110401 1 1 0
0.16533 0.110477 0.110477 1 1 0
0.165661 0.110554 0.110554 1 1 0
0.165992 0.11063 0.11063 1 1 0
0.166322 0.110707 0.110707 1 1 0
0.166654 0.110784 0.110784 1 1 0
0.166985 0.11086 0.11086 1 1 0
0.167316 0.110937 0.110937 1 1 0
0.167648 0.111014 0.111014 1 1 0
0.16798 0.111091 0.111091 1 1 0
0.168312 0.111168 0.111168 1 1 0
0.168645 0.111246 0.111246 1 1 0
0.168978 0.111323 0.111323 1 1 0
0.169311 0.111401 0.111401 1 1 0
0.169644 0.111478 0.111478 1 1 0
0.169977 0.111556 0.111556 1 1 0
0.170311 0.111633 0.111633 1 1 0
0.170645 0.111711 0.111711 1 1 0
0.170979 0.111789 0.111789 1 1 0
0.171313 0.111867 0.111867 1 1 0
0.171648 0.111945 0.111945 1 1 0
0.171982 0.112024 0.112024 1 1 0
0.172317 0.112102 0.112102 1 1 0
0.172653 0.11218 0.11218 1 1 0
0.172988 0.112259 0.112259 1 1 0
0.173324 0.112338 0.112338 1 1 0
0.17366 0.112416 0.112416 1 1 0
0.173996 0.112495 0.112495 1 1 0
0.174333 0.112574 0.112574 1 1 0
0.17467 0.112653 0.112653 1 1 0
0.175007 0.112732 0.112732 1 1 0
0.175344 0.112811 0.112811 1 1 0
0.175681 0.112891 0.112891 1 1 0
0.176019 0.11297 0.11297 1 1 0
0.176357 0.11305 0.11305 1 1 0
0.176696 0.113129 0.113129 1 1 0
0.177034 0.113209 0.113209 1 1 0
0.177373 0.113289 0.113289 1 1 0
0.177712 0.113369 0.113369 1 1 0
0.178051 0.113449 0.113449 1 1 0
0.178391 0.113529 0.113529 1 1 0
0.178731 0.113609 0.113609 1 1 0
0.179071 0.113689 0.113689 1 1 0
0.179411 0.11377 0.11377 1 1 0
0.179752 0.11385 0.11385 1 1 0
0.180093 0.113931 0.113931 1 1 0
0.180434 0.114011 0.114011 1 1 0
0.180776 0.114092 0.114092 1 1 0
0.181118 0.114173 0.114173 1 1 0
0.18146 0.114254 0.114254 1 1 0
0.181802 0.114335 0.114335 1 1 0
0.182145 0.114416 0.114416 1 1 0
0.182488 0.114498 0.114498 1 1 0
0.182831 0.114579 0.114579 1 1 0
0.183174 0.114661 0.114661 1 1 0
0.183518 0.114742 0.114742 1 1 0
0.183862 0.114824 0.114824 1 1 0
0.184206 0.114906 0.114906 1 1 0
0.184551 0.114988 0.114988 1 1 0
0.184896 0.11507 0.11507 1 1 0
0.185241 0.115152 0.115152 1 1 0
0.185587 0.115234 0.115234 1 1 0
0.185932 0.115317 0.115317 1 1 0
0.186278 0.115399 0.115399 1 1 0
0.186625 0.115482 0.115482 1 1 0
0.186971 0.115564 0.115564 1 1 0
0.187318 0.115647 0.115647 1 1 0
0.187666 0.11573 0.11573 1 1 0
0.188013 0.115813 0.115813 1 1 0
0.188361 0.115896 0.115896 1 1 0
0.188709 0.115979 0.115979 1 1 0
0.189058 0.116062 0.116062 1 1 0
0.189406 0.116146 0.116146 1 1 0
0.189756 0.116229 0.116229 1 1 0
0.190105 0.116313 0.116313 1 1 0
0.190455 0.116396 0.116396 1 1 0
0.190805 0.11648 0.11648 1 1 0
0.191155 0.116564 0.116564 1 1 0
0.191506 0.116648 0.116648 1 1 0
0.191857 0.116732 0.116732 1 1 0
0.192208 0.116816 0.116816 1 1 0
0.19256 0.116901 0.116901 1 1 0
0.192911 0.116985 0.116985 1 1 0
0.193264 0.11707 0.11707 1 1 0
0.193616 0.117154 0.117154 1 1 0
0.193969 0.117239 0.117239 1 1 0
0.194322 0.117324 0.117324 1 1 0
0.194676 0.117409 0.117409 1 1 0
0.19503 0.117494 0.117494 1 1 0
0.195384 0.117579 0.117579 1 1 0
0.195738 0.117664 0.117664 1 1 0
0.196093 0.11775 0.11775 1 1 0
0.196449 0.117835 0.117835 1 1 0
0.196804 0.117921 0.117921 1 1 0
0.19716 0.118006 0.118006 1 1 0
0.197516 0.118092 0.118092 1 1 0
0.197873 0.118178 0.118178 1 1 0
0.19823 0.118264 0.118264 1 1 0
0.198587 0.11835 0.11835 1 1 0
0.198944 0.118437 0.118437 1 1 0
0.199302 0.118523 0.118523 1 1 0
0.19966 0.118609 0.118609 1 1 0
0.200019 0.118696 0.118696 1 1 0
0.200378 0.118783 0.118783 1 1 0
0.200737 0.118869 0.118869 1 1 0
0.201097 0.118956 0.118956 1 1 0
0.201457 0.119043 0.119043 1 1 0
0.201817 0.11913 0.11913 1 1 0
0.202178 0.119218 0.119218 1 1 0
0.202539 0.119305 0.119305 1 1 0
0.2029 0.119392 0.119392 1 1 0
0.203262 0.11948 0.11948 1 1 0
0.203624 0.119567 0.119567 1 1 0
0.203987 0.119655 0.119655 1 1 0
0.20435 0.119743 0.119743 1 1 0
0.204713 0.119831 0.119831 1 1 0
0.205077 0.119919 0.119919 1 1 0
0.205441 0.120007 0.120007 1 1 0
0.205805 0.120096 0.120096 1 1 0
0.20617 0.120184 0.120184 1 1 0
0.206535 0.120273 0.120273 1 1 0
0.2069 0.120361 0.120361 1 1 0
0.207266 0.12045 0.12045 1 1 0
0.207632 0.120539 0.120539 1 1 0
0.207999 0.120628 0.120628 1 1 0
0.208366 0.120717 0.120717 1 1 0
0.208733 0.120806 0.120806 1 1 0
0.209101 0.120896 0.120896 1 1 0
0.209469 0.120985 0.120985 1 1 0
0.209837 0.121075 0.121075 1 1 0
0.210206 0.121164 0.121164 1 1 0
0.210575 0.121254 0.121254 1 1 0
0.210945 0.121344 0.121344 1 1 0
0.211315 0.121434 0.121434 1 1 0
0.211686 0.121524 0.121524 1 1 0
0.212056 0.121614 0.121614 1 1 0
0.212428 0.121704 0.121704 1 1 0
0.212799 0.121795 0.121795 1 1 0
0.213171 0.121885 0.121885 1 1 0
0.213544 0.121976 0.121976 1 1 0
0.213917 0.122067 0.122067 1 1 0
0.21429 0.122158 0.122158 1 1 0
0.214663 0.122249 0.122249 1 1 0
0.215037 0.12234 0.12234 1 1 0
0.215412 0.122431 0.122431 1 1 0
0.215787 0.122523 0.122523 1 1 0
0.216162 0.122614 0.122614 1 1 0
0.216538 0.122706 0.122706 1 1 0
0.216914 0.122797 0.122797 1 1 0
0.21729 0.122889 0.122889 1 1 0
0.217667 0.122981 0.122981 1 1 0
0.218044 0.123073 0.123073 1 1 0
0.218422 0.123165 0.123165 1 1 0
0.2188 0.123258 0.123258 1 1 0
0.219179 0.12335 0.12335 1 1 0
0.219558 0.123443 0.123443 1 1 0
0.219937 0.123535 0.123535 1 1 0
0.220317 0.123628 0.123628 1 1 0
0.220697 0.123721 0.123721 1 1 0
0.221078 0.123814 0.123814 1 1 0
0.221459 0.123907 0.123907 1 1 0
0.221841 0.124 0.124 1 1 0
0.222223 0.124093 0.124093 1 1 0
0.222605 0.124187 0.124187 1 1 0
0.222988 0.12428 0.12428 1 1 0
0.223372 0.124374 0.124374 1 1 0
0.223755 0.124468 0.124468 1 1 0
0.224139 0.124562 0.124562 1 1 0
0.224524 0.124656 0.124656 1 1 0
0.224909 0.12475 0.12475 1 1 0
0.225295 0.124844 0.124844 1 1 0
0.225681 0.124939 0.124939 1 1 0
0.226067 0.125033 0.125033 1 1 0
0.226454 0.125128 0.125128 1 1 0
0.226841 0.125222 0.125222 1 1 0
0.227229 0.125317 0.125317 1 1 0
0.227617 0.125412 0.125412 1 1 0
0.228006 0.125507 0.125507 1 1 0
0.228395 0.125603 0.125603 1 1 0
0.228785 0.125698 0.125698 1 1 0
0.229175 0.125793 0.125793 1 1 0
0.229566 0.125889 0.125889 1 1 0
0.229957 0.125985 0.125985 1 1 0
0.230348 0.126081 0.126081 1 1 0
0.23074 0.126177 0.126177 1 1 0
0.231132 0.126273 0.126273 1 1 0
0.231525 0.126369 0.126369 1 1 0
0.231919 0.126465 0.126465 1 1 0
0.232313 0.126562 0.126562 1 1 0
0.232707 0.126658 0.126658 1 1 0
0.233102 0.126755 0.126755 1 1 0
0.233497 0.126852 0.126852 1 1 0
0.233893 0.126948 0.126948 1 1 0
0.234289 0.127045 0.127045 1 1 0
0.234686 0.127143 0.127143 1 1 0
0.235083 0.12724 0.12724 1 1 0
0.235481 0.127337 0.127337 1 1 0
0.235879 0.127435 0.127435 1 1 0
0.236278 0.127533 0.127533 1 1 0
0.236677 0.12763 0.12763 1 1 0
0.237076 0.127728 0.127728 1 1 0
0.237477 0.127826 0.127826 1 1 0
0.237877 0.127924 0.127924 1 1 0
0.238278 0.128023 0.128023 1 1 0
0.23868 0.128121 0.128121 1 1 0
0.239082 0.128219 0.128219 1 1 0
0.239485 0.128318 0.128318 1 1 0
0.239888 0.128417 0.128417 1 1 0
0.240292 0.128516 0.128516 1 1 0
0.240696 0.128615 0.128615 1 1 0
0.241101 0.128714 0.128714 1 1 0
0.241506 0.128813 0.128813 1 1 0
0.241912 0.128913 0.128913 1 1 0
0.242318 0.129012 0.129012 1 1 0
0.242725 0.129112 0.129112 1 1 0
0.243132 0.129211 0.129211 1 1 0
0.24354 0.129311 0.129311 1 1 0
0.243949 0.129411 0.129411 1 1 0
0.244357 0.129511 0.129511 1 1 0
0.244767 0.129612 0.129612 1 1 0
0.245177 0.129712 0.129712 1 1 0
0.245587 0.129813 0.129813 1 1 0
0.245998 0.129913 0.129913 1 1 0
0.24641 0.130014 0.130014 1 1 0
0.246822 0.130115 0.130115 1 1 0
0.247235 0.130216 0.130216 1 1 0
0.247648 0.130317 0.130317 1 1 0
0.248062 0.130418 0.130418 1 1 0
0.248476 0.13052 0.13052 1 1 0
0.248891 0.130621 0.130621 1 1 0
0.249306 0.130723 0.130723 1 1 0
0.249722 0.130825 0.130825 1 1 0
0.250138 0.130927 0.130927 1 1 0
0.250555 0.131029 0.131029 1 1 0
0.250973 0.131131 0.131131 1 1 0
0.251391 0.131233 0.131233 1 1 0
0.25181 0.131336 0.131336 1 1 0
0.252229 0.131438 0.131438 1 1 0
0.252649 0.131541 0.131541 1 1 0
0.253069 0.131644 0.131644 1 1 0
0.25349 0.131747 0.131747 1 1 0
0.253912 0.13185 0.13185 1 1 0
0.254334 0.131953 0.131953 1 1 0
0.254757 0.132056 0.132056 1 1 0
0.25518 0.13216 0.13216 1 1 0
0.255604 0.132263 0.132263 1 1 0
0.256028 0.132367 0.132367 1 1 0
0.256453 0.132471 0.132471 1 1 0
0.256879 0.132575 0.132575 1 1 0
0.257305 0.132679 0.132679 1 1 0
0.257732 0.132783 0.132783 1 1 0
0.258159 0.132888 0.132888 1 1 0
0.258587 0.132992 0.132992 1 1 0
0.259015 0.133097 0.133097 1 1 0
0.259445 0.133202 0.133202 1 1 0
0.259874 0.133306 0.133306 1 1 0
0.260305 0.133412 0.133412 1 1 0
0.260736 0.133517 0.133517 1 1 0
0.261167 0.133622 0.133622 1 1 0
0.261599 0.133727 0.133727 1 1 0
0.262032 0.133833 0.133833 1 1 0
0.262465 0.133939 0.133939 1 1 0
0.262899 0.134045 0.134045 1 1 0
0.263334 0.134151 0.134151 1 1 0
0.263769 0.134257 0.134257 1 1 0
0.264205 0.134363 0.134363 1 1 0
0.264641 0.134469 0.134469 1 1 0
0.265078 0.134576 0.134576 1 1 0
0.265516 0.134682 0.134682 1 1 0
0.265954 0.134789 0.134789 1 1 0
0.266393 0.134896 0.134896 1 1 0
0.266833 0.135003 0.135003 1 1 0
0.267273 0.13511 0.13511 1 1 0
0.267714 0.135218 0.135218 1 1 0
0.268155 0.135325 0.135325 1 1 0
0.268597 0.135433 0.135433 1 1 0
0.26904 0.13554 0.13554 1 1 0
0.269484 0.135648 0.135648 1 1 0
0.269928 0.135756 0.135756 1 1 0
0.270372 0.135864 0.135864 1 1 0
0.270818 0.135973 0.135973 1 1 0
0.271264 0.136081 0.136081 1 1 0
0.27171 0.136189 0.136189 1 1 0
0.272158 0.136298 0.136298 1 1 0
0.272605 0.136407 0.136407 1 1 0
0.273054 0.136516 0.136516 1 1 0
0.273503 0.136625 0.136625 1 1 0
0.273953 0.136734 0.136734 1 1 0
0.274404 0.136844 0.136844 1 1 0
0.274855 0.136953 0.136953 1 1 0
0.275307 0.137063 0.137063 1 1 0
0.27576 0.137172 0.137172 1 1 0
0.276213 0.137282 0.137282 1 1 0
0.276667 0.137392 0.137392 1 1 0
0.277122 0.137503 0.137503 1 1 0
0.277577 0.137613 0.137613 1 1 0
0.278033 0.137723 0.137723 1 1 0
0.27849 0.137834 0.137834 1 1 0
0.278947 0.137945 0.137945 1 1 0
0.279405 0.138056 0.138056 1 1 0
0.279864 0.138167 0.138167 1 1 0
0.280324 0.138278 0.138278 1 1 0
0.280784 0.138389 0.138389 1 1 0
0.281245 0.138501 0.138501 1 1 0
0.281706 0.138612 0.138612 1 1 0
0.282169 0.138724 0.138724 1 1 0
0.282632 0.138836 0.138836 1 1 0
0.283096 0.138948 0.138948 1 1 0
0.28356 0.13906 0.13906 1 1 0
0.284025 0.139172 0.139172 1 1 0
0.284491 0.139285 0.139285 1 1 0
0.284958 0.139397 0.139397 1 1 0
0.285425 0.13951 0.13951 1 1 0
0.285893 0.139623 0.139623 1 1 0
0.286362 0.139736 0.139736 1 1 0
0.286831 0.139849 0.139849 1 1 0
0.287302 0.139962 0.139962 1 1 0
0.287773 0.140075 0.140075 1 1 0
0.288244 0.140189 0.140189 1 1 0
0.288717 0.140303 0.140303 1 1 0
0.28919 0.140417 0.140417 1 1 0
0.289664 0.140531 0.140531 1 1 0
0.290139 0.140645 0.140645 1 1 0
0.290614 0.140759 0.140759 1 1 0
0.29109 0.140873 0.140873 1 1 0
0.291567 0.140988 0.140988 1 1 0
0.292045 0.141103 0.141103 1 1 0
0.292524 0.141218 0.141218 1 1 0
0.293003 0.141333 0.141333 1 1 0
0.293483 0.141448 0.141448 1 1 0
0.293964 0.141563 0.141563 1 1 0
0.294445 0.141678 0.141678 1 1 0
0.294928 0.141794 0.141794 1 1 0
0.295411 0.14191 0.14191 1 1 0
0.295895 0.142026 0.142026 1 1 0
0.296379 0.142142 0.142142 1 1 0
0.296865 0.142258 0.142258 1 1 0
0.297351 0.142374 0.142374 1 1 0
0.297838 0.142491 0.142491 1 1 0
0.298326 0.142607 0.142607 1 1 0
0.298815 0.142724 0.142724 1 1 0
0.299304 0.142841 0.142841 1 1 0
0.299794 0.142958 0.142958 1 1 0
0.300285 0.143075 0.143075 1 1 0
0.300777 0.143192 0.143192 1 1 0
0.30127 0.14331 0.14331 1 1 0
0.301763 0.143427 0.143427 1 1 0
0.302258 0.143545 0.143545 1 1 0
0.302753 0.143663 0.143663 1 1 0
0.303249 0.143781 0.143781 1 1 0
0.303745 0.143899 0.143899 1 1 0
0.304243 0.144018 0.144018 1 1 0
0.304741 0.144136 0.144136 1 1 0
0.305241 0.144255 0.144255 1 1 0
0.305741 0.144374 0.144374 1 1 0
0.306241 0.144493 0.144493 1 1 0
0.306743 0.144612 0.144612 1 1 0
0.307246 0.144731 0.144731 1 1 0
0.307749 0.144851 0.144851 1 1 0
0.308254 0.14497 0.14497 1 1 0
0.308759 0.14509 0.14509 1 1 0
0.309265 0.14521 0.14521 1 1 0
0.309772 0.14533 0.14533 1 1 0
0.310279 0.14545 0.14545 1 1 0
0.310788 0.14557 0.14557 1 1 0
0.311297 0.145691 0.145691 1 1 0
0.311808 0.145811 0.145811 1 1 0
0.312319 0.145932 0.145932 1 1 0
0.312831 0.146053 0.146053 1 1 0
0.313344 0.146174 0.146174 1 1 0
0.313858 0.146295 0.146295 1 1 0
0.314372 0.146417 0.146417 1 1 0
0.314888 0.146538 0.146538 1 1 0
0.315404 0.14666 0.14666 1 1 0
0.315922 0.146782 0.146782 1 1 0
0.31644 0.146904 0.146904 1 1 0
0.316959 0.147026 0.147026 1 1 0
0.317479 0.147148 0.147148 1 1 0
0.318 0.147271 0.147271 1 1 0
0.318522 0.147393 0.147393 1 1 0
0.319045 0.147516 0.147516 1 1 0
0.319569 0.147639 0.147639 1 1 0
0.320093 0.147762 0.147762 1 1 0
0.320619 0.147885 0.147885 1 1 0
0.321145 0.148009 0.148009 1 1 0
0.321673 0.148132 0.148132 1 1 0
0.322201 0.148256 0.148256 1 1 0
0.322731 0.14838 0.14838 1 1 0
0.323261 0.148504 0.148504 1 1 0
0.323792 0.148628 0.148628 1 1 0
0.324324 0.148752 0.148752 1 1 0
0.324857 0.148877 0.148877 1 1 0
0.325391 0.149001 0.149001 1 1 0
0.325926 0.149126 0.149126 1 1 0
0.326462 0.149251 0.149251 1 1 0
0.326999 0.149376 0.149376 1 1 0
0.327537 0.149501 0.149501 1 1 0
0.328076 0.149627 0.149627 1 1 0
0.328615 0.149752 0.149752 1 1 0
0.329156 0.149878 0.149878 1 1 0
0.329698 0.150004 0.150004 1 1 0
0.330241 0.15013 0.15013 1 1 0
0.330784 0.150256 0.150256 1 1 0
0.331329 0.150383 0.150383 1 1 0
0.331875 0.150509 0.150509 1 1 0
0.332421 0.150636 0.150636 1 1 0
0.332969 0.150763 0.150763 1 1 0
0.333518 0.15089 0.15089 1 1 0
0.334068 0.151017 0.151017 1 1 0
0.334618 0.151144 0.151144 1 1 0
0.33517 0.151272 0.151272 1 1 0
0.335723 0.151399 0.151399 1 1 0
0.336276 0.151527 0.151527 1 1 0
0.336831 0.151655 0.151655 1 1 0
0.337387 0.151783 0.151783 1 1 0
0.337944 0.151911 0.151911 1 1 0
0.338502 0.15204 0.15204 1 1 0
0.339061 0.152168 0.152168 1 1 0
0.339621 0.152297 0.152297 1 1 0
0.340182 0.152426 0.152426 1 1 0
0.340744 0.152555 0.152555 1 1 0
0.341307 0.152684 0.152684 1 1 0
0.341871 0.152814 0.152814 1 1 0
0.342436 0.152943 0.152943 1 1 0
0.343002 0.153073 0.153073 1 1 0
0.34357 0.153203 0.153203 1 1 0
0.344138 0.153333 0.153333 1 1 0
0.344708 0.153463 0.153463 1 1 0
0.345278 0.153593 0.153593 1 1 0
0.34585 0.153724 0.153724 1 1 0
0.346423 0.153855 0.153855 1 1 0
0.346996 0.153986 0.153986 1 1 0
0.347571 0.154117 0.154117 1 1 0
0.348147 0.154248 0.154248 1 1 0
0.348725 0.154379 0.154379 1 1 0
0.349303 0.154511 0.154511 1 1 0
0.349882 0.154642 0.154642 1 1 0
0.350463 0.154774 0.154774 1 1 0
0.351044 0.154906 0.154906 1 1 0
0.351627 0.155038 0.155038 1 1 0
0.352211 0.155171 0.155171 1 1 0
0.352796 0.155303 0.155303 1 1 0
0.353382 0.155436 0.155436 1 1 0
0.353969 0.155569 0.155569 1 1 0
0.354557 0.155702 0.155702 1 1 0
0.355147 0.155835 0.155835 1 1 0
0.355737 0.155968 0.155968 1 1 0
0.356329 0.156102 0.156102 1 1 0
0.356922 0.156235 0.156235 1 1 0
0.357516 0.156369 0.156369 1 1 0
0.358112 0.156503 0.156503 1 1 0
0.358708 0.156637 0.156637 1 1 0
0.359306 0.156772 0.156772 1 1 0
0.359905 0.156906 0.156906 1 1 0
0.360505 0.157041 0.157041 1 1 0
0.361106 0.157176 0.157176 1 1 0
0.361708 0.157311 0.157311 1 1 0
0.362312 0.157446 0.157446 1 1 0
0.362917 0.157581 0.157581 1 1 0
0.363523 0.157717 0.157717 1 1 0
0.36413 0.157853 0.157853 1 1 0
0.364738 0.157988 0.157988 1 1 0
0.365348 0.158124 0.158124 1 1 0
0.365959 0.158261 0.158261 1 1 0
0.366571 0.158397 0.158397 1 1 0
0.367184 0.158534 0.158534 1 1 0
0.367799 0.15867 0.15867 1 1 0
0.368415 0.158807 0.158807 1 1 0
0.369032 0.158944 0.158944 1 1 0
0.36965 0.159081 0.159081 1 1 0
0.370269 0.159219 0.159219 1 1 0
0.37089 0.159356 0.159356 1 1 0
0.371512 0.159494 0.159494 1 1 0
0.372136 0.159632 0.159632 1 1 0
0.37276 0.15977 0.15977 1 1 0
0.373386 0.159908 0.159908 1 1 0
0.374013 0.160047 0.160047 1 1 0
0.374642 0.160185 0.160185 1 1 0
0.375271 0.160324 0.160324 1 1 0
0.375903 0.160463 0.160463 1 1 0
0.376535 0.160602 0.160602 1 1 0
0.377169 0.160741 0.160741 1 1 0
0.377803 0.160881 0.160881 1 1 0
0.37844 0.161021 0.161021 1 1 0
0.379077 0.16116 0.16116 1 1 0
0.379716 0.1613 0.1613 1 1 0
0.380356 0.16144 0.16144 1 1 0
0.380998 0.161581 0.161581 1 1 0
0.381641 0.161721 0.161721 1 1 0
0.382285 0.161862 0.161862 1 1 0
0.382931 0.162003 0.162003 1 1 0
0.383578 0.162144 0.162144 1 1 0
0.384226 0.162285 0.162285 1 1 0
0.384876 0.162426 0.162426 1 1 0
0.385527 0.162568 0.162568 1 1 0
0.386179 0.16271 0.16271 1 1 0
0.386833 0.162852 0.162852 1 1 0
0.387488 0.162994 0.162994 1 1 0
0.388145 0.163136 0.163136 1 1 0
0.388803 0.163278 0.163278 1 1 0
0.389462 0.163421 0.163421 1 1 0
0.390123 0.163564 0.163564 1 1 0
0.390785 0.163707 0.163707 1 1 0
0.391449 0.16385 0.16385 1 1 0
0.392114 0.163993 0.163993 1 1 0
0.39278 0.164137 0.164137 1 1 0
0.393448 0.16428 0.16428 1 1 0
0.394117 0.164424 0.164424 1 1 0
0.394788 0.164568 0.164568 1 1 0
0.39546 0.164712 0.164712 1 1 0
0.396134 0.164857 0.164857 1 1 0
0.396809 0.165001 0.165001 1 1 0
0.397486 0.165146 0.165146 1 1 0
0.398164 0.165291 0.165291 1 1 0
0.398843 0.165436 0.165436 1 1 0
0.399524 0.165581 0.165581 1 1 0
0.400207 0.165727 0.165727 1 1 0
0.400891 0.165873 0.165873 1 1 0
0.401576 0.166018 0.166018 1 1 0
0.402263 0.166164 0.166164 1 1 0
0.402951 0.166311 0.166311 1 1 0
0.403641 0.166457 0.166457 1 1 0
0.404333 0.166603 0.166603 1 1 0
0.405026 0.16675 0.16675 1 1 0
0.405721 0.166897 0.166897 1 1 0
0.406417 0.167044 0.167044 1 1 0
0.407114 0.167191 0.167191 1 1 0
0.407813 0.167339 0.167339 1 1 0
0.408514 0.167487 0.167487 1 1 0
0.409217 0.167634 0.167634 1 1 0
0.40992 0.167782 0.167782 1 1 0
0.410626 0.167931 0.167931 1 1 0
0.411333 0.168079 0.168079 1 1 0
0.412041 0.168228 0.168228 1 1 0
0.412752 0.168376 0.168376 1 1 0
0.413463 0.168525 0.168525 1 1 0
0.414177 0.168674 0.168674 1 1 0
0.414892 0.168824 0.168824 1 1 0
0.415608 0.168973 0.168973 1 1 0
0.416327 0.169123 0.169123 1 1 0
0.417046 0.169273 0.169273 1 1 0
0.417768 0.169423 0.169423 1 1 0
0.418491 0.169573 0.169573 1 1 0
0.419216 0.169723 0.169723 1 1 0
0.419942 0.169874 0.169874 1 1 0
0.42067 0.170024 0.170024 1 1 0
0.4214 0.170175 0.170175 1 1 0
0.422131 0.170327 0.170327 1 1 0
0.422865 0.170478 0.170478 1 1 0
0.423599 0.170629 0.170629 1 1 0
0.424336 0.170781 0.170781 1 1 0
0.425074 0.170933 0.170933 1 1 0
0.425814 0.171085 0.171085 1 1 0
0.426555 0.171237 0.171237 1 1 0
0.427299 0.17139 0.17139 1 1 0
0.428044 0.171542 0.171542 1 1 0
0.42879 0.171695 0.171695 1 1 0
0.429539 0.171848 0.171848 1 1 0
0.430289 0.172001 0.172001 1 1 0
0.431041 0.172155 0.172155 1 1 0
0.431795 0.172308 0.172308 1 1 0
0.43255 0.172462 0.172462 1 1 0
0.433307 0.172616 0.172616 1 1 0
0.434066 0.17277 0.17277 1 1 0
0.434827 0.172925 0.172925 1 1 0
0.43559 0.173079 0.173079 1 1 0
0.436354 0.173234 0.173234 1 1 0
0.43712 0.173389 0.173389 1 1 0
0.437888 0.173544 0.173544 1 1 0
0.438658 0.173699 0.173699 1 1 0
0.43943 0.173855 0.173855 1 1 0
0.440203 0.17401 0.17401 1 1 0
0.440979 0.174166 0.174166 1 1 0
0.441756 0.174322 0.174322 1 1 0
0.442535 0.174478 0.174478 1 1 0
0.443316 0.174635 0.174635 1 1 0
0.444098 0.174791 0.174791 1 1 0
0.444883 0.174948 0.174948 1 1 0
0.44567 0.175105 0.175105 1 1 0
0.446458 0.175262 0.175262 1 1 0
0.447248 0.17542 0.17542 1 1 0
0.44804 0.175577 0.175577 1 1 0
0.448835 0.175735 0.175735 1 1 0
0.449631 0.175893 0.175893 1 1 0
0.450429 0.176051 0.176051 1 1 0
0.451228 0.176209 0.176209 1 1 0
0.45203 0.176368 0.176368 1 1 0
0.452834 0.176527 0.176527 1 1 0
0.45364 0.176686 0.176686 1 1 0
0.454448 0.176845 0.176845 1 1 0
0.455257 0.177004 0.177004 1 1 0
0.456069 0.177164 0.177164 1 1 0
0.456883 0.177323 0.177323 1 1 0
0.457698 0.177483 0.177483 1 1 0
0.458516 0.177643 0.177643 1 1 0
0.459336 0.177804 0.177804 1 1 0
0.460157 0.177964 0.177964 1 1 0
0.460981 0.178125 0.178125 1 1 0
0.461807 0.178286 0.178286 1 1 0
0.462635 0.178447 0.178447 1 1 0
0.463465 0.178608 0.178608 1 1 0
0.464297 0.178769 0.178769 1 1 0
0.465131 0.178931 0.178931 1 1 0
0.465967 0.179093 0.179093 1 1 0
0.466805 0.179255 0.179255 1 1 0
0.467645 0.179417 0.179417 1 1 0
0.468487 0.17958 0.17958 1 1 0
0.469332 0.179742 0.179742 1 1 0
0.470179 0.179905 0.179905 1 1 0
0.471027 0.180068 0.180068 1 1 0
0.471878 0.180231 0.180231 1 1 0
0.472731 0.180395 0.180395 1 1 0
0.473586 0.180559 0.180559 1 1 0
0.474444 0.180722 0.180722 1 1 0
0.475303 0.180886 0.180886 1 1 0
0.476165 0.181051 0.181051 1 1 0
0.477029 0.181215 0.181215 1 1 0
0.477895 0.18138 0.18138 1 1 0
0.478763 0.181545 0.181545 1 1 0
0.479634 0.18171 0.18171 1 1 0
0.480507 0.181875 0.181875 1 1 0
0.481382 0.18204 0.18204 1 1 0
0.482259 0.182206 0.182206 1 1 0
0.483138 0.182372 0.182372 1 1 0
0.48402 0.182538 0.182538 1 1 0
0.484904 0.182704 0.182704 1 1 0
0.485791 0.18287 0.18287 1 1 0
0.486679 0.183037 0.183037 1 1 0
0.48757 0.183204 0.183204 1 1 0
0.488463 0.183371 0.183371 1 1 0
0.489359 0.183538 0.183538 1 1 0
0.490257 0.183705 0.183705 1 1 0
0.491157 0.183873 0.183873 1 1 0
0.49206 0.184041 0.184041 1 1 0
0.492965 0.184209 0.184209 1 1 0
0.493872 0.184377 0.184377 1 1 0
0.494781 0.184546 0.184546 1 1 0
0.495694 0.184714 0.184714 1 1 0
0.496608 0.184883 0.184883 1 1 0
0.497525 0.185052 0.185052 1 1 0
0.498444 0.185221 0.185221 1 1 0
0.499366 0.185391 0.185391 1 1 0
0.50029 0.185561 0.185561 1 1 0
0.501217 0.18573 0.18573 1 1 0
0.502146 0.185901 0.185901 1 1 0
0.503077 0.186071 0.186071 1 1 0
0.504011 0.186241 0.186241 1 1 0
0.504948 0.186412 0.186412 1 1 0
0.505887 0.186583 0.186583 1 1 0
0.506828 0.186754 0.186754 1 1 0
0.507772 0.186925 0.186925 1 1 0
0.508719 0.187097 0.187097 1 1 0
0.509668 0.187268 0.187268 1 1 0
0.51062 0.18744 0.18744 1 1 0
0.511574 0.187613 0.187613 1 1 0
0.512531 0.187785 0.187785 1 1 0
0.51349 0.187957 0.187957 1 1 0
0.514452 0.18813 0.18813 1 1 0
0.515417 0.188303 0.188303 1 1 0
0.516384 0.188476 0.188476 1 1 0
0.517354 0.18865 0.18865 1 1 0
0.518326 0.188823 0.188823 1 1 0
0.519301 0.188997 0.188997 1 1 0
0.520279 0.189171 0.189171 1 1 0
0.52126 0.189345 0.189345 1 1 0
0.522243 0.189519 0.189519 1 1 0
0.523229 0.189694 0.189694 1 1 0
0.524217 0.189869 0.189869 1 1 0
0.525208 0.190044 0.190044 1 1 0
0.526202 0.190219 0.190219 1 1 0
0.527199 0.190395 0.190395 1 1 0
0.528199 0.19057 0.19057 1 1 0
0.529201 0.190746 0.190746 1 1 0
0.530206 0.190922 0.190922 1 1 0
0.531214 0.191098 0.191098 1 1 0
0.532225 0.191275 0.191275 1 1 0
0.533238 0.191452 0.191452 1 1 0
0.534254 0.191628 0.191628 1 1 0
0.535273 0.191806 0.191806 1 1 0
0.536295 0.191983 0.191983 1 1 0
0.53732 0.19216 0.19216 1 1 0
0.538348 0.192338 0.192338 1 1 0
0.539379 0.192516 0.192516 1 1 0
0.540412 0.192694 0.192694 1 1 0
0.541449 0.192873 0.192873 1 1 0
0.542488 0.193051 0.193051 1 1 0
0.54353 0.19323 0.19323 1 1 0
0.544575 0.193409 0.193409 1 1 0
0.545624 0.193588 0.193588 1 1 0
0.545854 0.193628 0.193628 2 1 0
0.546906 0.193807 0.193807 2 1 0
0.54796 0.193987 0.193987 2 1 0
0.549018 0.194167 0.194167 2 1 0
0.550079 0.194347 0.194347 2 1 0
0.551143 0.194527 0.194527 2 1 0
0.55221 0.194708 0.194708 2 1 0
0.55328 0.194888 0.194888 2 1 0
0.554353 0.195069 0.195069 2 1 0
0.555429 0.19525 0.19525 2 1 0
0.556508 0.195432 0.195432 2 1 0
0.557591 0.195613 0.195613 2 1 0
0.558676 0.195795 0.195795 2 1 0
0.559765 0.195977 0.195977 2 1 0
0.560857 0.196159 0.196159 2 1 0
0.561952 0.196342 0.196342 2 1 0
0.56305 0.196525 0.196525 2 1 0
0.564151 0.196707 0.196707 2 1 0
0.565256 0.196891 0.196891 2 1 0
0.566363 0.197074 0.197074 2 1 0
0.567474 0.197257 0.197257 2 1 0
0.568589 0.197441 0.197441 2 1 0
0.569706 0.197625 0.197625 2 1 0
0.570827 0.197809 0.197809 2 1 0
0.571951 0.197994 0.197994 2 1 0
0.573078 0.198178 0.198178 2 1 0
0.574209 0.198363 0.198363 2 1 0
0.575343 0.198548 0.198548 2 1 0
0.576481 0.198733 0.198733 2 1 0
0.577621 0.198919 0.198919 2 1 0
0.578766 0.199104 0.199104 2 1 0
0.579913 0.19929 0.19929 2 1 0
0.581064 0.199476 0.199476 2 1 0
0.582219 0.199663 0.199663 2 1 0
0.583377 0.199849 0.199849 2 1 0
0.584538 0.200036 0.200036 2 1 0
0.585703 0.200223 0.200223 2 1 0
0.586871 0.20041 0.20041 2 1 0
0.588043 0.200597 0.200597 2 1 0
0.589218 0.200785 0.200785 2 1 0
0.590397 0.200973 0.200973 2 1 0
0.59158 0.201161 0.201161 2 1 0
0.592766 0.201349 0.201349 2 1 0
0.593955 0.201538 0.201538 2 1 0
0.595148 0.201726 0.201726 2 1 0
0.596345 0.201915 0.201915 2 1 0
0.597546 0.202104 0.202104 2 1 0
0.59875 0.202294 0.202294 2 1 0
0.599958 0.202483 0.202483 2 1 0
0.601169 0.202673 0.202673 2 1 0
0.602384 0.202863 0.202863 2 1 0
0.603603 0.203053 0.203053 2 1 0
0.604826 0.203244 0.203244 2 1 0
0.606052 0.203434 0.203434 2 1 0
0.607283 0.203625 0.203625 2 1 0
0.608517 0.203816 0.203816 2 1 0
0.609754 0.204008 0.204008 2 1 0
0.610996 0.204199 0.204199 2 1 0
0.612241 0.204391 0.204391 2 1 0
0.613491 0.204583 0.204583 2 1 0
0.614744 0.204775 0.204775 2 1 0
0.616001 0.204968 0.204968 2 1 0
0.617262 0.20516 0.20516 2 1 0
0.618527 0.205353 0.205353 2 1 0
0.619796 0.205546 0.205546 2 1 0
0.621069 0.205739 0.205739 2 1 0
0.622346 0.205933 0.205933 2 1 0
0.623626 0.206127 0.206127 2 1 0
0.624911 0.206321 0.206321 2 1 0
0.6262 0.206515 0.206515 2 1 0
0.627493 0.206709 0.206709 2 1 0
0.62879 0.206904 0.206904 2 1 0
0.630091 0.207099 0.207099 2 1 0
0.631397 0.207294 0.207294 2 1 0
0.632706 0.207489 0.207489 2 1 0
0.63402 0.207684 0.207684 2 1 0
0.635337 0.20788 0.20788 2 1 0
0.636659 0.208076 0.208076 2 1 0
0.637986 0.208272 0.208272 2 1 0
0.639316 0.208469 0.208469 2 1 0
0.640651 0.208665 0.208665 2 1 0
0.64199 0.208862 0.208862 2 1 0
0.643333 0.209059 0.209059 2 1 0
0.64468 0.209256 0.209256 2 1 0
0.646032 0.209454 0.209454 2 1 0
0.647388 0.209651 0.209651 2 1 0
0.648749 0.209849 0.209849 2 1 0
0.650114 0.210048 0.210048 2 1 0
0.651484 0.210246 0.210246 2 1 0
0.652857 0.210444 0.210444 2 1 0
0.654236 0.210643 0.210643 2 1 0
0.655619 0.210842 0.210842 2 1 0
0.657006 0.211042 0.211042 2 1 0
0.658398 0.211241 0.211241 2 1 0
0.659794 0.211441 0.211441 2 1 0
0.661195 0.211641 0.211641 2 1 0
0.662601 0.211841 0.211841 2 1 0
0.664011 0.212041 0.212041 2 1 0
0.665425 0.212242 0.212242 2 1 0
0.666845 0.212442 0.212442 2 1 0
0.668269 0.212643 0.212643 2 1 0
0.669698 0.212845 0.212845 2 1 0
0.671131 0.213046 0.213046 2 1 0
0.67257 0.213248 0.213248 2 1 0
0.674013 0.21345 0.21345 2 1 0
0.675461 0.213652 0.213652 2 1 0
0.676913 0.213854 0.213854 2 1 0
0.678371 0.214057 0.214057 2 1 0
0.679833 0.21426 0.21426 2 1 0
0.6813 0.214463 0.214463 2 1 0
0.682773 0.214666 0.214666 2 1 0
0.682773 0.214666 0.214666 2 1 0
0.68425 0.214869 0.214869 2 1 0
0.685732 0.215073 0.215073 2 1 0
0.687219 0.215277 0.215277 2 1 0
0.688711 0.215481 0.215481 2 1 0
0.690208 0.215685 0.215685 2 1 0
0.69171 0.21589 0.21589 2 1 0
0.693217 0.216095 0.216095 2 1 0
0.694729 0.2163 0.2163 2 1 0
0.696247 0.216505 0.216505 2 1 0
0.697769 0.216711 0.216711 2 1 0
0.699297 0.216916 0.216916 2 1 0
0.70083 0.217122 0.217122 2 1 0
0.702368 0.217328 0.217328 2 1 0
0.703911 0.217535 0.217535 2 1 0
0.70546 0.217741 0.217741 2 1 0
0.707014 0.217948 0.217948 2 1 0
0.708573 0.218155 0.218155 2 1 0
0.710138 0.218362 0.218362 2 1 0
0.711708 0.21857 0.21857 2 1 0
0.713284 0.218777 0.218777 2 1 0
0.714865 0.218985 0.218985 2 1 0
0.716451 0.219193 0.219193 2 1 0
0.718043 0.219402 0.219402 2 1 0
0.71964 0.21961 0.21961 2 1 0
0.721243 0.219819 0.219819 2 1 0
0.722852 0.220028 0.220028 2 1 0
0.724466 0.220237 0.220237 2 1 0
0.726085 0.220447 0.220447 2 1 0
0.727711 0.220657 0.220657 2 1 0
0.729342 0.220866 0.220866 2 1 0
0.730979 0.221077 0.221077 2 1 0
0.732621 0.221287 0.221287 2 1 0
0.734269 0.221498 0.221498 2 1 0
0.735924 0.221708 0.221708 2 1 0
0.737583 0.221919 0.221919 2 1 0
0.739249 0.222131 0.222131 2 1 0
0.740921 0.222342 0.222342 2 1 0
0.742598 0.222554 0.222554 2 1 0
0.744282 0.222766 0.222766 2 1 0
0.745971 0.222978 0.222978 2 1 0
0.747667 0.22319 0.22319 2 1 0
0.749368 0.223403 0.223403 2 1 0
0.751076 0.223615 0.223615 2 1 0
0.752789 0.223828 0.223828 2 1 0
0.754509 0.224042 0.224042 2 1 0
0.756235 0.224255 0.224255 2 1 0
0.757967 0.224469 0.224469 2 1 0
0.759706 0.224683 0.224683 2 1 0
0.76145 0.224897 0.224897 2 1 0
0.763201 0.225111 0.225111 2 1 0
0.764958 0.225326 0.225326 2 1 0
0.766722 0.22554 0.22554 2 1 0
0.768492 0.225755 0.225755 2 1 0
0.770268 0.225971 0.225971 2 1 0
0.772051 0.226186 0.226186 2 1 0
0.77384 0.226402 0.226402 2 1 0
0.775636 0.226618 0.226618 2 1 0
0.777438 0.226834 0.226834 2 1 0
0.779247 0.22705 0.22705 2 1 0
0.781062 0.227267 0.227267 2 1 0
0.782884 0.227483 0.227483 2 1 0
0.784713 0.2277 0.2277 2 1 0
0.786548 0.227917 0.227917 2 1 0
0.788391 0.228135 0.228135 2 1 0
0.79024 0.228352 0.228352 2 1 0
0.792095 0.22857 0.22857 2 1 0
0.793958 0.228788 0.228788 2 1 0
0.795827 0.229007 0.229007 2 1 0
0.797704 0.229225 0.229225 2 1 0
0.799587 0.229444 0.229444 2 1 0
0.801478 0.229663 0.229663 2 1 0
0.803375 0.229882 0.229882 2 1 0
0.805279 0.230101 0.230101 2 1 0
0.807191 0.230321 0.230321 2 1 0
0.80911 0.230541 0.230541 2 1 0
0.811035 0.230761 0.230761 2 1 0
0.812968 0.230981 0.230981 2 1 0
0.814909 0.231201 0.231201 2 1 0
0.816856 0.231422 0.231422 2 1 0
0.818811 0.231643 0.231643 2 1 0
0.820773 0.231864 0.231864 2 1 0
0.822743 0.232085 0.232085 2 1 0
0.82472 0.232307 0.232307 2 1 0
0.826705 0.232528 0.232528 2 1 0
0.828697 0.23275 0.23275 2 1 0
0.830696 0.232972 0.232972 2 1 0
0.832703 0.233195 0.233195 2 1 0
0.834718 0.233417 0.233417 2 1 0
0.83674 0.23364 0.23364 2 1 0
0.838771 0.233863 0.233863 2 1 0
0.840808 0.234086 0.234086 2 1 0
0.842854 0.23431 0.23431 2 1 0
0.844908 0.234533 0.234533 2 1 0
0.846969 0.234757 0.234757 2 1 0
0.849038 0.234981 0.234981 2 1 0
0.851115 0.235206 0.235206 2 1 0
0.853201 0.23543 0.23543 2 1 0
0.855294 0.235655 0.235655 2 1 0
0.857395 0.23588 0.23588 2 1 0
0.859505 0.236105 0.236105 2 1 0
0.861622 0.23633 0.23633 2 1 0
0.863748 0.236556 0.236556 2 1 0
0.865882 0.236781 0.236781 2 1 0
0.868024 0.237007 0.237007 2 1 0
0.870175 0.237234 0.237234 2 1 0
0.872334 0.23746 0.23746 2 1 0
0.874501 0.237686 0.237686 2 1 0
0.876677 0.237913 0.237913 2 1 0
0.878862 0.23814 0.23814 2 1 0
0.881054 0.238367 0.238367 2 1 0
0.883256 0.238595 0.238595 2 1 0
0.885466 0.238822 0.238822 2 1 0
0.887685 0.23905 0.23905 2 1 0
0.889913 0.239278 0.239278 2 1 0
0.892149 0.239506 0.239506 2 1 0
0.894394 0.239735 0.239735 2 1 0
0.896648 0.239963 0.239963 2 1 0
0.898911 0.240192 0.240192 2 1 0
0.901183 0.240421 0.240421 2 1 0
0.903464 0.24065 0.24065 2 1 0
0.905754 0.24088 0.24088 2 1 0
0.908053 0.241109 0.241109 2 1 0
0.910361 0.241339 0.241339 2 1 0
0.912679 0.241569 0.241569 2 1 0
0.915005 0.241799 0.241799 2 1 0
0.917341 0.24203 0.24203 2 1 0
0.919687 0.242261 0.242261 2 1 0
0.922041 0.242491 0.242491 2 1 0
0.924405 0.242722 0.242722 2 1 0
0.926779 0.242953 0.242953 2 1 0
0.929162 0.243185 0.243185 2 1 0
0.931555 0.243416 0.243416 2 1 0
0.933957 0.243648 0.243648 2 1 0
0.93637 0.24388 0.24388 2 1 0
0.938791 0.244112 0.244112 2 1 0
0.941223 0.244345 0.244345 2 1 0
0.943665 0.244577 0.244577 2 1 0
0.946116 0.24481 0.24481 2 1 0
0.948577 0.245043 0.245043 2 1 0
0.951049 0.245276 0.245276 2 1 0
0.95353 0.245509 0.245509 2 1 0
0.956022 0.245743 0.245743 2 1 0
0.958524 0.245977 0.245977 2 1 0
0.961035 0.24621 0.24621 2 1 0
0.963558 0.246445 0.246445 2 1 0
0.96609 0.246679 0.246679 2 1 0
0.968633 0.246913 0.246913 2 1 0
0.971187 0.247148 0.247148 2 1 0
0.97375 0.247383 0.247383 2 1 0
0.976325 0.247618 0.247618 2 1 0
0.97891 0.247853 0.247853 2 1 0
0.981505 0.248088 0.248088 2 1 0
0.984112 0.248324 0.248324 2 1 0
0.986729 0.248559 0.248559 2 1 0
0.989357 0.248795 0.248795 2 1 0
0.991996 0.249031 0.249031 2 1 0
0.994646 0.249267 0.249267 2 1 0
0.997306 0.249504 0.249504 2 1 0
0.999978 0.24974 0.24974 2 1 0
1.00266 0.249977 0.249977 2 1 0
1.00536 0.250214 0.250214 2 1 0
1.00806 0.250451 0.250451 2 1 0
1.01078 0.250689 0.250689 2 1 0
1.01351 0.250926 0.250926 2 1 0
1.01624 0.251164 0.251164 2 1 0
1.019 0.251401 0.251401 2 1 0
1.02176 0.251639 0.251639 2 1 0
1.02453 0.251878 0.251878 2 1 0
1.02732 0.252116 0.252116 2 1 0
1.03011 0.252354 0.252354 2 1 0
1.03292 0.252593 0.252593 2 1 0
1.03574 0.252832 0.252832 2 1 0
1.03858 0.253071 0.253071 2 1 0
1.04142 0.25331 0.25331 2 1 0
1.04428 0.253549 0.253549 2 1 0
1.04715 0.253789 0.253789 2 1 0
1.05003 0.254028 0.254028 2 1 0
1.05292 0.254268 0.254268 2 1 0
1.05583 0.254508 0.254508 2 1 0
1.05875 0.254748 0.254748 2 1 0
1.06168 0.254988 0.254988 2 1 0
1.06462 0.255228 0.255228 2 1 0
1.06757 0.255469 0.255469 2 1 0
1.07054 0.25571 0.25571 2 1 0
1.07352 0.25595 0.25595 2 1 0
1.07652 0.256191 0.256191 2 1 0
1.07952 0.256433 0.256433 2 1 0
1.08254 0.256674 0.256674 2 1 0
1.08557 0.256915 0.256915 2 1 0
1.08862 0.257157 0.257157 2 1 0
1.09168 0.257398 0.257398 2 1 0
1.09475 0.25764 0.25764 2 1 0
1.09783 0.257882 0.257882 2 1 0
1.10093 0.258124 0.258124 2 1 0
1.10404 0.258367 0.258367 2 1 0
1.10716 0.258609 0.258609 2 1 0
1.1103 0.258852 0.258852 2 1 0
1.11345 0.259094 0.259094 2 1 0
1.11662 0.259337 0.259337 2 1 0
1.11979 0.25958 0.25958 2 1 0
1.12299 0.259823 0.259823 2 1 0
1.12619 0.260066 0.260066 2 1 0
1.12941 0.260309 0.260309 2 1 0
1.13264 0.260553 0.260553 2 1 0
1.13589 0.260796 0.260796 2 1 0
1.13915 0.26104 0.26104 2 1 0
1.14243 0.261284 0.261284 2 1 0
1.14572 0.261528 0.261528 2 1 0
1.14902 0.261772 0.261772 2 1 0
1.15234 0.262016 0.262016 2 1 0
1.15568 0.26226 0.26226 2 1 0
1.15902 0.262504 0.262504 2 1 0
1.16239 0.262749 0.262749 2 1 0
1.16576 0.262993 0.262993 2 1 0
1.16915 0.263238 0.263238 2 1 0
1.17256 0.263483 0.263483 2 1 0
1.17598 0.263728 0.263728 2 1 0
1.17942 0.263973 0.263973 2 1 0
1.18287 0.264218 0.264218 2 1 0
1.18634 0.264463 0.264463 2 1 0
1.18982 0.264708 0.264708 2 1 0
1.19331 0.264954 0.264954 2 1 0
1.19683 0.265199 0.265199 2 1 0
1.20035 0.265445 0.265445 2 1 0
1.2039 0.265691 0.265691 2 1 0
1.20745 0.265936 0.265936 2 1 0
1.21103 0.266182 0.266182 2 1 0
1.21462 0.266428 0.266428 2 1 0
1.21822 0.266674 0.266674 2 1 0
1.22184 0.26692 0.26692 2 1 0
1.22548 0.267166 0.267166 2 1 0
1.22913 0.267412 0.267412 2 1 0
1.2328 0.267659 0.267659 2 1 0
1.23649 0.267905 0.267905 2 1 0
1.24019 0.268152 0.268152 2 1 0
1.24391 0.268398 0.268398 2 1 0
1.24764 0.268645 0.268645 2 1 0
1.25139 0.268891 0.268891 2 1 0
1.25516 0.269138 0.269138 2 1 0
1.25894 0.269385 0.269385 2 1 0
1.26274 0.269632 0.269632 2 1 0
1.26656 0.269878 0.269878 2 1 0
1.27039 0.270125 0.270125 2 1 0
1.27424 0.270372 0.270372 2 1 0
1.27811 0.270619 0.270619 2 1 0
1.28199 0.270866 0.270866 2 1 0
1.28589 0.271114 0.271114 2 1 0
1.28981 0.271361 0.271361 2 1 0
1.29375 0.271608 0.271608 2 1 0
1.2977 0.271855 0.271855 2 1 0
1.30167 0.272102 0.272102 2 1 0
1.30566 0.27235 0.27235 2 1 0
1.30966 0.272597 0.272597 2 1 0
1.31369 0.272844 0.272844 2 1 0
1.31773 0.273092 0.273092 2 1 0
1.32179 0.273339 0.273339 2 1 0
1.32586 0.273586 0.273586 2 1 0
1.32996 0.273834 0.273834 2 1 0
1.33407 0.274081 0.274081 2 1 0
1.3382 0.274329 0.274329 2 1 0
1.34235 0.274576 0.274576 2 1 0
1.34651 0.274824 0.274824 2 1 0
1.3507 0.275071 0.275071 2 1 0
1.3549 0.275318 0.275318 2 1 0
1.35912 0.275566 0.275566 2 1 0
1.36336 0.275813 0.275813 2 1 0
1.36762 0.276061 0.276061 2 1 0
1.3719 0.276308 0.276308 2 1 0
1.37619 0.276556 0.276556 2 1 0
1.38051 0.276803 0.276803 2 1 0
1.38484 0.27705 0.27705 2 1 0
1.38919 0.277298 0.277298 2 1 0
1.39357 0.277545 0.277545 2 1 0
1.39796 0.277792 0.277792 2 1 0
1.40237 0.27804 0.27804 2 1 0
1.40679 0.278287 0.278287 2 1 0
1.41124 0.278534 0.278534 2 1 0
1.41571 0.278781 0.278781 2 1 0
1.4202 0.279028 0.279028 2 1 0
1.4247 0.279275 0.279275 2 1 0
1.42923 0.279522 0.279522 2 1 0
1.43377 0.279769 0.279769 2 1 0
1.43834 0.280016 0.280016 2 1 0
1.44292 0.280263 0.280263 2 1 0
1.44753 0.28051 0.28051 2 1 0
1.45215 0.280756 0.280756 2 1 0
1.4568 0.281003 0.281003 2 1 0
1.46146 0.28125 0.28125 2 1 0
1.46615 0.281496 0.281496 2 1 0
1.47085 0.281742 0.281742 2 1 0
1.47558 0.281989 0.281989 2 1 0
1.48032 0.282235 0.282235 2 1 0
1.48509 0.282481 0.282481 2 1 0
1.48987 0.282727 0.282727 2 1 0
1.49468 0.282973 0.282973 2 1 0
1.4995 0.283219 0.283219 2 1 0
1.50435 0.283465 0.283465 2 1 0
1.50922 0.28371 0.28371 2 1 0
1.51411 0.283956 0.283956 2 1 0
1.51902 0.284201 0.284201 2 1 0
1.52395 0.284447 0.284447 2 1 0
1.5289 0.284692 0.284692 2 1 0
1.53387 0.284937 0.284937 2 1 0
1.53886 0.285182 0.285182 2 1 0
1.54388 0.285426 0.285426 2 1 0
1.54891 0.285671 0.285671 2 1 0
1.55397 0.285916 0.285916 2 1 0
1.55904 0.28616 0.28616 2 1 0
1.56414 0.286404 0.286404 2 1 0
1.56926 0.286648 0.286648 2 1 0
1.5744 0.286892 0.286892 2 1 0
1.57956 0.287136 0.287136 2 1 0
1.58475 0.28738 0.28738 2 1 0
1.58995 0.287623 0.287623 2 1 0
1.59518 0.287866 0.287866 2 1 0
1.60043 0.288109 0.288109 2 1 0
1.6057 0.288352 0.288352 2 1 0
1.61099 0.288595 0.288595 2 1 0
1.6163 0.288837 0.288837 2 1 0
1.62164 0.28908 0.28908 2 1 0
1.62699 0.289322 0.289322 2 1 0
1.63237 0.289564 0.289564 2 1 0
1.63777 0.289806 0.289806 2 1 0
1.64319 0.290047 0.290047 2 1 0
1.64864 0.290288 0.290288 2 1 0
1.6541 0.29053 0.29053 2 1 0
1.65959 0.29077 0.29077 2 1 0
1.6651 0.291011 0.291011 2 1 0
1.67063 0.291252 0.291252 2 1 0
1.67618 0.291492 0.291492 2 1 0
1.68176 0.291732 0.291732 2 1 0
1.68736 0.291972 0.291972 2 1 0
1.69298 0.292211 0.292211 2 1 0
1.69862 0.29245 0.29245 2 1 0
1.70428 0.292689 0.292689 2 1 0
1.70997 0.292928 0.292928 2 1 0
1.71568 0.293167 0.293167 2 1 0
1.72141 0.293405 0.293405 2 1 0
1.72716 0.293643 0.293643 2 1 0
1.73294 0.293881 0.293881 2 1 0
1.73874 0.294118 0.294118 2 1 0
1.74456 0.294355 0.294355 2 1 0
1.7504 0.294592 0.294592 2 1 0
1.75626 0.294829 0.294829 2 1 0
1.76215 0.295065 0.295065 2 1 0
1.76806 0.295301 0.295301 2 1 0
1.77399 0.295537 0.295537 2 1 0
1.77995 0.295772 0.295772 2 1 0
1.78592 0.296007 0.296007 2 1 0
1.79192 0.296242 0.296242 2 1 0
1.79794 0.296476 0.296476 2 1 0
1.80399 0.29671 0.29671 2 1 0
1.81005 0.296944 0.296944 2 1 0
1.81614 0.297178 0.297178 2 1 0
1.82225 0.297411 0.297411 2 1 0
1.82839 0.297644 0.297644 2 1 0
1.83454 0.297876 0.297876 2 1 0
1.84072 0.298108 0.298108 2 1 0
1.84692 0.29834 0.29834 2 1 0
1.85314 0.298572 0.298572 2 1 0
1.85939 0.298803 0.298803 2 1 0
1.86565 0.299034 0.299034 2 1 0
1.87194 0.299264 0.299264 2 1 0
1.87825 0.299494 0.299494 2 1 0
1.88459 0.299724 0.299724 2 1 0
1.89095 0.299953 0.299953 2 1 0
1.89732 0.300182 0.300182 2 1 0
1.90372 0.30041 0.30041 2 1 0
1.91015 0.300638 0.300638 2 1 0
1.91659 0.300866 0.300866 2 1 0
1.92306 0.301093 0.301093 2 1 0
1.92955 0.30132 0.30132 2 1 0
1.93606 0.301547 0.301547 2 1 0
1.94259 0.301773 0.301773 2 1 0
1.94915 0.301999 0.301999 2 1 0
1.95572 0.302224 0.302224 2 1 0
1.96232 0.302449 0.302449 2 1 0
1.96894 0.302673 0.302673 2 1 0
1.97559 0.302897 0.302897 2 1 0
1.98225 0.303121 0.303121 2 1 0
1.98894 0.303344 0.303344 2 1 0
1.99565 0.303567 0.303567 2 1 0
2.00238 0.303789 0.303789 2 1 0
2.00913 0.304011 0.304011 2 1 0
2.0159 0.304232 0.304232 2 1 0
2.0227 0.304453 0.304453 2 1 0
2.02951 0.304674 0.304674 2 1 0
2.03635 0.304894 0.304894 2 1 0
2.04321 0.305114 0.305114 2 1 0
2.05009 0.305333 0.305333 2 1 0
2.05699 0.305551 0.305551 2 1 0
2.06391 0.30577 0.30577 2 1 0
2.07086 0.305987 0.305987 2 1 0
2.07782 0.306205 0.306205 2 1 0
2.08481 0.306421 0.306421 2 1 0
2.09182 0.306638 0.306638 2 1 0
2.09885 0.306854 0.306854 2 1 0
2.10589 0.307069 0.307069 2 1 0
2.11296 0.307284 0.307284 2 1 0
2.12005 0.307498 0.307498 2 1 0
2.12717 0.307712 0.307712 2 1 0
2.1343 0.307925 0.307925 2 1 0
2.14145 0.308138 0.308138 2 1 0
2.14862 0.30835 0.30835 2 1 0
2.15582 0.308562 0.308562 2 1 0
2.16303 0.308774 0.308774 2 1 0
2.17026 0.308984 0.308984 2 1 0
2.17752 0.309195 0.309195 2 1 0
2.18479 0.309405 0.309405 2 1 0
2.19209 0.309614 0.309614 2 1 0
2.1994 0.309823 0.309823 2 1 0
2.20674 0.310031 0.310031 2 1 0
2.21409 0.310238 0.310238 2 1 0
2.22146 0.310446 0.310446 2 1 0
2.22886 0.310652 0.310652 2 1 0
2.23627 0.310858 0.310858 2 1 0
2.2437 0.311064 0.311064 2 1 0
2.25115 0.311269 0.311269 2 1 0
2.25862 0.311473 0.311473 2 1 0
2.26611 0.311677 0.311677 2 1 0
2.27362 0.311881 0.311881 2 1 0
2.28115 0.312083 0.312083 2 1 0
2.2887 0.312286 0.312286 2 1 0
2.29626 0.312487 0.312487 2 1 0
2.30385 0.312689 0.312689 2 1 0
2.31145 0.312889 0.312889 2 1 0
2.31907 0.313089 0.313089 2 1 0
2.32671 0.313289 0.313289 2 1 0
2.33437 0.313488 0.313488 2 1 0
2.34205 0.313686 0.313686 2 1 0
2.34975 0.313884 0.313884 2 1 0
2.35746 0.314081 0.314081 2 1 0
2.36519 0.314278 0.314278 2 1 0
2.37294 0.314474 0.314474 2 1 0
2.38071 0.314669 0.314669 2 1 0
2.38849 0.314864 0.314864 2 1 0
2.39629 0.315059 0.315059 2 1 0
2.40411 0.315252 0.315252 2 1 0
2.41195 0.315446 0.315446 2 1 0
2.41981 0.315638 0.315638 2 1 0
2.42768 0.31583 0.31583 2 1 0
2.43557 0.316022 0.316022 2 1 0
2.44347 0.316213 0.316213 2 1 0
2.4514 0.316403 0.316403 2 1 0
2.45934 0.316593 0.316593 2 1 0
2.46729 0.316782 0.316782 2 1 0
2.47527 0.316971 0.316971 2 1 0
2.48326 0.317159 0.317159 2 1 0
2.49126 0.317346 0.317346 2 1 0
2.49929 0.317533 0.317533 2 1 0
2.50732 0.317719 0.317719 2 1 0
2.51538 0.317905 0.317905 2 1 0
2.52345 0.31809 0.31809 2 1 0
2.53154 0.318274 0.318274 2 1 0
2.53964 0.318458 0.318458 2 1 0
2.54776 0.318642 0.318642 2 1 0
2.55589 0.318824 0.318824 2 1 0
2.56404 0.319007 0.319007 2 1 0
2.57221 0.319188 0.319188 2 1 0
2.58039 0.319369 0.319369 2 1 0
2.58858 0.319549 0.319549 2 1 0
2.59679 0.319729 0.319729 2 1 0
2.60502 0.319908 0.319908 2 1 0
2.61326 0.320087 0.320087 2 1 0
2.62151 0.320265 0.320265 2 1 0
2.62978 0.320442 0.320442 2 1 0
2.63806 0.320619 0.320619 2 1 0
2.64636 0.320795 0.320795 2 1 0
2.65468 0.320971 0.320971 2 1 0
2.663 0.321146 0.321146 2 1 0
2.67134 0.32132 0.32132 2 1 0
2.6797 0.321494 0.321494 2 1 0
2.68807 0.321667 0.321667 2 1 0
2.69645 0.32184 0.32184 2 1 0
2.70485 0.322012 0.322012 2 1 0
2.71326 0.322184 0.322184 2 1 0
2.72168 0.322354 0.322354 2 1 0
2.73012 0.322525 0.322525 2 1 0
2.73857 0.322695 0.322695 2 1 0
2.74704 0.322864 0.322864 2 1 0
2.75551 0.323032 0.323032 2 1 0
2.764 0.3232 0.3232 2 1 0
2.77251 0.323367 0.323367 2 1 0
2.78102 0.323534 0.323534 2 1 0
2.78955 0.3237 0.3237 2 1 0
2.79809 0.323866 0.323866 2 1 0
2.80665 0.324031 0.324031 2 1 0
2.81521 0.324196 0.324196 2 1 0
2.82379 0.324359 0.324359 2 1 0
2.83238 0.324523 0.324523 2 1 0
2.84098 0.324685 0.324685 2 1 0
2.8496 0.324847 0.324847 2 1 0
2.85823 0.325009 0.325009 2 1 0
2.86687 0.32517 0.32517 2 1 0
2.87552 0.32533 0.32533 2 1 0
2.88418 0.32549 0.32549 2 1 0
2.89285 0.325649 0.325649 2 1 0
2.90154 0.325808 0.325808 2 1 0
2.91023 0.325966 0.325966 2 1 0
2.91894 0.326124 0.326124 2 1 0
2.92766 0.326281 0.326281 2 1 0
2.93639 0.326437 0.326437 2 1 0
2.94513 0.326593 0.326593 2 1 0
2.95388 0.326748 0.326748 2 1 0
2.96265 0.326903 0.326903 2 1 0
2.97142 0.327057 0.327057 2 1 0
2.9802 0.32721 0.32721 2 1 0
2.989 0.327363 0.327363 2 1 0
2.9978 0.327516 0.327516 2 1 0
3.00662 0.327667 0.327667 2 1 0
0.545854 0.193628 0.193628 4 3 0
0.546131 0.197717 0.189689 3 3 0
0.546775 0.201217 0.186525 3 3 0
0.54759 0.204335 0.183863 3 3 0
0.548434 0.206752 0.181905 3 3 0
0.549291 0.208701 0.180371 3 3 0
0.550154 0.210664 0.178896 3 3 0
0.551015 0.212423 0.177583 3 3 0
0.551884 0.21407 0.176405 3 3 0
0.552755 0.215646 0.175319 3 3 0
0.55363 0.217143 0.174287 3 3 0
0.554508 0.21858 0.17332 3 3 0
0.555389 0.219975 0.172425 3 3 0
0.556272 0.221323 0.171556 3 3 0
0.557159 0.222632 0.17073 3 3 0
0.558049 0.223906 0.169964 3 3 0
0.558941 0.225151 0.169204 3 3 0
0.559836 0.226369 0.168475 3 3 0
0.560734 0.227542 0.167772 3 3 0
0.561635 0.228709 0.167104 3 3 0
0.562538 0.229858 0.16646 3 3 0
0.563444 0.231023 0.165836 3 3 0
0.564352 0.23214 0.165235 3 3 0
0.565263 0.233241 0.164653 3 3 0
0.566177 0.234333 0.16408 3 3 0
0.567093 0.235407 0.16351 3 3 0
0.568012 0.23647 0.162956 3 3 0
0.568934 0.237539 0.162415 3 3 0
0.569858 0.238582 0.16189 3 3 0
0.570785 0.239615 0.161379 3 3 0
0.571715 0.240653 0.160881 3 3 0
0.572647 0.241669 0.160395 3 3 0
0.573582 0.242678 0.159921 3 3 0
0.57452 0.243695 0.159458 3 3 0
0.57546 0.244691 0.159005 3 3 0
0.576404 0.245681 0.158563 3 3 0
0.57735 0.246652 0.158151 3 3 0
0.578298 0.247627 0.157732 3 3 0
0.57925 0.248597 0.157322 3 3 0
0.580204 0.249545 0.156892 3 3 0
0.581162 0.250503 0.156496 3 3 0
0.582122 0.251456 0.156109 3 3 0
0.583085 0.252401 0.155701 3 3 0
0.584051 0.253345 0.155326 3 3 0
0.585019 0.254288 0.154956 3 3 0
0.585991 0.255237 0.154573 3 3 0
0.586966 0.25617 0.154218 3 3 0
0.587943 0.257099 0.153853 3 3 0
0.588924 0.258038 0.153501 3 3 0
0.589908 0.258961 0.153143 3 3 0
0.590894 0.25988 0.152791 3 3 0
0.591884 0.260795 0.152459 3 3 0
0.592877 0.261716 0.152118 3 3 0
0.593873 0.262633 0.151782 3 3 0
0.594872 0.263544 0.15146 3 3 0
0.595875 0.264456 0.151135 3 3 0
0.59688 0.265365 0.150815 3 3 0
0.597889 0.266278 0.150507 3 3 0
0.598901 0.267182 0.150198 3 3 0
0.599916 0.268083 0.149893 3 3 0
0.600934 0.268992 0.149594 3 3 0
0.601956 0.269888 0.149299 3 3 0
0.602981 0.270783 0.149009 3 3 0
0.60401 0.27168 0.148724 3 3 0
0.605042 0.272571 0.148442 3 3 0
0.606077 0.273459 0.148165 3 3 0
0.607116 0.274361 0.147892 3 3 0
0.608158 0.275245 0.147622 3 3 0
0.609204 0.276127 0.147357 3 3 0
0.610254 0.27703 0.147098 3 3 0
0.611306 0.277908 0.146841 3 3 0
0.612363 0.278785 0.146589 3 3 0
0.613423 0.279645 0.146332 3 3 0
0.614487 0.280517 0.146085 3 3 0
0.615554 0.281387 0.145843 3 3 0
0.616625 0.282266 0.14559 3 3 0
0.6177 0.283134 0.145352 3 3 0
0.618779 0.283999 0.145117 3 3 0
0.619861 0.284864 0.144878 3 3 0
0.620948 0.285726 0.144649 3 3 0
0.622038 0.286587 0.144423 3 3 0
0.623132 0.287445 0.144197 3 3 0
0.624229 0.288303 0.143977 3 3 0
0.625331 0.289159 0.143761 3 3 0
0.626437 0.290009 0.143547 3 3 0
0.627547 0.290862 0.143336 3 3 0
0.628661 0.291713 0.143129 3 3 0
0.629778 0.292521 0.142914 3 3 0
0.6309 0.293369 0.142711 3 3 0
0.632026 0.294215 0.142512 3 3 0
0.633157 0.295044 0.142298 3 3 0
0.634291 0.295887 0.142102 3 3 0
0.63543 0.296729 0.141909 3 3 0
0.636572 0.297558 0.141707 3 3 0
0.637719 0.298397 0.141518 3 3 0
0.638871 0.299234 0.141332 3 3 0
0.640026 0.300041 0.141137 3 3 0
0.641187 0.300875 0.140955 3 3 0
0.642351 0.301708 0.140776 3 3 0
0.64352 0.302518 0.140587 3 3 0
0.644693 0.303348 0.140412 3 3 0
0.645871 0.304176 0.140238 3 3 0
0.647053 0.304975 0.140064 3 3 0
0.64824 0.305795 0.139895 3 3 0
0.649431 0.306613 0.139728 3 3 0
0.650627 0.307492 0.139555 3 3 0
0.651828 0.308309 0.139392 3 3 0
0.653033 0.309123 0.139231 3 3 0
0.654243 0.309998 0.139063 3 3 0
0.655458 0.31081 0.138906 3 3 0
0.656677 0.311621 0.138751 3 3 0
0.657902 0.312475 0.138604 3 3 0
0.659131 0.313283 0.138453 3 3 0
0.660365 0.31409 0.138304 3 3 0
0.661603 0.314906 0.138138 3 3 0
0.662847 0.315709 0.137992 3 3 0
0.664096 0.316512 0.137848 3 3 0
0.665349 0.317319 0.137696 3 3 0
0.666608 0.318118 0.137556 3 3 0
0.667871 0.318916 0.137416 3 3 0
0.66914 0.319719 0.137271 3 3 0
0.670413 0.320514 0.137135 3 3 0
0.671692 0.321307 0.137001 3 3 0
0.672976 0.322099 0.136855 3 3 0
0.674265 0.322889 0.136723 3 3 0
0.67556 0.323677 0.136594 3 3 0
0.676859 0.324464 0.136447 3 3 0
0.678164 0.325249 0.136319 3 3 0
0.679474 0.326032 0.136194 3 3 0
0.68079 0.326812 0.136057 3 3 0
0.682111 0.327592 0.135934 3 3 0
0.683437 0.328369 0.135813 3 3 0
0.684769 0.329147 0.135679 3 3 0
0.686106 0.329921 0.13556 3 3 0
0.687449 0.330693 0.135443 3 3 0
0.688797 0.331467 0.13532 3 3 0
0.690151 0.332236 0.135205 3 3 0
0.69151 0.333003 0.135091 3 3 0
0.692875 0.333762 0.134967 3 3 0
0.694245 0.334525 0.134856 3 3 0
0.695622 0.335286 0.134746 3 3 0
0.697003 0.33606 0.134628 3 3 0
0.698391 0.336819 0.13452 3 3 0
0.699785 0.337576 0.134414 3 3 0
0.701184 0.338323 0.134307 3 3 0
0.702589 0.339079 0.134203 3 3 0
0.704 0.339834 0.1341 3 3 0
0.705417 0.340584 0.133997 3 3 0
0.70684 0.341331 0.133896 3 3 0
0.708268 0.342077 0.133797 3 3 0
0.709703 0.342812 0.133673 3 3 0
0.711144 0.343559 0.133576 3 3 0
0.712591 0.344305 0.133479 3 3 0
0.714044 0.34506 0.133382 3 3 0
0.715503 0.345802 0.133287 3 3 0
0.716968 0.346541 0.133193 3 3 0
0.718439 0.347261 0.133143 3 3 0
0.719917 0.347998 0.13305 3 3 0
0.721401 0.348733 0.132959 3 3 0
0.722891 0.349485 0.132834 3 3 0
0.724387 0.350214 0.132745 3 3 0
0.72589 0.350942 0.132658 3 3 0
0.727399 0.351655 0.132566 3 3 0
0.728915 0.352382 0.132481 3 3 0
0.730437 0.353107 0.132397 3 3 0
0.731966 0.353819 0.132313 3 3 0
0.733501 0.354541 0.132231 3 3 0
0.735042 0.355262 0.132149 3 3 0
0.736591 0.355977 0.132069 3 3 0
0.738146 0.356694 0.13199 3 3 0
0.739707 0.35741 0.131912 3 3 0
0.741275 0.358104 0.131836 3 3 0
0.74285 0.358817 0.131759 3 3 0
0.744432 0.359528 0.131684 3 3 0
0.746021 0.360223 0.131613 3 3 0
0.747616 0.360932 0.131539 3 3 0
0.749218 0.361639 0.131467 3 3 0
0.750827 0.362303 0.131394 3 3 0
0.752443 0.363008 0.131324 3 3 0
0.754067 0.363712 0.131254 3 3 0
0.755697 0.364372 0.131184 3 3 0
0.757334 0.365073 0.131116 3 3 0
0.758978 0.365773 0.131048 3 3 0
0.760629 0.366422 0.130983 3 3 0
0.762288 0.367119 0.130918 3 3 0
0.763954 0.367815 0.130853 3 3 0
0.765627 0.36848 0.13079 3 3 0
0.767307 0.369173 0.130726 3 3 0
0.768994 0.369864 0.130664 3 3 0
0.770689 0.370488 0.130603 3 3 0
0.772391 0.371177 0.130542 3 3 0
0.774101 0.371865 0.130482 3 3 0
0.775818 0.372498 0.130424 3 3 0
0.777543 0.373183 0.130365 3 3 0
0.779275 0.373867 0.130307 3 3 0
0.781015 0.374549 0.130251 3 3 0
0.782762 0.375212 0.130195 3 3 0
0.784517 0.375874 0.130139 3 3 0
0.78628 0.376582 0.130083 3 3 0
0.788051 0.377241 0.130029 3 3 0
0.789829 0.377898 0.129976 3 3 0
0.791615 0.378629 0.129927 3 3 0
0.793409 0.379285 0.129874 3 3 0
0.795211 0.37994 0.129823 3 3 0
0.79702 0.380628 0.129773 3 3 0
0.798838 0.38128 0.129723 3 3 0
0.800664 0.38193 0.129674 3 3 0
0.802498 0.382634 0.129627 3 3 0
0.80434 0.383283 0.129579 3 3 0
0.80619 0.383931 0.129531 3 3 0
0.808048 0.384606 0.129488 3 3 0
0.809914 0.385251 0.129441 3 3 0
0.811789 0.385894 0.129396 3 3 0
0.813672 0.386589 0.129351 3 3 0
0.815564 0.387232 0.129307 3 3 0
0.817464 0.387872 0.129264 3 3 0
0.819372 0.388532 0.129229 3 3 0
0.821289 0.38917 0.129186 3 3 0
0.823214 0.389808 0.129144 3 3 0
0.825148 0.390468 0.1291 3 3 0
0.827091 0.391103 0.12906 3 3 0
0.829042 0.391737 0.12902 3 3 0
0.831002 0.392377 0.128997 3 3 0
0.83297 0.393013 0.128958 3 3 0
0.834948 0.393648 0.12892 3 3 0
0.836934 0.394287 0.128871 3 3 0
0.838929 0.394917 0.128834 3 3 0
0.840934 0.395544 0.128798 3 3 0
0.842947 0.39615 0.12876 3 3 0
0.844969 0.396779 0.128724 3 3 0
0.847 0.397406 0.12869 3 3 0
0.849041 0.398033 0.128669 3 3 0
0.85109 0.398652 0.128636 3 3 0
0.853149 0.39927 0.128602 3 3 0
0.855217 0.399796 0.128557 3 3 0
0.857295 0.400421 0.128525 3 3 0
0.859382 0.401044 0.128495 3 3 0
0.861478 0.401658 0.128464 3 3 0
0.863584 0.402278 0.128435 3 3 0
0.865699 0.402897 0.128406 3 3 0
0.867824 0.403573 0.128379 3 3 0
0.869958 0.404186 0.128351 3 3 0
0.872102 0.404798 0.128324 3 3 0
0.874256 0.405376 0.128296 3 3 0
0.87642 0.405986 0.12827 3 3 0
0.878593 0.406595 0.128244 3 3 0
0.880777 0.407235 0.128221 3 3 0
0.88297 0.407838 0.128196 3 3 0
0.885173 0.40844 0.128172 3 3 0
0.887387 0.408909 0.128147 3 3 0
0.88961 0.409515 0.128124 3 3 0
0.891844 0.41012 0.128101 3 3 0
0.894088 0.410825 0.128081 3 3 0
0.896342 0.411422 0.12806 3 3 0
0.898606 0.412017 0.12804 3 3 0
0.900881 0.412524 0.128022 3 3 0
0.903166 0.413121 0.128003 3 3 0
0.905462 0.413717 0.127985 3 3 0
0.907768 0.414375 0.127959 3 3 0
0.910084 0.414961 0.127941 3 3 0
0.912412 0.415545 0.127923 3 3 0
0.91475 0.416077 0.12792 3 3 0
0.917099 0.416666 0.127904 3 3 0
0.919458 0.417255 0.127889 3 3 0
0.921829 0.417884 0.127855 3 3 0
0.92421 0.418463 0.12784 3 3 0
0.926603 0.41904 0.127825 3 3 0
0.929006 0.419584 0.127843 3 3 0
0.931421 0.420165 0.127831 3 3 0
0.933847 0.420746 0.12782 3 3 0
0.936284 0.421357 0.127776 3 3 0
0.938732 0.421932 0.127764 3 3 0
0.941192 0.422505 0.127753 3 3 0
0.943663 0.423036 0.127772 3 3 0
0.946145 0.423611 0.127764 3 3 0
0.948639 0.424184 0.127756 3 3 0
0.951145 0.424736 0.127729 3 3 0
0.953662 0.425308 0.127722 3 3 0
0.956191 0.425878 0.127715 3 3 0
0.958732 0.426422 0.127718 3 3 0
0.961284 0.42699 0.127713 3 3 0
0.963849 0.427557 0.127708 3 3 0
0.966425 0.428132 0.1277 3 3 0
0.969014 0.428696 0.127697 3 3 0
0.971614 0.429258 0.127694 3 3 0
0.974227 0.429813 0.127708 3 3 0
0.976852 0.430373 0.127707 3 3 0
0.979489 0.430932 0.127706 3 3 0
0.982139 0.431499 0.127692 3 3 0
0.984801 0.432055 0.127692 3 3 0
0.987475 0.432609 0.127693 3 3 0
0.990162 0.433146 0.127708 3 3 0
0.992862 0.433699 0.12771 3 3 0
0.995574 0.434251 0.127705 3 3 0
0.998299 0.434791 0.127695 3 3 0
1.00104 0.435342 0.127699 3 3 0
1.00379 0.43589 0.1277 3 3 0
1.00655 0.436424 0.127691 3 3 0
1.00933 0.436971 0.127685 3 3 0
1.01212 0.437517 0.127679 3 3 0
1.01492 0.438046 0.12769 3 3 0
1.01774 0.43859 0.127685 3 3 0
1.02057 0.439134 0.12768 3 3 0
1.02341 0.439644 0.127682 3 3 0
1.02627 0.440186 0.127678 3 3 0
1.02914 0.440727 0.127675 3 3 0
1.03202 0.441225 0.127687 3 3 0
1.03492 0.441765 0.127684 3 3 0
1.03783 0.442304 0.127682 3 3 0
1.04075 0.44279 0.127686 3 3 0
1.04369 0.443328 0.127685 3 3 0
1.04664 0.443865 0.127685 3 3 0
1.04961 0.444388 0.127679 3 3 0
1.05259 0.444923 0.127679 3 3 0
1.05558 0.445456 0.12768 3 3 0
1.05859 0.446006 0.127692 3 3 0
1.06162 0.446536 0.127694 3 3 0
1.06465 0.447065 0.127696 3 3 0
1.06771 0.447574 0.127701 3 3 0
1.07077 0.448101 0.127705 3 3 0
1.07385 0.448627 0.127708 3 3 0
1.07695 0.449132 0.127721 3 3 0
1.08006 0.449656 0.127725 3 3 0
1.08319 0.450179 0.12773 3 3 0
1.08633 0.450675 0.127739 3 3 0
1.08948 0.451197 0.127745 3 3 0
1.09265 0.451717 0.127751 3 3 0
1.09584 0.452195 0.127762 3 3 0
1.09904 0.452714 0.127769 3 3 0
1.10225 0.453232 0.127777 3 3 0
1.10549 0.453729 0.127798 3 3 0
1.10873 0.454245 0.127806 3 3 0
1.11199 0.45476 0.127815 3 3 0
1.11527 0.455209 0.127823 3 3 0
1.11857 0.455723 0.127833 3 3 0
1.12188 0.456236 0.127843 3 3 0
1.1252 0.456683 0.127869 3 3 0
1.12854 0.457195 0.127879 3 3 0
1.1319 0.457706 0.127891 3 3 0
1.13527 0.458146 0.127901 3 3 0
1.13866 0.458656 0.127914 3 3 0
1.14207 0.459165 0.127927 3 3 0
1.14549 0.459601 0.127954 3 3 0
1.14893 0.460109 0.127967 3 3 0
1.15238 0.460615 0.127981 3 3 0
1.15585 0.461054 0.127997 3 3 0
1.15934 0.46156 0.128012 3 3 0
1.16285 0.462064 0.128027 3 3 0
1.16637 0.462456 0.128053 3 3 0
1.16991 0.46296 0.128069 3 3 0
1.17346 0.463462 0.128085 3 3 0
1.17703 0.463825 0.128113 3 3 0
1.18062 0.464327 0.12813 3 3 0
1.18423 0.464828 0.128147 3 3 0
1.18785 0.465244 0.128165 3 3 0
1.1915 0.465714 0.128184 3 3 0
1.19515 0.466183 0.128203 3 3 0
1.19883 0.46678 0.128242 3 3 0
1.20252 0.467248 0.128261 3 3 0
1.20624 0.467715 0.12828 3 3 0
1.20997 0.468242 0.128298 3 3 0
1.21371 0.468707 0.128319 3 3 0
1.21748 0.469171 0.12834 3 3 0
1.22126 0.469774 0.128367 3 3 0
1.22506 0.470238 0.128389 3 3 0
1.22888 0.4707 0.128412 3 3 0
1.23272 0.471401 0.128451 3 3 0
1.23658 0.471867 0.128473 3 3 0
1.24045 0.472331 0.128496 3 3 0
1.24434 0.472817 0.128535 3 3 0
1.24826 0.47328 0.128558 3 3 0
1.25219 0.473741 0.128582 3 3 0
1.25613 0.473757 0.12859 3 3 0
1.2601 0.47421 0.128617 3 3 0
1.26409 0.474691 0.128644 3 3 0
1.2681 0.475531 0.128674 3 3 0
1.27212 0.475985 0.128702 3 3 0
1.27616 0.476438 0.12873 3 3 0
1.28023 0.476846 0.128761 3 3 0
1.28431 0.477295 0.12879 3 3 0
1.28841 0.477744 0.12882 3 3 0
1.29253 0.478246 0.128851 3 3 0
1.29668 0.478693 0.128882 3 3 0
1.30084 0.479139 0.128914 3 3 0
1.30502 0.479453 0.128945 3 3 0
1.30922 0.479894 0.128978 3 3 0
1.31344 0.480334 0.129012 3 3 0
1.31768 0.480747 0.12905 3 3 0
1.32194 0.481184 0.129085 3 3 0
1.32622 0.48162 0.129121 3 3 0
1.33052 0.482068 0.129156 3 3 0
1.33484 0.482502 0.129193 3 3 0
1.33918 0.482934 0.129231 3 3 0
1.34354 0.483424 0.129263 3 3 0
1.34792 0.483883 0.129302 3 3 0
1.35232 0.484341 0.129341 3 3 0
1.35675 0.484786 0.129373 3 3 0
1.36119 0.485242 0.129413 3 3 0
1.36566 0.485696 0.129453 3 3 0
1.37014 0.486112 0.129492 3 3 0
1.37465 0.486565 0.129534 3 3 0
1.37918 0.487016 0.129576 3 3 0
1.38372 0.487368 0.129608 3 3 0
1.38829 0.487818 0.129651 3 3 0
1.39288 0.488267 0.129695 3 3 0
1.3975 0.488726 0.129724 3 3 0
1.40213 0.489145 0.129768 3 3 0
1.40678 0.489563 0.129813 3 3 0
1.41146 0.490155 0.129848 3 3 0
1.41616 0.490572 0.129893 3 3 0
1.42088 0.490989 0.129939 3 3 0
1.42562 0.491548 0.129981 3 3 0
1.43038 0.491964 0.130028 3 3 0
1.43517 0.492379 0.130076 3 3 0
1.43997 0.492853 0.130107 3 3 0
1.4448 0.493266 0.130155 3 3 0
1.44965 0.493679 0.130204 3 3 0
1.45453 0.494113 0.130245 3 3 0
1.45942 0.494523 0.130295 3 3 0
1.46434 0.494932 0.130346 3 3 0
1.46928 0.495418 0.130391 3 3 0
1.47424 0.495826 0.130443 3 3 0
1.47922 0.496233 0.130495 3 3 0
1.48423 0.496765 0.13051 3 3 0
1.48926 0.497172 0.130562 3 3 0
1.49431 0.497578 0.130615 3 3 0
1.49939 0.497969 0.130681 3 3 0
1.50448 0.498372 0.130735 3 3 0
1.5096 0.498774 0.130791 3 3 0
1.51474 0.499169 0.130839 3 3 0
1.51991 0.499568 0.130895 3 3 0
1.5251 0.499966 0.130952 3 3 0
1.53031 0.500355 0.130994 3 3 0
1.53554 0.50075 0.131052 3 3 0
1.5408 0.501144 0.131111 3 3 0
1.54608 0.501508 0.131164 3 3 0
1.55138 0.501898 0.131207 3 3 0
1.55671 0.502287 0.131248 3 3 0
1.56206 0.502638 0.13129 3 3 0
1.56743 0.503024 0.131334 3 3 0
1.57282 0.503408 0.131377 3 3 0
1.57824 0.503819 0.131438 3 3 0
1.58368 0.504201 0.131482 3 3 0
1.58915 0.504582 0.131527 3 3 0
1.59464 0.505012 0.131595 3 3 0
1.60015 0.505391 0.13164 3 3 0
1.60568 0.505769 0.131686 3 3 0
1.61124 0.50627 0.131739 3 3 0
1.61683 0.506647 0.131786 3 3 0
1.62243 0.507024 0.131834 3 3 0
1.62806 0.50747 0.131897 3 3 0
1.63371 0.507845 0.131945 3 3 0
1.63939 0.508219 0.131994 3 3 0
1.64509 0.508627 0.132056 3 3 0
1.65081 0.508999 0.132105 3 3 0
1.65656 0.509369 0.132155 3 3 0
1.66233 0.509761 0.132199 3 3 0
1.66813 0.51013 0.13225 3 3 0
1.67394 0.510497 0.132302 3 3 0
1.67979 0.510778 0.132363 3 3 0
1.68565 0.51114 0.132416 3 3 0
1.69154 0.511501 0.132469 3 3 0
1.69745 0.511784 0.132523 3 3 0
1.70339 0.512141 0.132578 3 3 0
1.70935 0.512497 0.132633 3 3 0
1.71533 0.512776 0.132694 3 3 0
1.72134 0.513127 0.13275 3 3 0
1.72737 0.513478 0.132807 3 3 0
1.73343 0.513794 0.132874 3 3 0
1.73951 0.514164 0.132931 3 3 0
1.74561 0.514533 0.132988 3 3 0
1.75173 0.514858 0.133044 3 3 0
1.75788 0.515225 0.133103 3 3 0
1.76406 0.51559 0.133162 3 3 0
1.77025 0.515863 0.133225 3 3 0
1.77648 0.516202 0.133285 3 3 0
1.78272 0.516546 0.133346 3 3 0
1.78899 0.516891 0.133409 3 3 0
1.79528 0.517241 0.133471 3 3 0
1.80159 0.517599 0.133533 3 3 0
1.80793 0.517978 0.133598 3 3 0
1.81429 0.51831 0.133661 3 3 0
1.82068 0.51864 0.133725 3 3 0
1.82709 0.519076 0.133789 3 3 0
1.83352 0.519405 0.133854 3 3 0
1.83998 0.519732 0.13392 3 3 0
1.84645 0.520131 0.133985 3 3 0
1.85296 0.520457 0.134051 3 3 0
1.85948 0.520781 0.134117 3 3 0
1.86603 0.521151 0.134184 3 3 0
1.8726 0.521473 0.134251 3 3 0
1.8792 0.521794 0.134319 3 3 0
1.88582 0.52214 0.134387 3 3 0
1.89246 0.522459 0.134456 3 3 0
1.89912 0.522775 0.134526 3 3 0
1.90581 0.523107 0.134592 3 3 0
1.91252 0.523421 0.134663 3 3 0
1.91925 0.523734 0.134734 3 3 0
1.92601 0.524099 0.134801 3 3 0
1.93278 0.524409 0.134872 3 3 0
1.93959 0.524718 0.134945 3 3 0
1.94641 0.525097 0.13501 3 3 0
1.95326 0.525404 0.135082 3 3 0
1.96012 0.525709 0.135155 3 3 0
1.96702 0.526151 0.13523 3 3 0
1.97393 0.526456 0.135305 3 3 0
1.98087 0.526759 0.13538 3 3 0
1.98782 0.526875 0.135448 3 3 0
1.9948 0.527173 0.135523 3 3 0
2.00181 0.527469 0.1356 3 3 0
2.00883 0.528023 0.135683 3 3 0
2.01588 0.52832 0.135761 3 3 0
2.02295 0.528616 0.13584 3 3 0
2.03004 0.528586 0.135919 3 3 0
2.03715 0.528875 0.135999 3 3 0
2.04428 0.529162 0.136079 3 3 0
2.05144 0.529514 0.136192 3 3 0
2.05861 0.529799 0.136275 3 3 0
2.06581 0.530083 0.136358 3 3 0
2.07303 0.530385 0.136441 3 3 0
2.08027 0.530686 0.136525 3 3 0
2.08754 0.530986 0.13661 3 3 0
2.09482 0.531248 0.136705 3 3 0
2.10212 0.531545 0.136792 3 3 0
2.10945 0.531841 0.136862 3 3 0
2.11679 0.532167 0.136907 3 3 0
2.12416 0.532459 0.136973 3 3 0
2.13155 0.53275 0.13704 3 3 0
2.13896 0.532937 0.137098 3 3 0
2.14638 0.533226 0.137166 3 3 0
2.15383 0.533514 0.137234 3 3 0
2.1613 0.533851 0.137309 3 3 0
2.16879 0.534135 0.137378 3 3 0
2.1763 0.534417 0.137448 3 3 0
2.18383 0.534613 0.137514 3 3 0
2.19138 0.534893 0.137584 3 3 0
2.19895 0.535172 0.137656 3 3 0
2.20653 0.535443 0.137737 3 3 0
2.21414 0.535719 0.137809 3 3 0
2.22177 0.535994 0.137881 3 3 0
2.22942 0.536187 0.137949 3 3 0
2.23708 0.536459 0.138022 3 3 0
2.24477 0.53673 0.138096 3 3 0
2.25247 0.537049 0.13818 3 3 0
2.2602 0.537317 0.138254 3 3 0
2.26794 0.537583 0.138329 3 3 0
2.2757 0.537738 0.138401 3 3 0
2.28348 0.537983 0.138477 3 3 0
2.29128 0.538242 0.138553 3 3 0
2.29909 0.53857 0.13864 3 3 0
2.30693 0.538829 0.138716 3 3 0
2.31478 0.539087 0.138793 3 3 0
2.32265 0.539233 0.138867 3 3 0
2.33054 0.539489 0.138945 3 3 0
2.33845 0.539743 0.139024 3 3 0
2.34637 0.540001 0.139107 3 3 0
2.35431 0.540235 0.139186 3 3 0
2.36227 0.540468 0.139265 3 3 0
2.37025 0.540687 0.139346 3 3 0
2.37824 0.540923 0.139426 3 3 0
2.38625 0.54117 0.139507 3 3 0
2.39428 0.541455 0.139588 3 3 0
2.40233 0.541681 0.139669 3 3 0
2.41039 0.541906 0.139752 3 3 0
2.41847 0.542185 0.139834 3 3 0
2.42656 0.542408 0.139917 3 3 0
2.43468 0.542629 0.14 3 3 0
2.4428 0.542864 0.140083 3 3 0
2.45095 0.543083 0.140167 3 3 0
2.45911 0.5433 0.140251 3 3 0
2.46729 0.543611 0.140336 3 3 0
2.47548 0.543826 0.140421 3 3 0
2.48369 0.54404 0.140507 3 3 0
2.49191 0.544254 0.14059 3 3 0
2.50015 0.544465 0.140676 3 3 0
2.50841 0.544676 0.140763 3 3 0
2.51668 0.544894 0.140848 3 3 0
2.52496 0.545101 0.140935 3 3 0
2.53326 0.545308 0.141022 3 3 0
2.54158 0.545637 0.141109 3 3 0
2.54991 0.545842 0.141197 3 3 0
2.55825 0.546045 0.141286 3 3 0
2.56661 0.546227 0.141369 3 3 0
2.57499 0.546428 0.141458 3 3 0
2.58338 0.546627 0.141547 3 3 0
2.59178 0.546885 0.141634 3 3 0
2.6002 0.547082 0.141724 3 3 0
2.60863 0.547279 0.141814 3 3 0
2.61708 0.547541 0.141907 3 3 0
2.62554 0.547735 0.141998 3 3 0
2.63401 0.547928 0.14209 3 3 0
2.6425 0.548143 0.14217 3 3 0
2.651 0.548334 0.142262 3 3 0
2.65951 0.548523 0.142354 3 3 0
2.66804 0.548786 0.142448 3 3 0
2.67658 0.548974 0.142541 3 3 0
2.68513 0.549161 0.142634 3 3 0
2.6937 0.549371 0.142718 3 3 0
2.70228 0.549556 0.142812 3 3 0
2.71087 0.549739 0.142905 3 3 0
2.71947 0.54988 0.142988 3 3 0
2.72809 0.55006 0.143082 3 3 0
2.73672 0.550239 0.143176 3 3 0
2.74536 0.550566 0.143289 3 3 0
2.75402 0.550744 0.143384 3 3 0
2.76268 0.550921 0.14348 3 3 0
2.77136 0.551119 0.143545 3 3 0
2.78005 0.551294 0.143641 3 3 0
2.78875 0.551468 0.143737 3 3 0
2.79747 0.551651 0.143852 3 3 0
2.80619 0.551822 0.143949 3 3 0
2.81493 0.551992 0.144046 3 3 0
2.82368 0.552238 0.144109 3 3 0
2.83244 0.552407 0.144206 3 3 0
2.84121 0.552575 0.144303 3 3 0
2.84999 0.552741 0.14438 3 3 0
2.85879 0.552906 0.144477 3 3 0
2.86759 0.55307 0.144575 3 3 0
2.87641 0.553252 0.144671 3 3 0
2.88523 0.553414 0.144751 3 3 0
2.89407 0.553576 0.144831 3 3 0
2.90291 0.553779 0.144911 3 3 0
2.91177 0.553939 0.144992 3 3 0
2.92064 0.554098 0.145072 3 3 0
2.92952 0.554239 0.145156 3 3 0
2.9384 0.554395 0.145237 3 3 0
2.9473 0.55455 0.145319 3 3 0
2.95621 0.554732 0.145404 3 3 0
2.96513 0.554886 0.145486 3 3 0
2.97406 0.555038 0.145568 3 3 0
2.98299 0.5552 0.145653 3 3 0
2.99194 0.55535 0.145735 3 3 0
3.0009 0.555499 0.145818 3 3 0
