12 0.36212 0.36212 2 1 0
12.0099 0.36209 0.36209 1 1 0
12.0099 0.36212 0.36212 2 1 0
12.0197 0.36206 0.36206 1 1 0
12.0296 0.36203 0.36203 1 1 0
12.0395 0.362 0.362 1 1 0
12.0494 0.36197 0.36197 1 1 0
12.0593 0.36194 0.36194 1 1 0
12.0691 0.36191 0.36191 1 1 0
12.079 0.36188 0.36188 1 1 0
12.0889 0.361851 0.361851 1 1 0
12.0988 0.361821 0.361821 1 1 0
12.1086 0.361791 0.361791 1 1 0
12.1185 0.361761 0.361761 1 1 0
12.1284 0.361731 0.361731 1 1 0
12.1383 0.361701 0.361701 1 1 0
12.1481 0.361672 0.361672 1 1 0
12.158 0.361642 0.361642 1 1 0
12.1679 0.361612 0.361612 1 1 0
12.1778 0.361582 0.361582 1 1 0
12.1876 0.361552 0.361552 1 1 0
12.1975 0.361523 0.361523 1 1 0
12.2074 0.361493 0.361493 1 1 0
12.2173 0.361463 0.361463 1 1 0
12.2272 0.361433 0.361433 1 1 0
12.237 0.361404 0.361404 1 1 0
12.2469 0.361374 0.361374 1 1 0
12.2568 0.361344 0.361344 1 1 0
12.2667 0.361315 0.361315 1 1 0
12.2765 0.361285 0.361285 1 1 0
12.2864 0.361255 0.361255 1 1 0
12.2963 0.361226 0.361226 1 1 0
12.3062 0.361196 0.361196 1 1 0
12.3161 0.361166 0.361166 1 1 0
12.3259 0.361137 0.361137 1 1 0
12.3358 0.361107 0.361107 1 1 0
12.3457 0.361077 0.361077 1 1 0
12.3556 0.361048 0.361048 1 1 0
12.3654 0.361018 0.361018 1 1 0
12.3753 0.360989 0.360989 1 1 0
12.3852 0.360959 0.360959 1 1 0
12.3951 0.36093 0.36093 1 1 0
12.405 0.3609 0.3609 1 1 0
12.4148 0.36087 0.36087 1 1 0
12.4247 0.360841 0.360841 1 1 0
12.4346 0.360811 0.360811 1 1 0
12.4445 0.360782 0.360782 1 1 0
12.4544 0.360752 0.360752 1 1 0
12.4642 0.360723 0.360723 1 1 0
12.4741 0.360693 0.360693 1 1 0
12.484 0.360664 0.360664 1 1 0
12.4939 0.360634 0.360634 1 1 0
12.5038 0.360605 0.360605 1 1 0
12.5136 0.360576 0.360576 1 1 0
12.5235 0.360546 0.360546 1 1 0
12.5334 0.360517 0.360517 1 1 0
12.5433 0.360487 0.360487 1 1 0
12.5532 0.360458 0.360458 1 1 0
12.563 0.360429 0.360429 1 1 0
12.5729 0.360399 0.360399 1 1 0
12.5828 0.36037 0.36037 1 1 0
12.5927 0.36034 0.36034 1 1 0
12.6026 0.360311 0.360311 1 1 0
12.6124 0.360282 0.360282 1 1 0
12.6223 0.360252 0.360252 1 1 0
12.6322 0.360223 0.360223 1 1 0
12.6421 0.360194 0.360194 1 1 0
12.652 0.360164 0.360164 1 1 0
12.6619 0.360135 0.360135 1 1 0
12.6717 0.360106 0.360106 1 1 0
12.6816 0.360076 0.360076 1 1 0
12.6915 0.360047 0.360047 1 1 0
12.7014 0.360018 0.360018 1 1 0
12.7113 0.359989 0.359989 1 1 0
12.7211 0.359959 0.359959 1 1 0
12.731 0.35993 0.35993 1 1 0
12.7409 0.359901 0.359901 1 1 0
12.7508 0.359872 0.359872 1 1 0
12.7607 0.359843 0.359843 1 1 0
12.7706 0.359813 0.359813 1 1 0
12.7804 0.359784 0.359784 1 1 0
12.7903 0.359755 0.359755 1 1 0
12.8002 0.359726 0.359726 1 1 0
12.8101 0.359697 0.359697 1 1 0
12.82 0.359668 0.359668 1 1 0
12.8299 0.359638 0.359638 1 1 0
12.8397 0.359609 0.359609 1 1 0
12.8496 0.35958 0.35958 1 1 0
12.8595 0.359551 0.359551 1 1 0
12.8694 0.359522 0.359522 1 1 0
12.8793 0.359493 0.359493 1 1 0
12.8892 0.359464 0.359464 1 1 0
12.899 0.359435 0.359435 1 1 0
12.9089 0.359406 0.359406 1 1 0
12.9188 0.359377 0.359377 1 1 0
12.9287 0.359348 0.359348 1 1 0
12.9386 0.359319 0.359319 1 1 0
12.9485 0.35929 0.35929 1 1 0
12.9583 0.35926 0.35926 1 1 0
12.9682 0.359231 0.359231 1 1 0
12.9781 0.359202 0.359202 1 1 0
12.988 0.359174 0.359174 1 1 0
12.9979 0.359145 0.359145 1 1 0
13.0078 0.359116 0.359116 1 1 0
13.0177 0.359087 0.359087 1 1 0
13.0275 0.359058 0.359058 1 1 0
13.0374 0.359029 0.359029 1 1 0
13.0473 0.359 0.359 1 1 0
13.0572 0.358971 0.358971 1 1 0
13.0671 0.358942 0.358942 1 1 0
13.077 0.358913 0.358913 1 1 0
13.0869 0.358884 0.358884 1 1 0
13.0967 0.358855 0.358855 1 1 0
13.1066 0.358826 0.358826 1 1 0
13.1165 0.358798 0.358798 1 1 0
13.1264 0.358769 0.358769 1 1 0
13.1363 0.35874 0.35874 1 1 0
13.1462 0.358711 0.358711 1 1 0
13.1561 0.358682 0.358682 1 1 0
13.1659 0.358653 0.358653 1 1 0
13.1758 0.358625 0.358625 1 1 0
13.1857 0.358596 0.358596 1 1 0
13.1956 0.358567 0.358567 1 1 0
13.2055 0.358538 0.358538 1 1 0
13.2154 0.358509 0.358509 1 1 0
13.2253 0.358481 0.358481 1 1 0
13.2351 0.358452 0.358452 1 1 0
13.245 0.358423 0.358423 1 1 0
13.2549 0.358394 0.358394 1 1 0
13.2648 0.358366 0.358366 1 1 0
13.2747 0.358337 0.358337 1 1 0
13.2846 0.358308 0.358308 1 1 0
13.2945 0.35828 0.35828 1 1 0
13.3044 0.358251 0.358251 1 1 0
13.3143 0.358222 0.358222 1 1 0
13.3241 0.358194 0.358194 1 1 0
13.334 0.358165 0.358165 1 1 0
13.3439 0.358136 0.358136 1 1 0
13.3538 0.358108 0.358108 1 1 0
13.3637 0.358079 0.358079 1 1 0
13.3736 0.35805 0.35805 1 1 0
13.3835 0.358022 0.358022 1 1 0
13.3934 0.357993 0.357993 1 1 0
13.4032 0.357964 0.357964 1 1 0
13.4131 0.357936 0.357936 1 1 0
13.423 0.357907 0.357907 1 1 0
13.4329 0.357879 0.357879 1 1 0
13.4428 0.35785 0.35785 1 1 0
13.4527 0.357822 0.357822 1 1 0
13.4626 0.357793 0.357793 1 1 0
13.4725 0.357765 0.357765 1 1 0
13.4824 0.357736 0.357736 1 1 0
13.4922 0.357708 0.357708 1 1 0
13.5021 0.357679 0.357679 1 1 0
13.512 0.357651 0.357651 1 1 0
13.5219 0.357622 0.357622 1 1 0
13.5318 0.357594 0.357594 1 1 0
13.5417 0.357565 0.357565 1 1 0
13.5516 0.357537 0.357537 1 1 0
13.5615 0.357508 0.357508 1 1 0
13.5714 0.35748 0.35748 1 1 0
13.5813 0.357451 0.357451 1 1 0
13.5911 0.357423 0.357423 1 1 0
13.601 0.357394 0.357394 1 1 0
13.6109 0.357366 0.357366 1 1 0
13.6208 0.357338 0.357338 1 1 0
13.6307 0.357309 0.357309 1 1 0
13.6406 0.357281 0.357281 1 1 0
13.6505 0.357253 0.357253 1 1 0
13.6604 0.357224 0.357224 1 1 0
13.6703 0.357196 0.357196 1 1 0
13.6802 0.357167 0.357167 1 1 0
13.6901 0.357139 0.357139 1 1 0
13.6999 0.357111 0.357111 1 1 0
13.7098 0.357082 0.357082 1 1 0
13.7197 0.357054 0.357054 1 1 0
13.7296 0.357026 0.357026 1 1 0
13.7395 0.356998 0.356998 1 1 0
13.7494 0.356969 0.356969 1 1 0
13.7593 0.356941 0.356941 1 1 0
13.7692 0.356913 0.356913 1 1 0
13.7791 0.356885 0.356885 1 1 0
13.789 0.356856 0.356856 1 1 0
13.7989 0.356828 0.356828 1 1 0
13.8088 0.3568 0.3568 1 1 0
13.8187 0.356772 0.356772 1 1 0
13.8285 0.356743 0.356743 1 1 0
13.8384 0.356715 0.356715 1 1 0
13.8483 0.356687 0.356687 1 1 0
13.8582 0.356659 0.356659 1 1 0
13.8681 0.356631 0.356631 1 1 0
13.878 0.356602 0.356602 1 1 0
13.8879 0.356574 0.356574 1 1 0
13.8978 0.356546 0.356546 1 1 0
13.9077 0.356518 0.356518 1 1 0
13.9176 0.35649 0.35649 1 1 0
13.9275 0.356462 0.356462 1 1 0
13.9374 0.356434 0.356434 1 1 0
13.9473 0.356406 0.356406 1 1 0
13.9572 0.356377 0.356377 1 1 0
13.967 0.356349 0.356349 1 1 0
13.9769 0.356321 0.356321 1 1 0
13.9868 0.356293 0.356293 1 1 0
13.9967 0.356265 0.356265 1 1 0
14.0066 0.356237 0.356237 1 1 0
12 0.36212 0.36212 2 1 0
11.9901 0.36215 0.36215 1 1 0
11.9803 0.36218 0.36218 1 1 0
11.9704 0.36221 0.36221 1 1 0
11.9605 0.36224 0.36224 1 1 0
11.9506 0.36227 0.36227 1 1 0
11.9408 0.3623 0.3623 1 1 0
11.9309 0.36233 0.36233 1 1 0
11.921 0.36236 0.36236 1 1 0
11.9111 0.36239 0.36239 1 1 0
11.9013 0.36242 0.36242 1 1 0
11.8914 0.36245 0.36245 1 1 0
11.8815 0.36248 0.36248 1 1 0
11.8716 0.36251 0.36251 1 1 0
11.8618 0.36254 0.36254 1 1 0
11.8519 0.36257 0.36257 1 1 0
11.842 0.3626 0.3626 1 1 0
11.8321 0.362631 0.362631 1 1 0
11.8223 0.362661 0.362661 1 1 0
11.8124 0.362691 0.362691 1 1 0
11.8025 0.362721 0.362721 1 1 0
11.7927 0.362751 0.362751 1 1 0
11.7828 0.362781 0.362781 1 1 0
11.7729 0.362811 0.362811 1 1 0
11.763 0.362842 0.362842 1 1 0
11.7532 0.362872 0.362872 1 1 0
11.7433 0.362902 0.362902 1 1 0
11.7334 0.362932 0.362932 1 1 0
11.7235 0.362963 0.362963 1 1 0
11.7137 0.362993 0.362993 1 1 0
11.7038 0.363023 0.363023 1 1 0
11.6939 0.363053 0.363053 1 1 0
11.6841 0.363084 0.363084 1 1 0
11.6742 0.363114 0.363114 1 1 0
11.6643 0.363144 0.363144 1 1 0
11.6544 0.363174 0.363174 1 1 0
11.6446 0.363205 0.363205 1 1 0
11.6347 0.363235 0.363235 1 1 0
11.6248 0.363265 0.363265 1 1 0
11.615 0.363296 0.363296 1 1 0
11.6051 0.363326 0.363326 1 1 0
11.5952 0.363357 0.363357 1 1 0
11.5854 0.363387 0.363387 1 1 0
11.5755 0.363417 0.363417 1 1 0
11.5656 0.363448 0.363448 1 1 0
11.5557 0.363478 0.363478 1 1 0
11.5459 0.363509 0.363509 1 1 0
11.536 0.363539 0.363539 1 1 0
11.5261 0.363569 0.363569 1 1 0
11.5163 0.3636 0.3636 1 1 0
11.5064 0.36363 0.36363 1 1 0
11.4965 0.363661 0.363661 1 1 0
11.4867 0.363691 0.363691 1 1 0
11.4768 0.363722 0.363722 1 1 0
11.4669 0.363752 0.363752 1 1 0
11.4571 0.363783 0.363783 1 1 0
11.4472 0.363813 0.363813 1 1 0
11.4373 0.363844 0.363844 1 1 0
11.4274 0.363874 0.363874 1 1 0
11.4176 0.363905 0.363905 1 1 0
11.4077 0.363936 0.363936 1 1 0
11.3978 0.363966 0.363966 1 1 0
11.388 0.363997 0.363997 1 1 0
11.3781 0.364027 0.364027 1 1 0
11.3682 0.364058 0.364058 1 1 0
11.3584 0.364089 0.364089 1 1 0
11.3485 0.364119 0.364119 1 1 0
11.3386 0.36415 0.36415 1 1 0
11.3288 0.36418 0.36418 1 1 0
11.3189 0.364211 0.364211 1 1 0
11.309 0.364242 0.364242 1 1 0
11.2992 0.364272 0.364272 1 1 0
11.2893 0.364303 0.364303 1 1 0
11.2794 0.364334 0.364334 1 1 0
11.2696 0.364365 0.364365 1 1 0
11.2597 0.364395 0.364395 1 1 0
11.2498 0.364426 0.364426 1 1 0
11.24 0.364457 0.364457 1 1 0
11.2301 0.364488 0.364488 1 1 0
11.2202 0.364518 0.364518 1 1 0
11.2104 0.364549 0.364549 1 1 0
11.2005 0.36458 0.36458 1 1 0
11.1906 0.364611 0.364611 1 1 0
11.1808 0.364642 0.364642 1 1 0
11.1709 0.364672 0.364672 1 1 0
11.161 0.364703 0.364703 1 1 0
11.1512 0.364734 0.364734 1 1 0
11.1413 0.364765 0.364765 1 1 0
11.1314 0.364796 0.364796 1 1 0
11.1216 0.364827 0.364827 1 1 0
11.1117 0.364858 0.364858 1 1 0
11.1019 0.364888 0.364888 1 1 0
11.092 0.364919 0.364919 1 1 0
11.0821 0.36495 0.36495 1 1 0
11.0723 0.364981 0.364981 1 1 0
11.0624 0.365012 0.365012 1 1 0
11.0525 0.365043 0.365043 1 1 0
11.0427 0.365074 0.365074 1 1 0
11.0328 0.365105 0.365105 1 1 0
11.0229 0.365136 0.365136 1 1 0
11.0131 0.365167 0.365167 1 1 0
11.0032 0.365198 0.365198 1 1 0
10.9934 0.365229 0.365229 1 1 0
10.9835 0.36526 0.36526 1 1 0
10.9736 0.365291 0.365291 1 1 0
10.9638 0.365322 0.365322 1 1 0
10.9539 0.365353 0.365353 1 1 0
10.944 0.365384 0.365384 1 1 0
10.9342 0.365415 0.365415 1 1 0
10.9243 0.365446 0.365446 1 1 0
10.9144 0.365478 0.365478 1 1 0
10.9046 0.365509 0.365509 1 1 0
10.8947 0.36554 0.36554 1 1 0
10.8849 0.365571 0.365571 1 1 0
10.875 0.365602 0.365602 1 1 0
10.8651 0.365633 0.365633 1 1 0
10.8553 0.365664 0.365664 1 1 0
10.8454 0.365696 0.365696 1 1 0
10.8356 0.365727 0.365727 1 1 0
10.8257 0.365758 0.365758 1 1 0
10.8199 0.365776 0.365776 1 1 0
10.8101 0.365807 0.365807 2 1 0
10.8002 0.365839 0.365839 2 1 0
10.7903 0.36587 0.36587 2 1 0
10.7805 0.365901 0.365901 2 1 0
10.7706 0.365932 0.365932 2 1 0
10.7608 0.365964 0.365964 2 1 0
10.7509 0.365995 0.365995 2 1 0
10.741 0.366026 0.366026 2 1 0
10.7312 0.366058 0.366058 2 1 0
10.7213 0.366089 0.366089 2 1 0
10.7115 0.36612 0.36612 2 1 0
10.7016 0.366152 0.366152 2 1 0
10.6917 0.366183 0.366183 2 1 0
10.6819 0.366214 0.366214 2 1 0
10.672 0.366246 0.366246 2 1 0
10.6622 0.366277 0.366277 2 1 0
10.6523 0.366308 0.366308 2 1 0
10.6424 0.36634 0.36634 2 1 0
10.6326 0.366371 0.366371 2 1 0
10.6227 0.366403 0.366403 2 1 0
10.6129 0.366434 0.366434 2 1 0
10.603 0.366466 0.366466 2 1 0
10.5931 0.366497 0.366497 2 1 0
10.5833 0.366529 0.366529 2 1 0
10.5734 0.36656 0.36656 2 1 0
10.5636 0.366592 0.366592 2 1 0
10.5537 0.366623 0.366623 2 1 0
10.5439 0.366655 0.366655 2 1 0
10.534 0.366686 0.366686 2 1 0
10.5241 0.366718 0.366718 2 1 0
10.5143 0.366749 0.366749 2 1 0
10.5044 0.366781 0.366781 2 1 0
10.4946 0.366812 0.366812 2 1 0
10.4847 0.366844 0.366844 2 1 0
10.4749 0.366876 0.366876 2 1 0
10.465 0.366907 0.366907 2 1 0
10.4551 0.366939 0.366939 2 1 0
10.4453 0.36697 0.36697 2 1 0
10.4354 0.367002 0.367002 2 1 0
10.4256 0.367034 0.367034 2 1 0
10.4157 0.367065 0.367065 2 1 0
10.4059 0.367097 0.367097 2 1 0
10.396 0.367129 0.367129 2 1 0
10.3862 0.36716 0.36716 2 1 0
10.3763 0.367192 0.367192 2 1 0
10.3664 0.367224 0.367224 2 1 0
10.3566 0.367256 0.367256 2 1 0
10.3467 0.367287 0.367287 2 1 0
10.3369 0.367319 0.367319 2 1 0
10.327 0.367351 0.367351 2 1 0
10.3172 0.367383 0.367383 2 1 0
10.3073 0.367414 0.367414 2 1 0
10.2975 0.367446 0.367446 2 1 0
10.2876 0.367478 0.367478 2 1 0
10.2778 0.36751 0.36751 2 1 0
10.2679 0.367542 0.367542 2 1 0
10.258 0.367574 0.367574 2 1 0
10.2482 0.367605 0.367605 2 1 0
10.2383 0.367637 0.367637 2 1 0
10.2285 0.367669 0.367669 2 1 0
10.2186 0.367701 0.367701 2 1 0
10.2088 0.367733 0.367733 2 1 0
10.1989 0.367765 0.367765 2 1 0
10.1891 0.367797 0.367797 2 1 0
10.1792 0.367829 0.367829 2 1 0
10.1694 0.367861 0.367861 2 1 0
10.1595 0.367893 0.367893 2 1 0
10.1497 0.367925 0.367925 2 1 0
10.1398 0.367957 0.367957 2 1 0
10.13 0.367989 0.367989 2 1 0
10.1201 0.368021 0.368021 2 1 0
10.1103 0.368053 0.368053 2 1 0
10.1004 0.368085 0.368085 2 1 0
10.0906 0.368117 0.368117 2 1 0
10.0807 0.368149 0.368149 2 1 0
10.0708 0.368181 0.368181 2 1 0
10.061 0.368213 0.368213 2 1 0
10.0511 0.368245 0.368245 2 1 0
10.0413 0.368277 0.368277 2 1 0
10.0314 0.368309 0.368309 2 1 0
10.0216 0.368341 0.368341 2 1 0
10.0117 0.368374 0.368374 2 1 0
10.0019 0.368406 0.368406 2 1 0
9.99205 0.368438 0.368438 2 1 0
9.9822 0.36847 0.36847 2 1 0
9.97235 0.368502 0.368502 2 1 0
9.9625 0.368534 0.368534 2 1 0
9.95265 0.368567 0.368567 2 1 0
9.9428 0.368599 0.368599 2 1 0
9.93295 0.368631 0.368631 2 1 0
9.9231 0.368663 0.368663 2 1 0
9.91325 0.368696 0.368696 2 1 0
9.9034 0.368728 0.368728 2 1 0
9.89355 0.36876 0.36876 2 1 0
9.8837 0.368792 0.368792 2 1 0
9.87385 0.368825 0.368825 2 1 0
9.86401 0.368857 0.368857 2 1 0
9.85416 0.368889 0.368889 2 1 0
9.84431 0.368922 0.368922 2 1 0
9.83446 0.368954 0.368954 2 1 0
9.82461 0.368986 0.368986 2 1 0
9.81477 0.369019 0.369019 2 1 0
9.80492 0.369051 0.369051 2 1 0
9.79507 0.369084 0.369084 2 1 0
9.78523 0.369116 0.369116 2 1 0
9.77538 0.369148 0.369148 2 1 0
9.76553 0.369181 0.369181 2 1 0
9.75568 0.369213 0.369213 2 1 0
9.74584 0.369246 0.369246 2 1 0
9.73599 0.369278 0.369278 2 1 0
9.72615 0.369311 0.369311 2 1 0
9.7163 0.369343 0.369343 2 1 0
9.70645 0.369376 0.369376 2 1 0
9.69661 0.369408 0.369408 2 1 0
9.68676 0.369441 0.369441 2 1 0
9.67692 0.369473 0.369473 2 1 0
9.66707 0.369506 0.369506 2 1 0
9.65723 0.369538 0.369538 2 1 0
9.64738 0.369571 0.369571 2 1 0
9.63754 0.369604 0.369604 2 1 0
9.62769 0.369636 0.369636 2 1 0
9.61785 0.369669 0.369669 2 1 0
9.608 0.369701 0.369701 2 1 0
9.59816 0.369734 0.369734 2 1 0
9.58831 0.369767 0.369767 2 1 0
9.57847 0.369799 0.369799 2 1 0
9.56862 0.369832 0.369832 2 1 0
9.55878 0.369865 0.369865 2 1 0
9.54894 0.369897 0.369897 2 1 0
9.53909 0.36993 0.36993 2 1 0
9.52925 0.369963 0.369963 2 1 0
9.51941 0.369996 0.369996 2 1 0
9.50956 0.370028 0.370028 2 1 0
9.49972 0.370061 0.370061 2 1 0
9.48988 0.370094 0.370094 2 1 0
9.48004 0.370127 0.370127 2 1 0
9.47019 0.37016 0.37016 2 1 0
9.46035 0.370192 0.370192 2 1 0
9.45051 0.370225 0.370225 2 1 0
9.44067 0.370258 0.370258 2 1 0
9.43082 0.370291 0.370291 2 1 0
9.42098 0.370324 0.370324 2 1 0
9.41114 0.370357 0.370357 2 1 0
9.4013 0.370389 0.370389 2 1 0
9.39146 0.370422 0.370422 2 1 0
9.38162 0.370455 0.370455 2 1 0
9.37178 0.370488 0.370488 2 1 0
9.36194 0.370521 0.370521 2 1 0
9.35209 0.370554 0.370554 2 1 0
9.34225 0.370587 0.370587 2 1 0
9.33241 0.37062 0.37062 2 1 0
9.32257 0.370653 0.370653 2 1 0
9.31273 0.370686 0.370686 2 1 0
9.30289 0.370719 0.370719 2 1 0
9.29305 0.370752 0.370752 2 1 0
9.28321 0.370785 0.370785 2 1 0
9.27337 0.370818 0.370818 2 1 0
9.26353 0.370851 0.370851 2 1 0
9.2537 0.370884 0.370884 2 1 0
9.24386 0.370917 0.370917 2 1 0
9.23402 0.37095 0.37095 2 1 0
9.22418 0.370983 0.370983 2 1 0
9.21434 0.371017 0.371017 2 1 0
9.2045 0.37105 0.37105 2 1 0
9.19466 0.371083 0.371083 2 1 0
9.18483 0.371116 0.371116 2 1 0
9.17499 0.371149 0.371149 2 1 0
9.16515 0.371182 0.371182 2 1 0
9.15531 0.371215 0.371215 2 1 0
9.14547 0.371249 0.371249 2 1 0
9.13564 0.371282 0.371282 2 1 0
9.1258 0.371315 0.371315 2 1 0
9.11596 0.371348 0.371348 2 1 0
9.10613 0.371382 0.371382 2 1 0
9.09629 0.371415 0.371415 2 1 0
9.08645 0.371448 0.371448 2 1 0
9.07662 0.371481 0.371481 2 1 0
9.06678 0.371515 0.371515 2 1 0
9.05694 0.371548 0.371548 2 1 0
9.04711 0.371581 0.371581 2 1 0
9.03727 0.371615 0.371615 2 1 0
9.02744 0.371648 0.371648 2 1 0
9.0176 0.371681 0.371681 2 1 0
9.00777 0.371715 0.371715 2 1 0
8.99793 0.371748 0.371748 2 1 0
8.9881 0.371782 0.371782 2 1 0
8.97826 0.371815 0.371815 2 1 0
8.96843 0.371849 0.371849 2 1 0
8.95859 0.371882 0.371882 2 1 0
8.94876 0.371915 0.371915 2 1 0
8.93892 0.371949 0.371949 2 1 0
8.92909 0.371982 0.371982 2 1 0
8.91926 0.372016 0.372016 2 1 0
8.90942 0.372049 0.372049 2 1 0
8.89959 0.372083 0.372083 2 1 0
8.88975 0.372116 0.372116 2 1 0
8.87992 0.37215 0.37215 2 1 0
8.87009 0.372184 0.372184 2 1 0
8.86026 0.372217 0.372217 2 1 0
8.85042 0.372251 0.372251 2 1 0
8.84059 0.372284 0.372284 2 1 0
8.83076 0.372318 0.372318 2 1 0
8.82093 0.372352 0.372352 2 1 0
8.81109 0.372385 0.372385 2 1 0
8.80126 0.372419 0.372419 2 1 0
8.79143 0.372452 0.372452 2 1 0
8.7816 0.372486 0.372486 2 1 0
8.77177 0.37252 0.37252 2 1 0
8.76194 0.372554 0.372554 2 1 0
8.7521 0.372587 0.372587 2 1 0
8.74227 0.372621 0.372621 2 1 0
8.73244 0.372655 0.372655 2 1 0
8.72261 0.372688 0.372688 2 1 0
8.71278 0.372722 0.372722 2 1 0
8.70295 0.372756 0.372756 2 1 0
8.69312 0.37279 0.37279 2 1 0
8.68329 0.372824 0.372824 2 1 0
8.67346 0.372857 0.372857 2 1 0
8.66363 0.372891 0.372891 2 1 0
8.6538 0.372925 0.372925 2 1 0
8.64397 0.372959 0.372959 2 1 0
8.63414 0.372993 0.372993 2 1 0
8.62431 0.373027 0.373027 2 1 0
8.61449 0.373061 0.373061 2 1 0
8.60466 0.373095 0.373095 2 1 0
8.59483 0.373128 0.373128 2 1 0
8.585 0.373162 0.373162 2 1 0
8.57517 0.373196 0.373196 2 1 0
8.56534 0.37323 0.37323 2 1 0
8.55552 0.373264 0.373264 2 1 0
8.54569 0.373298 0.373298 2 1 0
8.53586 0.373332 0.373332 2 1 0
8.52603 0.373366 0.373366 2 1 0
8.51621 0.3734 0.3734 2 1 0
8.50638 0.373434 0.373434 2 1 0
8.49655 0.373468 0.373468 2 1 0
8.48673 0.373502 0.373502 2 1 0
8.4769 0.373537 0.373537 2 1 0
8.46707 0.373571 0.373571 2 1 0
8.45725 0.373605 0.373605 2 1 0
8.44742 0.373639 0.373639 2 1 0
8.4376 0.373673 0.373673 2 1 0
8.42777 0.373707 0.373707 2 1 0
8.41795 0.373741 0.373741 2 1 0
8.40812 0.373775 0.373775 2 1 0
8.3983 0.37381 0.37381 2 1 0
8.38847 0.373844 0.373844 2 1 0
8.37865 0.373878 0.373878 2 1 0
8.36882 0.373912 0.373912 2 1 0
8.359 0.373947 0.373947 2 1 0
8.34917 0.373981 0.373981 2 1 0
8.33935 0.374015 0.374015 2 1 0
8.32952 0.374049 0.374049 2 1 0
8.3197 0.374084 0.374084 2 1 0
8.30988 0.374118 0.374118 2 1 0
8.30005 0.374152 0.374152 2 1 0
8.29023 0.374187 0.374187 2 1 0
8.28041 0.374221 0.374221 2 1 0
8.27059 0.374255 0.374255 2 1 0
8.26076 0.37429 0.37429 2 1 0
8.25094 0.374324 0.374324 2 1 0
8.24112 0.374358 0.374358 2 1 0
8.2313 0.374393 0.374393 2 1 0
8.22147 0.374427 0.374427 2 1 0
8.21165 0.374462 0.374462 2 1 0
8.20183 0.374496 0.374496 2 1 0
8.19201 0.374531 0.374531 2 1 0
8.18219 0.374565 0.374565 2 1 0
8.17237 0.3746 0.3746 2 1 0
8.16255 0.374634 0.374634 2 1 0
8.15273 0.374669 0.374669 2 1 0
8.1429 0.374703 0.374703 2 1 0
8.13308 0.374738 0.374738 2 1 0
8.12326 0.374772 0.374772 2 1 0
8.11344 0.374807 0.374807 2 1 0
8.10362 0.374841 0.374841 2 1 0
8.09381 0.374876 0.374876 2 1 0
8.08399 0.374911 0.374911 2 1 0
8.07417 0.374945 0.374945 2 1 0
8.06435 0.37498 0.37498 2 1 0
8.05453 0.375015 0.375015 2 1 0
8.04471 0.375049 0.375049 2 1 0
8.03489 0.375084 0.375084 2 1 0
8.02507 0.375119 0.375119 2 1 0
8.01525 0.375153 0.375153 2 1 0
8.00544 0.375188 0.375188 2 1 0
7.99562 0.375223 0.375223 2 1 0
7.9858 0.375258 0.375258 2 1 0
7.97598 0.375292 0.375292 2 1 0
7.96617 0.375327 0.375327 2 1 0
7.95635 0.375362 0.375362 2 1 0
7.94653 0.375397 0.375397 2 1 0
7.93672 0.375432 0.375432 2 1 0
7.9269 0.375466 0.375466 2 1 0
7.91708 0.375501 0.375501 2 1 0
7.90727 0.375536 0.375536 2 1 0
7.89745 0.375571 0.375571 2 1 0
7.88764 0.375606 0.375606 2 1 0
7.87782 0.375641 0.375641 2 1 0
7.868 0.375676 0.375676 2 1 0
7.85819 0.375711 0.375711 2 1 0
7.84837 0.375746 0.375746 2 1 0
7.83856 0.375781 0.375781 2 1 0
7.82874 0.375816 0.375816 2 1 0
7.81893 0.375851 0.375851 2 1 0
7.80912 0.375886 0.375886 2 1 0
7.7993 0.375921 0.375921 2 1 0
7.78949 0.375956 0.375956 2 1 0
7.77967 0.375991 0.375991 2 1 0
7.76986 0.376026 0.376026 2 1 0
7.76005 0.376061 0.376061 2 1 0
7.75023 0.376096 0.376096 2 1 0
7.74042 0.376131 0.376131 2 1 0
7.73061 0.376166 0.376166 2 1 0
7.7208 0.376201 0.376201 2 1 0
7.71098 0.376236 0.376236 2 1 0
7.70117 0.376272 0.376272 2 1 0
7.69136 0.376307 0.376307 2 1 0
7.68155 0.376342 0.376342 2 1 0
7.67174 0.376377 0.376377 2 1 0
7.66193 0.376412 0.376412 2 1 0
7.65211 0.376448 0.376448 2 1 0
7.6423 0.376483 0.376483 2 1 0
7.63249 0.376518 0.376518 2 1 0
7.62268 0.376553 0.376553 2 1 0
7.61287 0.376589 0.376589 2 1 0
7.60306 0.376624 0.376624 2 1 0
7.59325 0.376659 0.376659 2 1 0
7.58344 0.376695 0.376695 2 1 0
7.57363 0.37673 0.37673 2 1 0
7.56382 0.376765 0.376765 2 1 0
7.55401 0.376801 0.376801 2 1 0
7.5442 0.376836 0.376836 2 1 0
7.53439 0.376872 0.376872 2 1 0
7.52459 0.376907 0.376907 2 1 0
7.51478 0.376942 0.376942 2 1 0
7.50497 0.376978 0.376978 2 1 0
7.49516 0.377013 0.377013 2 1 0
7.48535 0.377049 0.377049 2 1 0
7.47554 0.377084 0.377084 2 1 0
7.46574 0.37712 0.37712 2 1 0
7.45593 0.377155 0.377155 2 1 0
7.44612 0.377191 0.377191 2 1 0
7.43632 0.377226 0.377226 2 1 0
7.42651 0.377262 0.377262 2 1 0
7.4167 0.377297 0.377297 2 1 0
7.4069 0.377333 0.377333 2 1 0
7.39709 0.377369 0.377369 2 1 0
7.38728 0.377404 0.377404 2 1 0
7.37748 0.37744 0.37744 2 1 0
7.36767 0.377476 0.377476 2 1 0
7.35787 0.377511 0.377511 2 1 0
7.34806 0.377547 0.377547 2 1 0
7.33826 0.377583 0.377583 2 1 0
7.32845 0.377618 0.377618 2 1 0
7.31865 0.377654 0.377654 2 1 0
7.30884 0.37769 0.37769 2 1 0
7.29904 0.377726 0.377726 2 1 0
7.28924 0.377761 0.377761 2 1 0
7.27943 0.377797 0.377797 2 1 0
7.26963 0.377833 0.377833 2 1 0
7.25983 0.377869 0.377869 2 1 0
7.25002 0.377905 0.377905 2 1 0
7.24022 0.37794 0.37794 2 1 0
7.23042 0.377976 0.377976 2 1 0
7.22061 0.378012 0.378012 2 1 0
7.21081 0.378048 0.378048 2 1 0
7.20101 0.378084 0.378084 2 1 0
7.19121 0.37812 0.37812 2 1 0
7.18141 0.378156 0.378156 2 1 0
7.17161 0.378192 0.378192 2 1 0
7.1618 0.378228 0.378228 2 1 0
7.152 0.378264 0.378264 2 1 0
7.1422 0.3783 0.3783 2 1 0
7.1324 0.378336 0.378336 2 1 0
7.1226 0.378372 0.378372 2 1 0
7.1128 0.378408 0.378408 2 1 0
7.103 0.378444 0.378444 2 1 0
7.0932 0.37848 0.37848 2 1 0
7.0834 0.378516 0.378516 2 1 0
7.0736 0.378552 0.378552 2 1 0
7.0638 0.378588 0.378588 2 1 0
7.054 0.378624 0.378624 2 1 0
7.04421 0.37866 0.37866 2 1 0
7.03441 0.378696 0.378696 2 1 0
7.02461 0.378733 0.378733 2 1 0
7.01481 0.378769 0.378769 2 1 0
7.00501 0.378805 0.378805 2 1 0
6.99521 0.378841 0.378841 2 1 0
6.98542 0.378877 0.378877 2 1 0
6.97562 0.378914 0.378914 2 1 0
6.96582 0.37895 0.37895 2 1 0
6.95603 0.378986 0.378986 2 1 0
6.94623 0.379022 0.379022 2 1 0
6.93643 0.379059 0.379059 2 1 0
6.92664 0.379095 0.379095 2 1 0
6.91684 0.379131 0.379131 2 1 0
6.90705 0.379168 0.379168 2 1 0
6.89725 0.379204 0.379204 2 1 0
6.88745 0.37924 0.37924 2 1 0
6.87766 0.379277 0.379277 2 1 0
6.86786 0.379313 0.379313 2 1 0
6.85807 0.37935 0.37935 2 1 0
6.84828 0.379386 0.379386 2 1 0
6.83848 0.379423 0.379423 2 1 0
6.82869 0.379459 0.379459 2 1 0
6.81889 0.379496 0.379496 2 1 0
6.8091 0.379532 0.379532 2 1 0
6.79931 0.379569 0.379569 2 1 0
6.78951 0.379605 0.379605 2 1 0
6.77972 0.379642 0.379642 2 1 0
6.76993 0.379678 0.379678 2 1 0
6.76013 0.379715 0.379715 2 1 0
6.75034 0.379751 0.379751 2 1 0
6.74055 0.379788 0.379788 2 1 0
6.73076 0.379825 0.379825 2 1 0
6.72097 0.379861 0.379861 2 1 0
6.71118 0.379898 0.379898 2 1 0
6.70138 0.379935 0.379935 2 1 0
6.69159 0.379971 0.379971 2 1 0
6.6818 0.380008 0.380008 2 1 0
6.67201 0.380045 0.380045 2 1 0
6.66222 0.380081 0.380081 2 1 0
6.65243 0.380118 0.380118 2 1 0
6.64264 0.380155 0.380155 2 1 0
6.63285 0.380192 0.380192 2 1 0
6.62306 0.380228 0.380228 2 1 0
6.61327 0.380265 0.380265 2 1 0
6.60349 0.380302 0.380302 2 1 0
6.5937 0.380339 0.380339 2 1 0
6.58391 0.380376 0.380376 2 1 0
6.57412 0.380413 0.380413 2 1 0
6.56433 0.380449 0.380449 2 1 0
6.55454 0.380486 0.380486 2 1 0
6.54476 0.380523 0.380523 2 1 0
6.53497 0.38056 0.38056 2 1 0
6.52518 0.380597 0.380597 2 1 0
6.5154 0.380634 0.380634 2 1 0
6.50561 0.380671 0.380671 2 1 0
6.49582 0.380708 0.380708 2 1 0
6.48604 0.380745 0.380745 2 1 0
6.47625 0.380782 0.380782 2 1 0
6.46646 0.380819 0.380819 2 1 0
6.45668 0.380856 0.380856 2 1 0
6.44689 0.380893 0.380893 2 1 0
6.43711 0.38093 0.38093 2 1 0
6.42732 0.380968 0.380968 2 1 0
6.41754 0.381005 0.381005 2 1 0
6.40775 0.381042 0.381042 2 1 0
6.39797 0.381079 0.381079 2 1 0
6.38819 0.381116 0.381116 2 1 0
6.3784 0.381153 0.381153 2 1 0
6.36862 0.381191 0.381191 2 1 0
6.35884 0.381228 0.381228 2 1 0
6.34905 0.381265 0.381265 2 1 0
6.33927 0.381302 0.381302 2 1 0
6.32949 0.381339 0.381339 2 1 0
6.31971 0.381377 0.381377 2 1 0
6.30992 0.381414 0.381414 2 1 0
6.30014 0.381451 0.381451 2 1 0
6.29036 0.381489 0.381489 2 1 0
6.28058 0.381526 0.381526 2 1 0
6.2708 0.381563 0.381563 2 1 0
6.26102 0.381601 0.381601 2 1 0
6.25124 0.381638 0.381638 2 1 0
6.24146 0.381676 0.381676 2 1 0
6.23168 0.381713 0.381713 2 1 0
6.2219 0.38175 0.38175 2 1 0
6.21212 0.381788 0.381788 2 1 0
6.20234 0.381825 0.381825 2 1 0
6.19256 0.381863 0.381863 2 1 0
6.18278 0.3819 0.3819 2 1 0
6.173 0.381938 0.381938 2 1 0
6.16322 0.381975 0.381975 2 1 0
6.15344 0.382013 0.382013 2 1 0
6.14367 0.382051 0.382051 2 1 0
6.13389 0.382088 0.382088 2 1 0
6.12411 0.382126 0.382126 2 1 0
6.11433 0.382163 0.382163 2 1 0
6.10456 0.382201 0.382201 2 1 0
6.09478 0.382239 0.382239 2 1 0
6.085 0.382276 0.382276 2 1 0
6.07523 0.382314 0.382314 2 1 0
6.06545 0.382352 0.382352 2 1 0
6.05568 0.382389 0.382389 2 1 0
6.0459 0.382427 0.382427 2 1 0
6.03613 0.382465 0.382465 2 1 0
6.02635 0.382503 0.382503 2 1 0
6.01658 0.38254 0.38254 2 1 0
6.0068 0.382578 0.382578 2 1 0
5.99703 0.382616 0.382616 2 1 0
5.98725 0.382654 0.382654 2 1 0
5.97748 0.382692 0.382692 2 1 0
5.96771 0.38273 0.38273 2 1 0
5.95793 0.382768 0.382768 2 1 0
5.94816 0.382805 0.382805 2 1 0
5.93839 0.382843 0.382843 2 1 0
5.92861 0.382881 0.382881 2 1 0
5.91884 0.382919 0.382919 2 1 0
5.90907 0.382957 0.382957 2 1 0
5.8993 0.382995 0.382995 2 1 0
5.88953 0.383033 0.383033 2 1 0
5.87976 0.383071 0.383071 2 1 0
5.86998 0.383109 0.383109 2 1 0
5.86021 0.383147 0.383147 2 1 0
5.85044 0.383185 0.383185 2 1 0
5.84067 0.383223 0.383223 2 1 0
5.8309 0.383261 0.383261 2 1 0
5.82113 0.3833 0.3833 2 1 0
5.81136 0.383338 0.383338 2 1 0
5.80159 0.383376 0.383376 2 1 0
5.79183 0.383414 0.383414 2 1 0
5.78206 0.383452 0.383452 2 1 0
5.77229 0.38349 0.38349 2 1 0
5.76252 0.383529 0.383529 2 1 0
5.75275 0.383567 0.383567 2 1 0
5.74298 0.383605 0.383605 2 1 0
5.73322 0.383643 0.383643 2 1 0
5.72345 0.383682 0.383682 2 1 0
5.71368 0.38372 0.38372 2 1 0
5.70392 0.383758 0.383758 2 1 0
5.69415 0.383797 0.383797 2 1 0
5.68438 0.383835 0.383835 2 1 0
5.67462 0.383873 0.383873 2 1 0
5.66485 0.383912 0.383912 2 1 0
5.65509 0.38395 0.38395 2 1 0
5.64532 0.383989 0.383989 2 1 0
5.63556 0.384027 0.384027 2 1 0
5.62579 0.384065 0.384065 2 1 0
5.61603 0.384104 0.384104 2 1 0
5.60626 0.384142 0.384142 2 1 0
5.5965 0.384181 0.384181 2 1 0
5.58674 0.384219 0.384219 2 1 0
5.57697 0.384258 0.384258 2 1 0
5.56721 0.384297 0.384297 2 1 0
5.55745 0.384335 0.384335 2 1 0
5.54769 0.384374 0.384374 2 1 0
5.53792 0.384412 0.384412 2 1 0
5.52816 0.384451 0.384451 2 1 0
5.5184 0.38449 0.38449 2 1 0
5.50864 0.384528 0.384528 2 1 0
5.49888 0.384567 0.384567 2 1 0
5.48912 0.384606 0.384606 2 1 0
5.47936 0.384644 0.384644 2 1 0
5.4696 0.384683 0.384683 2 1 0
5.45984 0.384722 0.384722 2 1 0
5.45008 0.384761 0.384761 2 1 0
5.44032 0.384799 0.384799 2 1 0
5.43056 0.384838 0.384838 2 1 0
5.4208 0.384877 0.384877 2 1 0
5.41104 0.384916 0.384916 2 1 0
5.40128 0.384955 0.384955 2 1 0
5.39152 0.384993 0.384993 2 1 0
5.38177 0.385032 0.385032 2 1 0
5.37201 0.385071 0.385071 2 1 0
5.36225 0.38511 0.38511 2 1 0
5.3525 0.385149 0.385149 2 1 0
5.34274 0.385188 0.385188 2 1 0
5.33298 0.385227 0.385227 2 1 0
5.32323 0.385266 0.385266 2 1 0
5.31347 0.385305 0.385305 2 1 0
5.30371 0.385344 0.385344 2 1 0
5.29396 0.385383 0.385383 2 1 0
5.2842 0.385422 0.385422 2 1 0
5.27445 0.385461 0.385461 2 1 0
5.2647 0.3855 0.3855 2 1 0
5.25494 0.385539 0.385539 2 1 0
5.24519 0.385579 0.385579 2 1 0
5.23543 0.385618 0.385618 2 1 0
5.22568 0.385657 0.385657 2 1 0
5.21593 0.385696 0.385696 2 1 0
5.20617 0.385735 0.385735 2 1 0
5.19642 0.385775 0.385775 2 1 0
5.18667 0.385814 0.385814 2 1 0
5.17692 0.385853 0.385853 2 1 0
5.16717 0.385892 0.385892 2 1 0
5.15741 0.385932 0.385932 2 1 0
5.14766 0.385971 0.385971 2 1 0
5.13791 0.38601 0.38601 2 1 0
5.12816 0.38605 0.38605 2 1 0
5.11841 0.386089 0.386089 2 1 0
5.10866 0.386128 0.386128 2 1 0
5.09891 0.386168 0.386168 2 1 0
5.08916 0.386207 0.386207 2 1 0
5.07941 0.386247 0.386247 2 1 0
5.06967 0.386286 0.386286 2 1 0
5.05992 0.386325 0.386325 2 1 0
5.05017 0.386365 0.386365 2 1 0
5.04042 0.386404 0.386404 2 1 0
5.03067 0.386444 0.386444 2 1 0
5.02093 0.386484 0.386484 2 1 0
5.01118 0.386523 0.386523 2 1 0
5.00143 0.386563 0.386563 2 1 0
4.99169 0.386602 0.386602 2 1 0
4.98194 0.386642 0.386642 2 1 0
4.97219 0.386681 0.386681 2 1 0
4.96245 0.386721 0.386721 2 1 0
4.9527 0.386761 0.386761 2 1 0
4.94296 0.386801 0.386801 2 1 0
4.93321 0.38684 0.38684 2 1 0
4.92347 0.38688 0.38688 2 1 0
4.91372 0.38692 0.38692 2 1 0
4.90398 0.386959 0.386959 2 1 0
4.89424 0.386999 0.386999 2 1 0
4.88449 0.387039 0.387039 2 1 0
4.87475 0.387079 0.387079 2 1 0
4.86501 0.387119 0.387119 2 1 0
4.85527 0.387159 0.387159 2 1 0
4.84552 0.387198 0.387198 2 1 0
4.83578 0.387238 0.387238 2 1 0
4.82604 0.387278 0.387278 2 1 0
4.8163 0.387318 0.387318 2 1 0
4.80656 0.387358 0.387358 2 1 0
4.79682 0.387398 0.387398 2 1 0
4.78708 0.387438 0.387438 2 1 0
4.77734 0.387478 0.387478 2 1 0
4.7676 0.387518 0.387518 2 1 0
4.75786 0.387558 0.387558 2 1 0
4.74812 0.387598 0.387598 2 1 0
4.73838 0.387638 0.387638 2 1 0
4.72864 0.387678 0.387678 2 1 0
4.71891 0.387718 0.387718 2 1 0
4.70917 0.387759 0.387759 2 1 0
4.69943 0.387799 0.387799 2 1 0
4.68969 0.387839 0.387839 2 1 0
4.67996 0.387879 0.387879 2 1 0
4.67022 0.387919 0.387919 2 1 0
4.66048 0.387959 0.387959 2 1 0
4.65075 0.388 0.388 2 1 0
4.64101 0.38804 0.38804 2 1 0
4.63128 0.38808 0.38808 2 1 0
4.62154 0.388121 0.388121 2 1 0
4.61181 0.388161 0.388161 2 1 0
4.60207 0.388201 0.388201 2 1 0
4.59234 0.388242 0.388242 2 1 0
4.58261 0.388282 0.388282 2 1 0
4.57287 0.388322 0.388322 2 1 0
4.56314 0.388363 0.388363 2 1 0
4.55341 0.388403 0.388403 2 1 0
4.54367 0.388444 0.388444 2 1 0
4.53394 0.388484 0.388484 2 1 0
4.52421 0.388525 0.388525 2 1 0
4.51448 0.388565 0.388565 2 1 0
4.50475 0.388606 0.388606 2 1 0
4.49502 0.388646 0.388646 2 1 0
4.48529 0.388687 0.388687 2 1 0
4.47556 0.388727 0.388727 2 1 0
4.46583 0.388768 0.388768 2 1 0
4.4561 0.388808 0.388808 2 1 0
4.44637 0.388849 0.388849 2 1 0
4.43664 0.38889 0.38889 2 1 0
4.42691 0.38893 0.38893 2 1 0
4.41718 0.388971 0.388971 2 1 0
4.40745 0.389012 0.389012 2 1 0
4.39773 0.389053 0.389053 2 1 0
4.388 0.389093 0.389093 2 1 0
4.37827 0.389134 0.389134 2 1 0
4.36854 0.389175 0.389175 2 1 0
4.35882 0.389216 0.389216 2 1 0
4.34909 0.389257 0.389257 2 1 0
4.33937 0.389297 0.389297 2 1 0
4.32964 0.389338 0.389338 2 1 0
4.31992 0.389379 0.389379 2 1 0
4.31019 0.38942 0.38942 2 1 0
4.30047 0.389461 0.389461 2 1 0
4.29074 0.389502 0.389502 2 1 0
4.28102 0.389543 0.389543 2 1 0
4.2713 0.389584 0.389584 2 1 0
4.26157 0.389625 0.389625 2 1 0
4.25185 0.389666 0.389666 2 1 0
4.24213 0.389707 0.389707 2 1 0
4.23241 0.389748 0.389748 2 1 0
4.22268 0.389789 0.389789 2 1 0
4.21296 0.38983 0.38983 2 1 0
4.20324 0.389871 0.389871 2 1 0
4.19352 0.389913 0.389913 2 1 0
4.1838 0.389954 0.389954 2 1 0
4.17408 0.389995 0.389995 2 1 0
4.16436 0.390036 0.390036 2 1 0
4.15464 0.390077 0.390077 2 1 0
4.14492 0.390119 0.390119 2 1 0
4.1352 0.39016 0.39016 2 1 0
4.12549 0.390201 0.390201 2 1 0
4.11577 0.390242 0.390242 2 1 0
4.10605 0.390284 0.390284 2 1 0
4.09633 0.390325 0.390325 2 1 0
4.08662 0.390366 0.390366 2 1 0
4.0769 0.390408 0.390408 2 1 0
4.06718 0.390449 0.390449 2 1 0
4.05747 0.390491 0.390491 2 1 0
4.04775 0.390532 0.390532 2 1 0
4.03804 0.390573 0.390573 2 1 0
4.02832 0.390615 0.390615 2 1 0
4.01861 0.390656 0.390656 2 1 0
4.00889 0.390698 0.390698 2 1 0
3.99918 0.39074 0.39074 2 1 0
3.98947 0.390781 0.390781 2 1 0
3.97975 0.390823 0.390823 2 1 0
3.97004 0.390864 0.390864 2 1 0
3.96033 0.390906 0.390906 2 1 0
3.95062 0.390948 0.390948 2 1 0
3.9409 0.390989 0.390989 2 1 0
3.93119 0.391031 0.391031 2 1 0
3.92148 0.391073 0.391073 2 1 0
3.91177 0.391114 0.391114 2 1 0
3.90206 0.391156 0.391156 2 1 0
3.89235 0.391198 0.391198 2 1 0
3.88264 0.39124 0.39124 2 1 0
3.87293 0.391281 0.391281 2 1 0
3.86322 0.391323 0.391323 2 1 0
3.85351 0.391365 0.391365 2 1 0
3.84381 0.391407 0.391407 2 1 0
3.8341 0.391449 0.391449 2 1 0
3.82439 0.391491 0.391491 2 1 0
3.81468 0.391533 0.391533 2 1 0
3.80498 0.391575 0.391575 2 1 0
3.79527 0.391617 0.391617 2 1 0
3.78556 0.391658 0.391658 2 1 0
3.77586 0.391701 0.391701 2 1 0
3.76615 0.391743 0.391743 2 1 0
3.75645 0.391785 0.391785 2 1 0
3.74674 0.391827 0.391827 2 1 0
3.73704 0.391869 0.391869 2 1 0
3.72734 0.391911 0.391911 2 1 0
3.71763 0.391953 0.391953 2 1 0
3.70793 0.391995 0.391995 2 1 0
3.69823 0.392037 0.392037 2 1 0
3.68852 0.392079 0.392079 2 1 0
3.67882 0.392122 0.392122 2 1 0
3.66912 0.392164 0.392164 2 1 0
3.65942 0.392206 0.392206 2 1 0
3.64972 0.392248 0.392248 2 1 0
3.64002 0.392291 0.392291 2 1 0
3.63032 0.392333 0.392333 2 1 0
3.62062 0.392375 0.392375 2 1 0
3.61092 0.392418 0.392418 2 1 0
3.60122 0.39246 0.39246 2 1 0
3.59152 0.392503 0.392503 2 1 0
3.58182 0.392545 0.392545 2 1 0
3.57212 0.392587 0.392587 2 1 0
3.56243 0.39263 0.39263 2 1 0
3.55273 0.392672 0.392672 2 1 0
3.54303 0.392715 0.392715 2 1 0
3.53334 0.392757 0.392757 2 1 0
3.52364 0.3928 0.3928 2 1 0
3.51394 0.392842 0.392842 2 1 0
3.50425 0.392885 0.392885 2 1 0
3.49455 0.392928 0.392928 2 1 0
3.48486 0.39297 0.39297 2 1 0
3.47517 0.393013 0.393013 2 1 0
3.46547 0.393056 0.393056 2 1 0
3.45578 0.393098 0.393098 2 1 0
3.44609 0.393141 0.393141 2 1 0
3.43639 0.393184 0.393184 2 1 0
3.4267 0.393227 0.393227 2 1 0
3.41701 0.393269 0.393269 2 1 0
3.40732 0.393312 0.393312 2 1 0
3.39763 0.393355 0.393355 2 1 0
3.38794 0.393398 0.393398 2 1 0
3.37825 0.393441 0.393441 2 1 0
3.36856 0.393484 0.393484 2 1 0
3.35887 0.393526 0.393526 2 1 0
3.34918 0.393569 0.393569 2 1 0
3.33949 0.393612 0.393612 2 1 0
3.3298 0.393655 0.393655 2 1 0
3.32011 0.393698 0.393698 2 1 0
3.31043 0.393741 0.393741 2 1 0
3.30074 0.393784 0.393784 2 1 0
3.29105 0.393827 0.393827 2 1 0
3.28137 0.39387 0.39387 2 1 0
3.27168 0.393914 0.393914 2 1 0
3.26199 0.393957 0.393957 2 1 0
3.25231 0.394 0.394 2 1 0
3.24262 0.394043 0.394043 2 1 0
3.23294 0.394086 0.394086 2 1 0
3.22326 0.394129 0.394129 2 1 0
3.21357 0.394173 0.394173 2 1 0
3.20389 0.394216 0.394216 2 1 0
3.19421 0.394259 0.394259 2 1 0
3.18452 0.394302 0.394302 2 1 0
3.17484 0.394346 0.394346 2 1 0
3.16516 0.394389 0.394389 2 1 0
3.15548 0.394432 0.394432 2 1 0
3.1458 0.394476 0.394476 2 1 0
3.13612 0.394519 0.394519 2 1 0
3.12644 0.394563 0.394563 2 1 0
3.11676 0.394606 0.394606 2 1 0
3.10708 0.39465 0.39465 2 1 0
3.0974 0.394693 0.394693 2 1 0
3.08772 0.394737 0.394737 2 1 0
3.07805 0.39478 0.39478 2 1 0
3.06837 0.394824 0.394824 2 1 0
3.05869 0.394867 0.394867 2 1 0
3.04901 0.394911 0.394911 2 1 0
3.03934 0.394954 0.394954 2 1 0
3.02966 0.394998 0.394998 2 1 0
3.01999 0.395042 0.395042 2 1 0
3.01031 0.395085 0.395085 2 1 0
3.00064 0.395129 0.395129 2 1 0
2.99096 0.395173 0.395173 2 1 0
2.98129 0.395217 0.395217 2 1 0
2.97162 0.39526 0.39526 2 1 0
2.96194 0.395304 0.395304 2 1 0
2.95227 0.395348 0.395348 2 1 0
2.9426 0.395392 0.395392 2 1 0
2.93293 0.395436 0.395436 2 1 0
2.92326 0.39548 0.39548 2 1 0
2.91359 0.395524 0.395524 2 1 0
2.90392 0.395568 0.395568 2 1 0
2.89425 0.395611 0.395611 2 1 0
2.88458 0.395655 0.395655 2 1 0
2.87491 0.395699 0.395699 2 1 0
2.86524 0.395744 0.395744 2 1 0
2.85557 0.395788 0.395788 2 1 0
2.8459 0.395832 0.395832 2 1 0
2.83624 0.395876 0.395876 2 1 0
2.82657 0.39592 0.39592 2 1 0
2.8169 0.395964 0.395964 2 1 0
2.80724 0.396008 0.396008 2 1 0
2.79757 0.396052 0.396052 2 1 0
2.78791 0.396097 0.396097 2 1 0
2.77824 0.396141 0.396141 2 1 0
2.76858 0.396185 0.396185 2 1 0
2.75891 0.396229 0.396229 2 1 0
2.74925 0.396274 0.396274 2 1 0
2.73959 0.396318 0.396318 2 1 0
2.72992 0.396362 0.396362 2 1 0
2.72026 0.396407 0.396407 2 1 0
2.7106 0.396451 0.396451 2 1 0
2.70094 0.396495 0.396495 2 1 0
2.69128 0.39654 0.39654 2 1 0
2.68162 0.396584 0.396584 2 1 0
2.67196 0.396629 0.396629 2 1 0
2.6623 0.396673 0.396673 2 1 0
2.65264 0.396718 0.396718 2 1 0
2.64298 0.396762 0.396762 2 1 0
2.63332 0.396807 0.396807 2 1 0
2.62367 0.396852 0.396852 2 1 0
2.61401 0.396896 0.396896 2 1 0
2.60435 0.396941 0.396941 2 1 0
2.5947 0.396986 0.396986 2 1 0
2.58504 0.39703 0.39703 2 1 0
2.57538 0.397075 0.397075 2 1 0
2.56573 0.39712 0.39712 2 1 0
2.55608 0.397164 0.397164 2 1 0
2.54642 0.397209 0.397209 2 1 0
2.53677 0.397254 0.397254 2 1 0
2.52712 0.397299 0.397299 2 1 0
2.51746 0.397344 0.397344 2 1 0
2.50781 0.397389 0.397389 2 1 0
2.49816 0.397433 0.397433 2 1 0
2.48851 0.397478 0.397478 2 1 0
2.47886 0.397523 0.397523 2 1 0
2.46921 0.397568 0.397568 2 1 0
2.45956 0.397613 0.397613 2 1 0
2.44991 0.397658 0.397658 2 1 0
2.44026 0.397703 0.397703 2 1 0
2.43061 0.397748 0.397748 2 1 0
2.42096 0.397794 0.397794 2 1 0
2.41131 0.397839 0.397839 2 1 0
2.40167 0.397884 0.397884 2 1 0
2.39202 0.397929 0.397929 2 1 0
2.38237 0.397974 0.397974 2 1 0
2.37273 0.398019 0.398019 2 1 0
2.36308 0.398065 0.398065 2 1 0
2.35344 0.39811 0.39811 2 1 0
2.34379 0.398155 0.398155 2 1 0
2.33415 0.3982 0.3982 2 1 0
2.32451 0.398246 0.398246 2 1 0
2.31487 0.398291 0.398291 2 1 0
2.30522 0.398336 0.398336 2 1 0
2.29558 0.398382 0.398382 2 1 0
2.28594 0.398427 0.398427 2 1 0
2.2763 0.398473 0.398473 2 1 0
2.26666 0.398518 0.398518 2 1 0
2.25702 0.398564 0.398564 2 1 0
2.24738 0.398609 0.398609 2 1 0
2.23774 0.398655 0.398655 2 1 0
2.2281 0.3987 0.3987 2 1 0
2.21846 0.398746 0.398746 2 1 0
2.20883 0.398792 0.398792 2 1 0
2.19919 0.398837 0.398837 2 1 0
2.18955 0.398883 0.398883 2 1 0
2.17992 0.398929 0.398929 2 1 0
2.17028 0.398974 0.398974 2 1 0
2.16065 0.39902 0.39902 2 1 0
2.15101 0.399066 0.399066 2 1 0
2.14138 0.399112 0.399112 2 1 0
2.13174 0.399157 0.399157 2 1 0
2.12211 0.399203 0.399203 2 1 0
2.11248 0.399249 0.399249 2 1 0
2.10285 0.399295 0.399295 2 1 0
2.09321 0.399341 0.399341 2 1 0
2.08358 0.399387 0.399387 2 1 0
2.07395 0.399433 0.399433 2 1 0
2.06432 0.399479 0.399479 2 1 0
2.05469 0.399525 0.399525 2 1 0
2.04506 0.399571 0.399571 2 1 0
2.03544 0.399617 0.399617 2 1 0
2.02581 0.399663 0.399663 2 1 0
2.01618 0.399709 0.399709 2 1 0
2.00655 0.399755 0.399755 2 1 0
1.99693 0.399801 0.399801 2 1 0
1.9873 0.399848 0.399848 2 1 0
1.97767 0.399894 0.399894 2 1 0
1.96805 0.39994 0.39994 2 1 0
1.95843 0.399986 0.399986 2 1 0
1.9488 0.400032 0.400032 2 1 0
1.93918 0.400079 0.400079 2 1 0
1.92956 0.400125 0.400125 2 1 0
1.91993 0.400171 0.400171 2 1 0
1.91031 0.400218 0.400218 2 1 0
1.90069 0.400264 0.400264 2 1 0
1.89107 0.400311 0.400311 2 1 0
1.88145 0.400357 0.400357 2 1 0
1.87183 0.400404 0.400404 2 1 0
1.86221 0.40045 0.40045 2 1 0
1.85259 0.400497 0.400497 2 1 0
1.84297 0.400543 0.400543 2 1 0
1.83335 0.40059 0.40059 2 1 0
1.82374 0.400636 0.400636 2 1 0
1.81412 0.400683 0.400683 2 1 0
1.8045 0.40073 0.40073 2 1 0
1.79489 0.400776 0.400776 2 1 0
1.78527 0.400823 0.400823 2 1 0
1.77566 0.40087 0.40087 2 1 0
1.76604 0.400917 0.400917 2 1 0
1.75643 0.400963 0.400963 2 1 0
1.74682 0.40101 0.40101 2 1 0
1.73721 0.401057 0.401057 2 1 0
1.72759 0.401104 0.401104 2 1 0
1.71798 0.401151 0.401151 2 1 0
1.70837 0.401198 0.401198 2 1 0
1.69876 0.401245 0.401245 2 1 0
1.68915 0.401292 0.401292 2 1 0
1.67954 0.401339 0.401339 2 1 0
1.66993 0.401386 0.401386 2 1 0
1.66033 0.401433 0.401433 2 1 0
1.65072 0.40148 0.40148 2 1 0
1.64111 0.401527 0.401527 2 1 0
1.6315 0.401574 0.401574 2 1 0
1.6219 0.401621 0.401621 2 1 0
1.61229 0.401668 0.401668 2 1 0
1.60269 0.401716 0.401716 2 1 0
1.59308 0.401763 0.401763 2 1 0
1.58348 0.40181 0.40181 2 1 0
1.57388 0.401857 0.401857 2 1 0
1.56427 0.401905 0.401905 2 1 0
1.55467 0.401952 0.401952 2 1 0
1.54507 0.401999 0.401999 2 1 0
1.53547 0.402047 0.402047 2 1 0
1.52587 0.402094 0.402094 2 1 0
1.51627 0.402141 0.402141 2 1 0
1.50667 0.402189 0.402189 2 1 0
1.49707 0.402236 0.402236 2 1 0
1.48747 0.402284 0.402284 2 1 0
1.47787 0.402331 0.402331 2 1 0
1.46828 0.402379 0.402379 2 1 0
1.45868 0.402427 0.402427 2 1 0
1.44909 0.402474 0.402474 2 1 0
1.43949 0.402522 0.402522 2 1 0
1.4299 0.40257 0.40257 2 1 0
1.4203 0.402617 0.402617 2 1 0
1.41071 0.402665 0.402665 2 1 0
1.40111 0.402713 0.402713 2 1 0
1.39152 0.402761 0.402761 2 1 0
1.38193 0.402808 0.402808 2 1 0
1.37234 0.402856 0.402856 2 1 0
1.36275 0.402904 0.402904 2 1 0
1.35316 0.402952 0.402952 2 1 0
1.34357 0.403 0.403 2 1 0
1.33398 0.403048 0.403048 2 1 0
1.32439 0.403096 0.403096 2 1 0
1.3148 0.403144 0.403144 2 1 0
1.30522 0.403192 0.403192 2 1 0
1.29563 0.40324 0.40324 2 1 0
1.28604 0.403288 0.403288 2 1 0
1.27646 0.403336 0.403336 2 1 0
1.26687 0.403384 0.403384 2 1 0
1.25729 0.403432 0.403432 2 1 0
1.2477 0.40348 0.40348 2 1 0
1.23812 0.403529 0.403529 2 1 0
1.22854 0.403577 0.403577 2 1 0
1.21896 0.403625 0.403625 2 1 0
1.20937 0.403673 0.403673 2 1 0
1.19979 0.403722 0.403722 2 1 0
1.19021 0.40377 0.40377 2 1 0
1.18063 0.403818 0.403818 2 1 0
1.17106 0.403867 0.403867 2 1 0
1.16148 0.403915 0.403915 2 1 0
1.1519 0.403964 0.403964 2 1 0
1.14232 0.404012 0.404012 2 1 0
1.13275 0.404061 0.404061 2 1 0
1.12317 0.404109 0.404109 2 1 0
1.11359 0.404158 0.404158 2 1 0
1.10402 0.404206 0.404206 2 1 0
1.09445 0.404255 0.404255 2 1 0
1.08487 0.404304 0.404304 2 1 0
1.0753 0.404352 0.404352 2 1 0
1.06573 0.404401 0.404401 2 1 0
1.05615 0.40445 0.40445 2 1 0
1.04658 0.404498 0.404498 2 1 0
1.03701 0.404547 0.404547 2 1 0
1.02744 0.404596 0.404596 2 1 0
1.01787 0.404645 0.404645 2 1 0
1.00831 0.404694 0.404694 2 1 0
0.998738 0.404743 0.404743 2 1 0
0.989171 0.404792 0.404792 2 1 0
0.979604 0.404841 0.404841 2 1 0
0.970038 0.40489 0.40489 2 1 0
0.960472 0.404939 0.404939 2 1 0
0.950907 0.404988 0.404988 2 1 0
0.941343 0.405037 0.405037 2 1 0
0.93178 0.405086 0.405086 2 1 0
0.922217 0.405135 0.405135 2 1 0
0.912654 0.405184 0.405184 2 1 0
0.903093 0.405233 0.405233 2 1 0
0.893532 0.405282 0.405282 2 1 0
0.883971 0.405332 0.405332 2 1 0
0.874412 0.405381 0.405381 2 1 0
0.864853 0.40543 0.40543 2 1 0
0.855294 0.405479 0.405479 2 1 0
0.845736 0.405529 0.405529 2 1 0
0.836179 0.405578 0.405578 2 1 0
0.826623 0.405628 0.405628 2 1 0
0.817067 0.405677 0.405677 2 1 0
0.807512 0.405726 0.405726 2 1 0
0.797957 0.405776 0.405776 2 1 0
0.788403 0.405825 0.405825 2 1 0
0.77885 0.405875 0.405875 2 1 0
0.769297 0.405925 0.405925 2 1 0
0.759745 0.405974 0.405974 2 1 0
0.750194 0.406024 0.406024 2 1 0
0.740643 0.406073 0.406073 2 1 0
0.731093 0.406123 0.406123 2 1 0
0.721544 0.406173 0.406173 2 1 0
0.711995 0.406223 0.406223 2 1 0
0.702447 0.406272 0.406272 2 1 0
0.6929 0.406322 0.406322 2 1 0
0.683353 0.406372 0.406372 2 1 0
0.673807 0.406422 0.406422 2 1 0
0.664262 0.406472 0.406472 2 1 0
0.654717 0.406522 0.406522 2 1 0
0.645173 0.406572 0.406572 2 1 0
0.63563 0.406622 0.406622 2 1 0
0.626087 0.406672 0.406672 2 1 0
0.616545 0.406722 0.406722 2 1 0
0.607004 0.406772 0.406772 2 1 0
0.597463 0.406822 0.406822 2 1 0
0.587923 0.406872 0.406872 2 1 0
0.578384 0.406922 0.406922 2 1 0
0.568846 0.406972 0.406972 2 1 0
0.559308 0.407023 0.407023 2 1 0
0.549771 0.407073 0.407073 2 1 0
0.540234 0.407123 0.407123 2 1 0
0.530698 0.407173 0.407173 2 1 0
0.521163 0.407224 0.407224 2 1 0
0.511629 0.407274 0.407274 2 1 0
0.502095 0.407324 0.407324 2 1 0
0.492562 0.407375 0.407375 2 1 0
0.483029 0.407425 0.407425 2 1 0
0.473498 0.407476 0.407476 2 1 0
0.463967 0.407526 0.407526 2 1 0
0.454437 0.407577 0.407577 2 1 0
0.444907 0.407627 0.407627 2 1 0
0.435378 0.407678 0.407678 2 1 0
0.42585 0.407729 0.407729 2 1 0
0.416323 0.407779 0.407779 2 1 0
0.406796 0.40783 0.40783 2 1 0
0.39727 0.407881 0.407881 2 1 0
0.387744 0.407931 0.407931 2 1 0
0.37822 0.407982 0.407982 2 1 0
0.368696 0.408033 0.408033 2 1 0
0.359173 0.408084 0.408084 2 1 0
0.34965 0.408135 0.408135 2 1 0
0.340129 0.408186 0.408186 2 1 0
0.330608 0.408236 0.408236 2 1 0
0.321087 0.408287 0.408287 2 1 0
0.311568 0.408338 0.408338 2 1 0
10.8199 0.365776 0.365776 4 3 0
10.8197 0.369886 0.361679 3 3 0
10.8197 0.370498 0.36107 3 3 0
10.8181 0.378664 0.353003 3 3 0
10.8151 0.38667 0.345189 3 3 0
10.8109 0.39427 0.337858 3 3 0
10.8055 0.401359 0.331122 3 3 0
10.7992 0.407874 0.324981 3 3 0
10.7921 0.413804 0.319424 3 3 0
10.7845 0.419177 0.314435 3 3 0
10.7765 0.424127 0.309883 3 3 0
10.7682 0.428665 0.305741 3 3 0
10.7596 0.432839 0.301936 3 3 0
10.7509 0.436695 0.298461 3 3 0
10.7419 0.440279 0.295251 3 3 0
10.7329 0.443662 0.292294 3 3 0
10.7237 0.446811 0.28952 3 3 0
10.7145 0.449777 0.286923 3 3 0
10.7052 0.452579 0.28445 3 3 0
10.6959 0.455237 0.282125 3 3 0
10.6865 0.457766 0.279924 3 3 0
10.677 0.460249 0.277821 3 3 0
10.6675 0.462564 0.275835 3 3 0
10.658 0.464783 0.273941 3 3 0
10.6485 0.466959 0.272177 3 3 0
10.6389 0.469016 0.270449 3 3 0
10.6293 0.470999 0.26879 3 3 0
10.6197 0.472919 0.267192 3 3 0
10.6101 0.474771 0.265656 3 3 0
10.6005 0.476564 0.264175 3 3 0
10.5908 0.478223 0.262719 3 3 0
10.5812 0.479925 0.261335 3 3 0
10.5715 0.481579 0.259994 3 3 0
10.5618 0.48325 0.258666 3 3 0
10.5521 0.484813 0.257404 3 3 0
10.5424 0.486337 0.256179 3 3 0
10.5327 0.487831 0.254936 3 3 0
10.523 0.48928 0.253775 3 3 0
10.5133 0.490695 0.252644 3 3 0
10.5035 0.492076 0.251495 3 3 0
10.4938 0.493428 0.250415 3 3 0
10.4841 0.494751 0.249362 3 3 0
10.4743 0.496051 0.248337 3 3 0
10.4646 0.497322 0.247332 3 3 0
10.4548 0.498567 0.24635 3 3 0
10.4451 0.499793 0.245387 3 3 0
10.4353 0.500994 0.244447 3 3 0
10.4255 0.502173 0.243527 3 3 0
10.4158 0.503283 0.242671 3 3 0
10.406 0.504426 0.241785 3 3 0
10.3962 0.505549 0.240917 3 3 0
10.3864 0.506679 0.240136 3 3 0
10.3767 0.507764 0.239307 3 3 0
10.3669 0.508832 0.238494 3 3 0
10.3571 0.509865 0.237676 3 3 0
10.3473 0.510895 0.236891 3 3 0
10.3375 0.511911 0.236119 3 3 0
10.3277 0.512846 0.235368 3 3 0
10.3179 0.513829 0.234623 3 3 0
10.3081 0.514799 0.23389 3 3 0
10.2983 0.515721 0.233174 3 3 0
10.2885 0.516663 0.232464 3 3 0
10.2787 0.517593 0.231765 3 3 0
10.2689 0.5185 0.231076 3 3 0
10.2591 0.519406 0.230399 3 3 0
10.2493 0.520299 0.229732 3 3 0
10.2395 0.521177 0.229079 3 3 0
10.2297 0.522062 0.228431 3 3 0
10.2199 0.522937 0.227792 3 3 0
10.2101 0.523817 0.227141 3 3 0
10.2003 0.524672 0.226515 3 3 0
10.1905 0.525517 0.225898 3 3 0
10.1807 0.526355 0.225305 3 3 0
10.1709 0.527181 0.224704 3 3 0
10.161 0.527997 0.224111 3 3 0
10.1512 0.528795 0.223516 3 3 0
10.1414 0.529594 0.222941 3 3 0
10.1316 0.530386 0.222374 3 3 0
10.1218 0.531164 0.221776 3 3 0
10.112 0.531939 0.221222 3 3 0
10.1022 0.532707 0.220675 3 3 0
10.0923 0.533476 0.220094 3 3 0
10.0825 0.534229 0.219559 3 3 0
10.0727 0.534974 0.219031 3 3 0
10.0629 0.535713 0.218518 3 3 0
10.0531 0.536444 0.218001 3 3 0
10.0432 0.537169 0.217491 3 3 0
10.0334 0.537868 0.217024 3 3 0
10.0236 0.53858 0.216525 3 3 0
10.0138 0.539285 0.216031 3 3 0
10.0039 0.539956 0.215563 3 3 0
9.99412 0.540649 0.215079 3 3 0
9.9843 0.541337 0.2146 3 3 0
9.97447 0.542002 0.21411 3 3 0
9.96465 0.542678 0.213642 3 3 0
9.95482 0.543348 0.213178 3 3 0
9.945 0.544006 0.212703 3 3 0
9.93517 0.544665 0.212248 3 3 0
9.92535 0.54532 0.211798 3 3 0
9.91552 0.545966 0.211343 3 3 0
9.90569 0.54661 0.210902 3 3 0
9.89587 0.547249 0.210465 3 3 0
9.88604 0.547884 0.21003 3 3 0
9.87621 0.548514 0.209601 3 3 0
9.86638 0.549139 0.209177 3 3 0
9.85656 0.549768 0.208772 3 3 0
9.84673 0.550384 0.208356 3 3 0
9.8369 0.550995 0.207943 3 3 0
9.82707 0.551591 0.207491 3 3 0
9.81724 0.552194 0.207086 3 3 0
9.80742 0.552792 0.206684 3 3 0
9.79759 0.553388 0.206264 3 3 0
9.78776 0.553978 0.20587 3 3 0
9.77793 0.554564 0.205479 3 3 0
9.7681 0.55515 0.20508 3 3 0
9.75827 0.555729 0.204696 3 3 0
9.74844 0.556303 0.204315 3 3 0
9.73861 0.556881 0.203923 3 3 0
9.72878 0.557448 0.203548 3 3 0
9.71895 0.558011 0.203177 3 3 0
9.70912 0.558585 0.202802 3 3 0
9.69929 0.559141 0.202436 3 3 0
9.68946 0.559694 0.202074 3 3 0
9.67963 0.560261 0.201711 3 3 0
9.6698 0.560807 0.201354 3 3 0
9.65997 0.56135 0.201 3 3 0
9.65014 0.561929 0.200667 3 3 0
9.64031 0.562464 0.200319 3 3 0
9.63048 0.562996 0.199974 3 3 0
9.62065 0.563503 0.19962 3 3 0
9.61082 0.56403 0.19928 3 3 0
9.60099 0.564553 0.198942 3 3 0
9.59116 0.56502 0.19858 3 3 0
9.58133 0.565538 0.198248 3 3 0
9.5715 0.566053 0.197918 3 3 0
9.56167 0.566537 0.197566 3 3 0
9.55184 0.567047 0.19724 3 3 0
9.54201 0.567554 0.196916 3 3 0
9.53218 0.56805 0.196594 3 3 0
9.52235 0.568551 0.196275 3 3 0
9.51251 0.56905 0.195958 3 3 0
9.50268 0.56954 0.195655 3 3 0
9.49285 0.570034 0.195342 3 3 0
9.48302 0.570525 0.195031 3 3 0
9.47319 0.571055 0.194781 3 3 0
9.46336 0.571541 0.194474 3 3 0
9.45353 0.572024 0.194169 3 3 0
9.4437 0.572492 0.193884 3 3 0
9.43387 0.57297 0.193582 3 3 0
9.42404 0.573446 0.193283 3 3 0
9.41421 0.573784 0.192911 3 3 0
9.40438 0.574256 0.192617 3 3 0
9.39455 0.574725 0.192325 3 3 0
9.38472 0.575191 0.192035 3 3 0
9.37489 0.575656 0.191746 3 3 0
9.36506 0.576119 0.19146 3 3 0
9.35523 0.576642 0.191193 3 3 0
9.34541 0.577101 0.190909 3 3 0
9.33558 0.577557 0.190628 3 3 0
9.32575 0.578007 0.190358 3 3 0
9.31592 0.578459 0.19008 3 3 0
9.30609 0.578909 0.189804 3 3 0
9.29626 0.57929 0.189506 3 3 0
9.28643 0.579737 0.189234 3 3 0
9.2766 0.580181 0.188964 3 3 0
9.26677 0.580578 0.188696 3 3 0
9.25694 0.581019 0.18843 3 3 0
9.24712 0.581458 0.188165 3 3 0
9.23729 0.581854 0.187902 3 3 0
9.22746 0.582289 0.18764 3 3 0
9.21763 0.582722 0.187379 3 3 0
9.2078 0.583113 0.18712 3 3 0
9.19797 0.583542 0.186862 3 3 0
9.18815 0.58397 0.186606 3 3 0
9.17832 0.584353 0.186357 3 3 0
9.16849 0.584777 0.186103 3 3 0
9.15866 0.5852 0.185851 3 3 0
9.14884 0.585583 0.185606 3 3 0
9.13901 0.586003 0.185357 3 3 0
9.12918 0.58642 0.185109 3 3 0
9.11936 0.586803 0.18487 3 3 0
9.10953 0.587217 0.184625 3 3 0
9.0997 0.58763 0.184381 3 3 0
9.08988 0.588052 0.184148 3 3 0
9.08005 0.588459 0.183907 3 3 0
9.07022 0.588864 0.183666 3 3 0
9.0604 0.589291 0.183439 3 3 0
9.05057 0.589694 0.183202 3 3 0
9.04075 0.590095 0.182965 3 3 0
9.03092 0.590514 0.182744 3 3 0
9.0211 0.590913 0.18251 3 3 0
9.01127 0.591309 0.182277 3 3 0
9.00144 0.591721 0.182061 3 3 0
8.99162 0.592116 0.18183 3 3 0
8.98179 0.592508 0.181601 3 3 0
8.97197 0.592913 0.181392 3 3 0
8.96215 0.593303 0.181164 3 3 0
8.95232 0.593692 0.180938 3 3 0
8.9425 0.59409 0.180735 3 3 0
8.93267 0.594477 0.18051 3 3 0
8.92285 0.594862 0.180287 3 3 0
8.91303 0.595252 0.180091 3 3 0
8.9032 0.595635 0.17987 3 3 0
8.89338 0.596016 0.17965 3 3 0
8.88356 0.5964 0.179461 3 3 0
8.87373 0.596778 0.179243 3 3 0
8.86391 0.597156 0.179026 3 3 0
8.85409 0.597531 0.178845 3 3 0
8.84427 0.597907 0.17863 3 3 0
8.83444 0.598281 0.178415 3 3 0
8.82462 0.598648 0.178244 3 3 0
8.8148 0.59902 0.178031 3 3 0
8.80498 0.599391 0.17782 3 3 0
8.79516 0.599751 0.17762 3 3 0
8.78534 0.60012 0.177419 3 3 0
8.77551 0.600487 0.177218 3 3 0
8.76569 0.600836 0.17697 3 3 0
8.75587 0.601201 0.176771 3 3 0
8.74605 0.601566 0.176573 3 3 0
8.73623 0.601964 0.176381 3 3 0
8.72641 0.602327 0.176185 3 3 0
8.71659 0.602688 0.175991 3 3 0
8.70677 0.603158 0.175784 3 3 0
8.69695 0.603518 0.175583 3 3 0
8.68713 0.603876 0.175383 3 3 0
8.67731 0.60431 0.175161 3 3 0
8.66749 0.604667 0.174963 3 3 0
8.65768 0.605022 0.174766 3 3 0
8.64786 0.605398 0.174587 3 3 0
8.63804 0.605752 0.174391 3 3 0
8.62822 0.606105 0.174197 3 3 0
8.6184 0.606463 0.174027 3 3 0
8.60859 0.606814 0.173834 3 3 0
8.59877 0.607165 0.173642 3 3 0
8.58895 0.607511 0.173486 3 3 0
8.57913 0.60786 0.173296 3 3 0
8.56932 0.608207 0.173106 3 3 0
8.5595 0.608583 0.172908 3 3 0
8.54968 0.608929 0.17272 3 3 0
8.53987 0.609274 0.172533 3 3 0
8.53005 0.609648 0.172349 3 3 0
8.52024 0.609991 0.172164 3 3 0
8.51042 0.610334 0.171979 3 3 0
8.50061 0.610693 0.171806 3 3 0
8.49079 0.611034 0.171623 3 3 0
8.48098 0.611374 0.171441 3 3 0
8.47116 0.611726 0.171273 3 3 0
8.46135 0.612065 0.171092 3 3 0
8.45153 0.612403 0.170912 3 3 0
8.44172 0.61275 0.170748 3 3 0
8.4319 0.613086 0.170569 3 3 0
8.42209 0.613422 0.170392 3 3 0
8.41228 0.613766 0.170231 3 3 0
8.40246 0.614099 0.170054 3 3 0
8.39265 0.614433 0.169879 3 3 0
8.38284 0.614773 0.169721 3 3 0
8.37303 0.615105 0.169547 3 3 0
8.36321 0.615435 0.169373 3 3 0
8.3534 0.615772 0.16922 3 3 0
8.34359 0.616102 0.169047 3 3 0
8.33378 0.616431 0.168876 3 3 0
8.32397 0.616764 0.168726 3 3 0
8.31416 0.617092 0.168555 3 3 0
8.30435 0.617418 0.168385 3 3 0
8.29454 0.617749 0.16824 3 3 0
8.28473 0.618074 0.168071 3 3 0
8.27492 0.618399 0.167903 3 3 0
8.26511 0.618725 0.167763 3 3 0
8.2553 0.619049 0.167596 3 3 0
8.24549 0.619371 0.16743 3 3 0
8.23568 0.61969 0.167306 3 3 0
8.22587 0.620012 0.167141 3 3 0
8.21606 0.620333 0.166976 3 3 0
8.20625 0.620661 0.166821 3 3 0
8.19645 0.620981 0.166658 3 3 0
8.18664 0.6213 0.166495 3 3 0
8.17683 0.62163 0.166342 3 3 0
8.16702 0.621948 0.16618 3 3 0
8.15722 0.622265 0.166019 3 3 0
8.14741 0.62259 0.165873 3 3 0
8.1376 0.622906 0.165713 3 3 0
8.1278 0.623221 0.165554 3 3 0
8.11799 0.623542 0.165413 3 3 0
8.10818 0.623856 0.165255 3 3 0
8.09838 0.62417 0.165097 3 3 0
8.08857 0.624488 0.164959 3 3 0
8.07877 0.6248 0.164803 3 3 0
8.06896 0.625112 0.164647 3 3 0
8.05916 0.625427 0.164512 3 3 0
8.04936 0.625738 0.164357 3 3 0
8.03955 0.626049 0.164203 3 3 0
8.02975 0.626362 0.164072 3 3 0
8.01994 0.626671 0.163918 3 3 0
8.01014 0.62698 0.163765 3 3 0
8.00034 0.627291 0.163637 3 3 0
7.99054 0.627598 0.163485 3 3 0
7.98073 0.627905 0.163334 3 3 0
7.97093 0.628214 0.163192 3 3 0
7.96113 0.62852 0.163053 3 3 0
7.95133 0.628826 0.162908 3 3 0
7.94153 0.629133 0.162751 3 3 0
7.93173 0.629438 0.162613 3 3 0
7.92193 0.629742 0.162476 3 3 0
7.91212 0.630047 0.162311 3 3 0
7.90232 0.63035 0.162175 3 3 0
7.89252 0.630653 0.16204 3 3 0
7.88272 0.630957 0.161872 3 3 0
7.87293 0.631258 0.161737 3 3 0
7.86313 0.63156 0.161603 3 3 0
7.85333 0.631862 0.161428 3 3 0
7.84353 0.632162 0.161295 3 3 0
7.83373 0.632462 0.161161 3 3 0
7.82393 0.632761 0.161014 3 3 0
7.81413 0.63306 0.160881 3 3 0
7.80434 0.633358 0.16075 3 3 0
7.79454 0.633656 0.160639 3 3 0
7.78474 0.633954 0.160508 3 3 0
7.77495 0.634252 0.160378 3 3 0
7.76515 0.63455 0.160254 3 3 0
7.75535 0.634847 0.160125 3 3 0
7.74556 0.635143 0.159997 3 3 0
7.73576 0.635439 0.159852 3 3 0
7.72597 0.635734 0.159724 3 3 0
7.71617 0.636029 0.159597 3 3 0
7.70638 0.636324 0.159453 3 3 0
7.69658 0.636618 0.159327 3 3 0
7.68679 0.636912 0.159202 3 3 0
7.677 0.637205 0.159059 3 3 0
7.6672 0.637498 0.158934 3 3 0
7.65741 0.637791 0.15881 3 3 0
7.64762 0.638083 0.158668 3 3 0
7.63782 0.638375 0.158544 3 3 0
7.62803 0.638666 0.158421 3 3 0
7.61824 0.638957 0.15828 3 3 0
7.60845 0.639248 0.158158 3 3 0
7.59866 0.639538 0.158036 3 3 0
7.58887 0.639828 0.157896 3 3 0
7.57907 0.640117 0.157775 3 3 0
7.56928 0.640407 0.157654 3 3 0
7.55949 0.640695 0.157515 3 3 0
7.5497 0.640984 0.157395 3 3 0
7.53991 0.641272 0.157276 3 3 0
7.53012 0.64156 0.157137 3 3 0
7.52034 0.641847 0.157019 3 3 0
7.51055 0.642135 0.1569 3 3 0
7.50076 0.642421 0.156763 3 3 0
7.49097 0.642708 0.156645 3 3 0
7.48118 0.642994 0.156528 3 3 0
7.47139 0.643279 0.156392 3 3 0
7.46161 0.643565 0.156275 3 3 0
7.45182 0.643851 0.156159 3 3 0
7.44203 0.644135 0.156024 3 3 0
7.43225 0.64442 0.155908 3 3 0
7.42246 0.644704 0.155794 3 3 0
7.41268 0.644988 0.155659 3 3 0
7.40289 0.645272 0.155545 3 3 0
7.3931 0.645555 0.155431 3 3 0
7.38332 0.645838 0.155297 3 3 0
7.37354 0.646121 0.155184 3 3 0
7.36375 0.646404 0.155071 3 3 0
7.35397 0.646686 0.154938 3 3 0
7.34418 0.646968 0.154826 3 3 0
7.3344 0.64725 0.154714 3 3 0
7.32462 0.647531 0.154582 3 3 0
7.31484 0.647812 0.154471 3 3 0
7.30505 0.648093 0.154361 3 3 0
7.29527 0.648374 0.154229 3 3 0
7.28549 0.648654 0.154119 3 3 0
7.27571 0.648935 0.154009 3 3 0
7.26593 0.649214 0.153879 3 3 0
7.25615 0.649494 0.15377 3 3 0
7.24637 0.649774 0.153661 3 3 0
7.23659 0.650053 0.153532 3 3 0
7.22681 0.650332 0.153423 3 3 0
7.21703 0.650611 0.153315 3 3 0
7.20725 0.65089 0.153187 3 3 0
7.19747 0.651168 0.153079 3 3 0
7.18769 0.651446 0.152972 3 3 0
7.17791 0.651724 0.152844 3 3 0
7.16813 0.652002 0.152738 3 3 0
7.15836 0.65228 0.152632 3 3 0
7.14858 0.652557 0.152505 3 3 0
7.1388 0.652834 0.152399 3 3 0
7.12903 0.653111 0.152294 3 3 0
7.11925 0.653388 0.152168 3 3 0
7.10947 0.653665 0.152063 3 3 0
7.0997 0.653941 0.151958 3 3 0
7.08992 0.654218 0.151833 3 3 0
7.08015 0.654494 0.151729 3 3 0
7.07037 0.654769 0.151625 3 3 0
7.0606 0.655046 0.151501 3 3 0
7.05082 0.655321 0.151398 3 3 0
7.04105 0.655596 0.151295 3 3 0
7.03128 0.655873 0.151172 3 3 0
7.0215 0.656147 0.151069 3 3 0
7.01173 0.656422 0.150967 3 3 0
7.00196 0.656698 0.150845 3 3 0
6.99219 0.656972 0.150743 3 3 0
6.98242 0.657246 0.150642 3 3 0
6.97265 0.657521 0.150521 3 3 0
6.96287 0.657795 0.15042 3 3 0
6.9531 0.658068 0.150319 3 3 0
6.94333 0.658344 0.1502 3 3 0
6.93356 0.658617 0.1501 3 3 0
6.92379 0.65889 0.15 3 3 0
6.91402 0.659165 0.149882 3 3 0
6.90426 0.659437 0.149782 3 3 0
6.89449 0.65971 0.149683 3 3 0
6.88472 0.659984 0.149567 3 3 0
6.87495 0.660256 0.149468 3 3 0
6.86518 0.660528 0.149369 3 3 0
6.85542 0.660802 0.149254 3 3 0
6.84565 0.661074 0.149156 3 3 0
6.83588 0.661346 0.149057 3 3 0
6.82612 0.661618 0.148946 3 3 0
6.81635 0.66189 0.148848 3 3 0
6.80659 0.662161 0.148751 3 3 0
6.79682 0.662438 0.148633 3 3 0
6.78706 0.662709 0.148535 3 3 0
6.77729 0.662979 0.148438 3 3 0
6.76753 0.663237 0.148364 3 3 0
6.75776 0.663507 0.148268 3 3 0
6.748 0.663777 0.148173 3 3 0
6.73824 0.664 0.148103 3 3 0
6.72848 0.66427 0.148009 3 3 0
6.71871 0.664539 0.147915 3 3 0
6.70895 0.664741 0.147874 3 3 0
6.69919 0.66501 0.147781 3 3 0
6.68943 0.665279 0.14769 3 3 0
6.67967 0.665493 0.147608 3 3 0
6.66991 0.665761 0.147517 3 3 0
6.66015 0.666029 0.147426 3 3 0
6.65039 0.666269 0.147336 3 3 0
6.64063 0.666537 0.147246 3 3 0
6.63087 0.666805 0.147157 3 3 0
6.62111 0.667053 0.147056 3 3 0
6.61135 0.66732 0.146967 3 3 0
6.6016 0.667587 0.146877 3 3 0
6.59184 0.66784 0.146776 3 3 0
6.58208 0.668107 0.146687 3 3 0
6.57232 0.668374 0.146588 3 3 0
6.56257 0.668626 0.146496 3 3 0
6.55281 0.668893 0.146403 3 3 0
6.54306 0.669159 0.146303 3 3 0
6.5333 0.669412 0.146219 3 3 0
6.52355 0.669678 0.146119 3 3 0
6.51379 0.669944 0.14602 3 3 0
6.50404 0.670196 0.145937 3 3 0
6.49428 0.670462 0.145838 3 3 0
6.48453 0.670728 0.145739 3 3 0
6.47478 0.67098 0.145657 3 3 0
6.46502 0.671245 0.145559 3 3 0
6.45527 0.671511 0.14546 3 3 0
6.44552 0.671762 0.14538 3 3 0
6.43577 0.672027 0.145281 3 3 0
6.42602 0.672292 0.145184 3 3 0
6.41627 0.672543 0.145104 3 3 0
6.40652 0.672808 0.145006 3 3 0
6.39677 0.673073 0.144909 3 3 0
6.38702 0.673323 0.14483 3 3 0
6.37727 0.673588 0.144733 3 3 0
6.36752 0.673852 0.144637 3 3 0
6.35777 0.674102 0.144558 3 3 0
6.34802 0.674366 0.144462 3 3 0
6.33827 0.674631 0.144366 3 3 0
6.32853 0.67488 0.144288 3 3 0
6.31878 0.675144 0.144193 3 3 0
6.30903 0.675408 0.144098 3 3 0
6.29929 0.675656 0.144021 3 3 0
6.28954 0.67592 0.143926 3 3 0
6.2798 0.676184 0.143831 3 3 0
6.27005 0.676432 0.143755 3 3 0
6.26031 0.676696 0.143661 3 3 0
6.25056 0.676959 0.143567 3 3 0
6.24082 0.677207 0.143491 3 3 0
6.23107 0.67747 0.143397 3 3 0
6.22133 0.677733 0.143304 3 3 0
6.21159 0.67798 0.143228 3 3 0
6.20185 0.678243 0.143135 3 3 0
6.1921 0.678507 0.143043 3 3 0
6.18236 0.678753 0.142968 3 3 0
6.17262 0.679016 0.142876 3 3 0
6.16288 0.679279 0.142784 3 3 0
6.15314 0.679555 0.142709 3 3 0
6.1434 0.679824 0.142617 3 3 0
6.13366 0.680092 0.142526 3 3 0
6.12392 0.680379 0.142452 3 3 0
6.11418 0.680648 0.142361 3 3 0
6.10445 0.680916 0.14227 3 3 0
6.09471 0.681203 0.142197 3 3 0
6.08497 0.681471 0.142106 3 3 0
6.07523 0.68174 0.142016 3 3 0
6.0655 0.682026 0.141943 3 3 0
6.05576 0.682295 0.141853 3 3 0
6.04603 0.682563 0.141764 3 3 0
6.03629 0.682849 0.141691 3 3 0
6.02656 0.683117 0.141602 3 3 0
6.01682 0.683385 0.141513 3 3 0
6.00709 0.683671 0.141441 3 3 0
5.99735 0.683939 0.141352 3 3 0
5.98762 0.684208 0.141264 3 3 0
5.97789 0.684493 0.141193 3 3 0
5.96816 0.684761 0.141104 3 3 0
5.95842 0.685029 0.141017 3 3 0
5.94869 0.685314 0.140946 3 3 0
5.93896 0.685582 0.140858 3 3 0
5.92923 0.685851 0.140771 3 3 0
5.9195 0.686135 0.1407 3 3 0
5.90977 0.686403 0.140613 3 3 0
5.90004 0.686672 0.140526 3 3 0
5.89031 0.686956 0.140456 3 3 0
5.88058 0.687224 0.14037 3 3 0
5.87085 0.687492 0.140283 3 3 0
5.86113 0.687777 0.140214 3 3 0
5.8514 0.688045 0.140128 3 3 0
5.84167 0.688313 0.140042 3 3 0
5.83195 0.688597 0.139973 3 3 0
5.82222 0.688865 0.139887 3 3 0
5.81249 0.689133 0.139802 3 3 0
5.80277 0.689417 0.139733 3 3 0
5.79304 0.689685 0.139648 3 3 0
5.78332 0.689953 0.139564 3 3 0
5.7736 0.690237 0.139495 3 3 0
5.76387 0.690505 0.139411 3 3 0
5.75415 0.690773 0.139327 3 3 0
5.74443 0.691057 0.139259 3 3 0
5.73471 0.691325 0.139175 3 3 0
5.72498 0.691593 0.139091 3 3 0
5.71526 0.691877 0.139024 3 3 0
5.70554 0.692145 0.13894 3 3 0
5.69582 0.692413 0.138857 3 3 0
5.6861 0.692697 0.13879 3 3 0
5.67638 0.692965 0.138707 3 3 0
5.66666 0.693233 0.138625 3 3 0
5.65695 0.693516 0.138558 3 3 0
5.64723 0.693785 0.138475 3 3 0
5.63751 0.694053 0.138393 3 3 0
5.62779 0.694336 0.138327 3 3 0
5.61808 0.694605 0.138245 3 3 0
5.60836 0.694873 0.138164 3 3 0
5.59864 0.695157 0.138097 3 3 0
5.58893 0.695425 0.138016 3 3 0
5.57921 0.695693 0.137935 3 3 0
5.5695 0.695977 0.137869 3 3 0
5.55978 0.696245 0.137789 3 3 0
5.55007 0.696514 0.137708 3 3 0
5.54036 0.696797 0.137643 3 3 0
5.53065 0.697066 0.137562 3 3 0
5.52093 0.697334 0.137482 3 3 0
5.51122 0.697618 0.137418 3 3 0
5.50151 0.697887 0.137338 3 3 0
5.4918 0.698155 0.137258 3 3 0
5.48209 0.698439 0.137194 3 3 0
5.47238 0.698708 0.137115 3 3 0
5.46267 0.698977 0.137036 3 3 0
5.45296 0.699261 0.136973 3 3 0
5.44325 0.69953 0.136894 3 3 0
5.43354 0.699799 0.136815 3 3 0
5.42384 0.700083 0.136754 3 3 0
5.41413 0.700352 0.136675 3 3 0
5.40442 0.700621 0.136597 3 3 0
5.39472 0.700906 0.136538 3 3 0
5.38501 0.701175 0.13646 3 3 0
5.37531 0.701443 0.136382 3 3 0
5.3656 0.701729 0.136327 3 3 0
5.3559 0.701997 0.136249 3 3 0
5.34619 0.702266 0.136172 3 3 0
5.33649 0.70255 0.136125 3 3 0
5.32679 0.702819 0.136048 3 3 0
5.31709 0.703088 0.13597 3 3 0
5.30738 0.703363 0.13595 3 3 0
5.29768 0.703632 0.135872 3 3 0
5.28798 0.7039 0.135795 3 3 0
5.27828 0.70417 0.135759 3 3 0
5.26858 0.704439 0.135695 3 3 0
5.25888 0.704708 0.135622 3 3 0
5.24918 0.704969 0.135458 3 3 0
5.23949 0.705239 0.135382 3 3 0
5.22979 0.705508 0.135306 3 3 0
5.22009 0.705754 0.135236 3 3 0
5.21039 0.706024 0.13516 3 3 0
5.2007 0.706294 0.135085 3 3 0
5.191 0.706473 0.135019 3 3 0
5.18131 0.706744 0.134944 3 3 0
5.17161 0.707015 0.13487 3 3 0
5.16192 0.707356 0.134695 3 3 0
5.15222 0.707627 0.134625 3 3 0
5.14253 0.707897 0.134555 3 3 0
5.13284 0.708186 0.134597 3 3 0
5.12315 0.708456 0.134523 3 3 0
5.11345 0.708727 0.13445 3 3 0
5.10376 0.708955 0.134288 3 3 0
5.09407 0.709226 0.134218 3 3 0
5.08438 0.709498 0.134148 3 3 0
5.07469 0.709775 0.134099 3 3 0
5.065 0.710047 0.134028 3 3 0
5.05531 0.710318 0.133958 3 3 0
5.04562 0.710601 0.133918 3 3 0
5.03594 0.710872 0.133847 3 3 0
5.02625 0.711144 0.133776 3 3 0
5.01656 0.711414 0.133689 3 3 0
5.00688 0.711686 0.13362 3 3 0
4.99719 0.711958 0.13355 3 3 0
4.98751 0.712239 0.133498 3 3 0
4.97782 0.712511 0.133428 3 3 0
4.96814 0.712783 0.133359 3 3 0
4.95845 0.713058 0.133319 3 3 0
4.94877 0.71333 0.133248 3 3 0
4.93909 0.713603 0.133179 3 3 0
4.92941 0.713859 0.133119 3 3 0
4.91972 0.714132 0.133049 3 3 0
4.91004 0.714405 0.132979 3 3 0
4.90036 0.714685 0.132893 3 3 0
4.89068 0.714958 0.132825 3 3 0
4.881 0.715231 0.132757 3 3 0
4.87133 0.715511 0.132743 3 3 0
4.86165 0.715784 0.132673 3 3 0
4.85197 0.716057 0.132604 3 3 0
4.84229 0.716334 0.132508 3 3 0
4.83262 0.716608 0.13244 3 3 0
4.82294 0.716881 0.132372 3 3 0
4.81326 0.717161 0.132327 3 3 0
4.80359 0.717435 0.132258 3 3 0
4.79391 0.717709 0.13219 3 3 0
4.78424 0.717988 0.132123 3 3 0
4.77457 0.718262 0.132056 3 3 0
4.76489 0.718536 0.131988 3 3 0
4.75522 0.718811 0.131933 3 3 0
4.74555 0.719085 0.131865 3 3 0
4.73588 0.719359 0.131798 3 3 0
4.72621 0.719633 0.131741 3 3 0
4.71654 0.719907 0.131674 3 3 0
4.70687 0.720181 0.131607 3 3 0
4.6972 0.720454 0.131551 3 3 0
4.68753 0.720729 0.131484 3 3 0
4.67786 0.721003 0.131417 3 3 0
4.6682 0.721277 0.131361 3 3 0
4.65853 0.721552 0.131295 3 3 0
4.64886 0.721827 0.131228 3 3 0
4.6392 0.7221 0.131173 3 3 0
4.62953 0.722375 0.131107 3 3 0
4.61987 0.722651 0.131041 3 3 0
4.6102 0.722925 0.130986 3 3 0
4.60054 0.7232 0.13092 3 3 0
4.59088 0.723476 0.130854 3 3 0
4.58122 0.72375 0.130799 3 3 0
4.57155 0.724026 0.130734 3 3 0
4.56189 0.724302 0.130668 3 3 0
4.55223 0.724577 0.130614 3 3 0
4.54257 0.724853 0.130549 3 3 0
4.53291 0.725129 0.130483 3 3 0
4.52325 0.725405 0.13043 3 3 0
4.5136 0.725681 0.130365 3 3 0
4.50394 0.725958 0.1303 3 3 0
4.49428 0.726234 0.130247 3 3 0
4.48462 0.726511 0.130182 3 3 0
4.47497 0.726788 0.130117 3 3 0
4.46531 0.727066 0.130065 3 3 0
4.45566 0.727343 0.13 3 3 0
4.446 0.72762 0.129935 3 3 0
4.43635 0.727899 0.129883 3 3 0
4.4267 0.728176 0.129818 3 3 0
4.41705 0.728454 0.129754 3 3 0
4.40739 0.728733 0.129701 3 3 0
4.39774 0.729011 0.129637 3 3 0
4.38809 0.729289 0.129573 3 3 0
4.37844 0.72957 0.129523 3 3 0
4.36879 0.729848 0.129459 3 3 0
4.35915 0.730127 0.129395 3 3 0
4.3495 0.7304 0.129321 3 3 0
4.33985 0.730679 0.129258 3 3 0
4.3302 0.730958 0.129195 3 3 0
4.32056 0.731215 0.129163 3 3 0
4.31091 0.731494 0.129099 3 3 0
4.30127 0.731773 0.129036 3 3 0
4.29162 0.732027 0.12895 3 3 0
4.28198 0.732306 0.128888 3 3 0
4.27233 0.732585 0.128826 3 3 0
4.26269 0.732846 0.128756 3 3 0
4.25305 0.733126 0.128695 3 3 0
4.24341 0.733405 0.128635 3 3 0
4.23377 0.733631 0.128621 3 3 0
4.22413 0.73391 0.128559 3 3 0
4.21449 0.73419 0.128497 3 3 0
4.20485 0.734468 0.128437 3 3 0
4.19521 0.734748 0.128375 3 3 0
4.18557 0.735027 0.128314 3 3 0
4.17594 0.735286 0.128265 3 3 0
4.1663 0.735566 0.128203 3 3 0
4.15666 0.735847 0.128141 3 3 0
4.14703 0.736108 0.128099 3 3 0
4.1374 0.736389 0.128037 3 3 0
4.12776 0.736669 0.127975 3 3 0
4.11813 0.736934 0.127932 3 3 0
4.1085 0.737215 0.12787 3 3 0
4.09886 0.737496 0.127809 3 3 0
4.08923 0.737763 0.127765 3 3 0
4.0796 0.738044 0.127704 3 3 0
4.06997 0.738326 0.127642 3 3 0
4.06034 0.738594 0.127598 3 3 0
4.05071 0.738875 0.127537 3 3 0
4.04109 0.739157 0.127475 3 3 0
4.03146 0.739426 0.127432 3 3 0
4.02183 0.739708 0.127371 3 3 0
4.01221 0.73999 0.12731 3 3 0
4.00258 0.740261 0.127268 3 3 0
3.99296 0.740543 0.127207 3 3 0
3.98333 0.740826 0.127145 3 3 0
3.97371 0.741099 0.127106 3 3 0
3.96409 0.741382 0.127045 3 3 0
3.95446 0.741665 0.126983 3 3 0
3.94484 0.741943 0.126947 3 3 0
3.93522 0.742226 0.126885 3 3 0
3.9256 0.742509 0.126824 3 3 0
3.91598 0.742793 0.12679 3 3 0
3.90636 0.743077 0.126729 3 3 0
3.89675 0.74336 0.126668 3 3 0
3.88713 0.743637 0.126627 3 3 0
3.87751 0.743921 0.126566 3 3 0
3.8679 0.744206 0.126505 3 3 0
3.85828 0.744476 0.126465 3 3 0
3.84867 0.744761 0.126404 3 3 0
3.83905 0.745046 0.126343 3 3 0
3.82944 0.745278 0.12628 3 3 0
3.81983 0.745562 0.126219 3 3 0
3.81022 0.745847 0.126159 3 3 0
3.8006 0.746038 0.126095 3 3 0
3.79099 0.746323 0.126035 3 3 0
3.78138 0.746608 0.125975 3 3 0
3.77178 0.746794 0.125926 3 3 0
3.76217 0.747079 0.125867 3 3 0
3.75256 0.747364 0.125807 3 3 0
3.74295 0.747574 0.125764 3 3 0
3.73335 0.747859 0.125705 3 3 0
3.72374 0.748145 0.125646 3 3 0
3.71414 0.748374 0.125604 3 3 0
3.70453 0.748659 0.125545 3 3 0
3.69493 0.748945 0.125486 3 3 0
3.68533 0.749182 0.125445 3 3 0
3.67572 0.749468 0.125386 3 3 0
3.66612 0.749754 0.125327 3 3 0
3.65652 0.749992 0.125287 3 3 0
3.64692 0.750278 0.125228 3 3 0
3.63732 0.750564 0.125169 3 3 0
3.62773 0.750801 0.125129 3 3 0
3.61813 0.751088 0.12507 3 3 0
3.60853 0.751375 0.125012 3 3 0
3.59893 0.75161 0.124973 3 3 0
3.58934 0.751897 0.124914 3 3 0
3.57974 0.752184 0.124856 3 3 0
3.57015 0.752483 0.124818 3 3 0
3.56056 0.752781 0.124759 3 3 0
3.55096 0.753079 0.124701 3 3 0
3.54137 0.753426 0.124664 3 3 0
3.53178 0.753724 0.124605 3 3 0
3.52219 0.754023 0.124547 3 3 0
3.5126 0.754369 0.124511 3 3 0
3.50301 0.754668 0.124452 3 3 0
3.49343 0.754967 0.124394 3 3 0
3.48384 0.755313 0.124359 3 3 0
3.47425 0.755613 0.1243 3 3 0
3.46467 0.755912 0.124242 3 3 0
3.45508 0.756259 0.124208 3 3 0
3.4455 0.756558 0.12415 3 3 0
3.43591 0.756859 0.124092 3 3 0
3.42633 0.757205 0.124059 3 3 0
3.41675 0.757505 0.124001 3 3 0
3.40717 0.757806 0.123943 3 3 0
3.39759 0.758152 0.123911 3 3 0
3.38801 0.758453 0.123853 3 3 0
3.37843 0.758754 0.123795 3 3 0
3.36885 0.7591 0.123765 3 3 0
3.35927 0.759402 0.123706 3 3 0
3.3497 0.759704 0.123648 3 3 0
3.34012 0.76005 0.12362 3 3 0
3.33055 0.760352 0.123561 3 3 0
3.32097 0.760654 0.123503 3 3 0
3.3114 0.761 0.123473 3 3 0
3.30183 0.761303 0.123418 3 3 0
3.29225 0.761606 0.12336 3 3 0
3.28268 0.761952 0.123307 3 3 0
3.27311 0.762255 0.123262 3 3 0
3.26354 0.762559 0.123217 3 3 0
3.25397 0.762905 0.123142 3 3 0
3.24441 0.763209 0.123097 3 3 0
3.23484 0.763513 0.123052 3 3 0
3.22527 0.76386 0.122977 3 3 0
3.21571 0.764164 0.122932 3 3 0
3.20614 0.764468 0.122886 3 3 0
3.19658 0.764815 0.122812 3 3 0
3.18702 0.76512 0.122767 3 3 0
3.17745 0.765424 0.122722 3 3 0
3.16789 0.765772 0.122648 3 3 0
3.15833 0.766077 0.122602 3 3 0
3.14877 0.766382 0.122557 3 3 0
3.13921 0.76673 0.122484 3 3 0
3.12966 0.767035 0.122438 3 3 0
3.1201 0.767341 0.122393 3 3 0
3.11054 0.767689 0.12232 3 3 0
3.10099 0.767995 0.122274 3 3 0
3.09143 0.768301 0.122229 3 3 0
3.08188 0.768649 0.122156 3 3 0
3.07232 0.768955 0.122111 3 3 0
3.06277 0.769262 0.122065 3 3 0
3.05322 0.76961 0.121993 3 3 0
3.04367 0.769917 0.121947 3 3 0
3.03412 0.770224 0.121902 3 3 0
3.02457 0.770571 0.12183 3 3 0
3.01502 0.770878 0.121784 3 3 0
3.00548 0.771186 0.121738 3 3 0
2.99593 0.771531 0.121667 3 3 0
2.98638 0.771839 0.121621 3 3 0
2.97684 0.772147 0.121575 3 3 0
2.9673 0.772491 0.121506 3 3 0
2.95775 0.772799 0.121459 3 3 0
2.94821 0.773107 0.121413 3 3 0
2.93867 0.77343 0.121328 3 3 0
2.92913 0.773738 0.12128 3 3 0
2.91959 0.774047 0.121231 3 3 0
2.91005 0.774203 0.121363 3 3 0
2.90051 0.77451 0.12132 3 3 0
2.89098 0.774816 0.121278 3 3 0
2.88144 0.774996 0.121039 3 3 0
2.87191 0.775302 0.120992 3 3 0
2.86237 0.775608 0.120945 3 3 0
2.85284 0.775733 0.121026 3 3 0
2.84331 0.776039 0.120972 3 3 0
2.83378 0.776345 0.120918 3 3 0
2.82425 0.776344 0.120745 3 3 0
2.81472 0.776649 0.120697 3 3 0
2.80519 0.776955 0.120649 3 3 0
2.79566 0.777135 0.120611 3 3 0
2.78613 0.777441 0.120564 3 3 0
2.77661 0.777746 0.120518 3 3 0
2.76708 0.778672 0.120457 3 3 0
2.75756 0.778981 0.120409 3 3 0
2.74803 0.77929 0.120361 3 3 0
2.73851 0.77975 0.12044 3 3 0
2.72899 0.78006 0.120398 3 3 0
2.71947 0.780371 0.120355 3 3 0
2.70995 0.780492 0.12021 3 3 0
2.70043 0.780802 0.120165 3 3 0
2.69091 0.781112 0.120121 3 3 0
2.6814 0.781343 0.120037 3 3 0
2.67188 0.781654 0.119991 3 3 0
2.66237 0.781964 0.119945 3 3 0
2.65285 0.782492 0.119888 3 3 0
2.64334 0.782804 0.119841 3 3 0
2.63383 0.783116 0.119795 3 3 0
2.62432 0.783673 0.119748 3 3 0
2.61481 0.783988 0.119702 3 3 0
2.6053 0.784302 0.119656 3 3 0
2.59579 0.784506 0.119784 3 3 0
2.58628 0.784821 0.119731 3 3 0
2.57678 0.785135 0.119678 3 3 0
2.56727 0.785103 0.119494 3 3 0
2.55777 0.785416 0.11945 3 3 0
2.54826 0.78573 0.119406 3 3 0
2.53876 0.785907 0.119325 3 3 0
2.52926 0.786221 0.119279 3 3 0
2.51976 0.786534 0.119233 3 3 0
2.51026 0.787286 0.119205 3 3 0
2.50076 0.787602 0.119157 3 3 0
2.49126 0.787919 0.119108 3 3 0
2.48177 0.788055 0.119227 3 3 0
2.47227 0.788371 0.119175 3 3 0
2.46278 0.788687 0.119122 3 3 0
2.45328 0.788507 0.118911 3 3 0
2.44379 0.788832 0.118865 3 3 0
2.4343 0.789157 0.11882 3 3 0
2.42481 0.789943 0.118774 3 3 0
2.41532 0.790261 0.118729 3 3 0
2.40583 0.790578 0.118684 3 3 0
2.39634 0.790099 0.118674 3 3 0
2.38686 0.790414 0.118631 3 3 0
2.37737 0.790729 0.118588 3 3 0
2.36789 0.791965 0.118498 3 3 0
2.3584 0.792284 0.118452 3 3 0
2.34892 0.792604 0.118407 3 3 0
2.33944 0.792699 0.118476 3 3 0
2.32996 0.793018 0.118426 3 3 0
2.32048 0.793337 0.118376 3 3 0
2.311 0.793763 0.118282 3 3 0
2.30152 0.794083 0.118233 3 3 0
2.29205 0.794403 0.118184 3 3 0
2.28257 0.794924 0.118151 3 3 0
2.2731 0.795246 0.118102 3 3 0
2.26362 0.795568 0.118054 3 3 0
2.25415 0.795812 0.117968 3 3 0
2.24468 0.796134 0.117925 3 3 0
2.23521 0.796457 0.117882 3 3 0
2.22574 0.797086 0.117826 3 3 0
2.21627 0.797411 0.117781 3 3 0
2.20681 0.797736 0.117735 3 3 0
2.19734 0.798161 0.117825 3 3 0
2.18788 0.798488 0.117775 3 3 0
2.17841 0.798815 0.117725 3 3 0
2.16895 0.799037 0.117587 3 3 0
2.15949 0.799363 0.117545 3 3 0
2.15003 0.79969 0.117503 3 3 0
2.14057 0.799994 0.117455 3 3 0
2.13111 0.800321 0.117414 3 3 0
2.12166 0.800648 0.117372 3 3 0
2.1122 0.801007 0.117319 3 3 0
2.10274 0.801334 0.117277 3 3 0
2.09329 0.801663 0.117236 3 3 0
2.08384 0.802033 0.117198 3 3 0
2.07439 0.802362 0.117157 3 3 0
2.06494 0.802691 0.117116 3 3 0
2.05549 0.803046 0.117068 3 3 0
2.04604 0.803377 0.117027 3 3 0
2.03659 0.803707 0.116986 3 3 0
2.02715 0.80406 0.11694 3 3 0
2.0177 0.804391 0.116899 3 3 0
2.00826 0.804723 0.116859 3 3 0
1.99882 0.805075 0.116811 3 3 0
1.98937 0.805407 0.116771 3 3 0
1.97993 0.805739 0.116731 3 3 0
1.9705 0.80609 0.116683 3 3 0
1.96106 0.806424 0.116643 3 3 0
1.95162 0.806757 0.116603 3 3 0
1.94219 0.807107 0.116555 3 3 0
1.93275 0.807441 0.116515 3 3 0
1.92332 0.807775 0.116476 3 3 0
1.91389 0.808124 0.116428 3 3 0
1.90445 0.808459 0.116388 3 3 0
1.89502 0.808794 0.116348 3 3 0
1.8856 0.809141 0.1163 3 3 0
1.87617 0.809478 0.11626 3 3 0
1.86674 0.809814 0.116221 3 3 0
1.85732 0.81016 0.116172 3 3 0
1.84789 0.810497 0.116132 3 3 0
1.83847 0.810835 0.116093 3 3 0
1.82905 0.811179 0.116044 3 3 0
1.81963 0.811518 0.116004 3 3 0
1.81021 0.811856 0.115965 3 3 0
1.80079 0.812199 0.115915 3 3 0
1.79138 0.812539 0.115876 3 3 0
1.78196 0.812879 0.115837 3 3 0
1.77255 0.81322 0.115787 3 3 0
1.76313 0.81356 0.115748 3 3 0
1.75372 0.813901 0.115709 3 3 0
1.74431 0.81424 0.115658 3 3 0
1.7349 0.814582 0.115619 3 3 0
1.72549 0.814924 0.11558 3 3 0
1.71609 0.81526 0.115527 3 3 0
1.70668 0.815603 0.115488 3 3 0
1.69728 0.815946 0.11545 3 3 0
1.68787 0.816276 0.115395 3 3 0
1.67847 0.81662 0.115356 3 3 0
1.66907 0.816964 0.115317 3 3 0
1.65967 0.817284 0.11526 3 3 0
1.65027 0.817629 0.115221 3 3 0
1.64088 0.817974 0.115182 3 3 0
1.63148 0.818254 0.115116 3 3 0
1.62209 0.818601 0.115076 3 3 0
1.61269 0.818948 0.115036 3 3 0
1.6033 0.819208 0.114987 3 3 0
1.59391 0.819556 0.114947 3 3 0
1.58452 0.819905 0.114907 3 3 0
1.57514 0.820318 0.114957 3 3 0
1.56575 0.820666 0.11492 3 3 0
1.55636 0.821015 0.114883 3 3 0
1.54698 0.821394 0.114768 3 3 0
1.5376 0.821743 0.114729 3 3 0
1.52822 0.822093 0.114691 3 3 0
1.51884 0.822418 0.114637 3 3 0
1.50946 0.822769 0.114599 3 3 0
1.50008 0.823119 0.11456 3 3 0
1.4907 0.823367 0.114489 3 3 0
1.48133 0.823718 0.114449 3 3 0
1.47196 0.824071 0.11441 3 3 0
1.46258 0.824425 0.11442 3 3 0
1.45321 0.824777 0.114383 3 3 0
1.44384 0.82513 0.114345 3 3 0
1.43447 0.825573 0.114324 3 3 0
1.42511 0.825926 0.114288 3 3 0
1.41574 0.826279 0.114251 3 3 0
1.40638 0.826565 0.114126 3 3 0
1.39702 0.826919 0.114087 3 3 0
1.38765 0.827274 0.114048 3 3 0
1.3783 0.827494 0.114004 3 3 0
1.36894 0.82785 0.113966 3 3 0
1.35958 0.828206 0.113927 3 3 0
1.35022 0.828692 0.114018 3 3 0
1.34087 0.829049 0.113972 3 3 0
1.33152 0.829405 0.113925 3 3 0
1.32216 0.829844 0.113859 3 3 0
1.31281 0.8302 0.113823 3 3 0
1.30347 0.830557 0.113787 3 3 0
1.29412 0.830834 0.113652 3 3 0
1.28477 0.831192 0.113615 3 3 0
1.27543 0.83155 0.113577 3 3 0
1.26609 0.831814 0.113539 3 3 0
1.25674 0.832174 0.113501 3 3 0
1.2474 0.832534 0.113464 3 3 0
1.23806 0.832906 0.113436 3 3 0
1.22873 0.833266 0.1134 3 3 0
1.21939 0.833627 0.113363 3 3 0
1.21006 0.83409 0.113404 3 3 0
1.20072 0.834451 0.113359 3 3 0
1.19139 0.834812 0.113314 3 3 0
1.18206 0.835129 0.11319 3 3 0
1.17273 0.835491 0.113153 3 3 0
1.16341 0.835853 0.113116 3 3 0
1.15408 0.836069 0.11305 3 3 0
1.14476 0.836433 0.113013 3 3 0
1.13543 0.836797 0.112976 3 3 0
1.12611 0.837234 0.113038 3 3 0
1.11679 0.837598 0.113004 3 3 0
1.10747 0.837963 0.112969 3 3 0
1.09816 0.838451 0.112915 3 3 0
1.08884 0.838815 0.112871 3 3 0
1.07953 0.83918 0.112826 3 3 0
1.07022 0.839484 0.112725 3 3 0
1.06091 0.83985 0.112688 3 3 0
1.0516 0.840216 0.112653 3 3 0
1.04229 0.84047 0.112598 3 3 0
1.03298 0.840838 0.112561 3 3 0
1.02368 0.841206 0.112525 3 3 0
1.01437 0.841608 0.112537 3 3 0
1.00507 0.841976 0.112502 3 3 0
0.995773 0.842345 0.112467 3 3 0
0.986475 0.842808 0.11245 3 3 0
0.977178 0.843176 0.112406 3 3 0
0.967882 0.843545 0.112362 3 3 0
0.958589 0.843869 0.112273 3 3 0
0.949297 0.844239 0.112238 3 3 0
0.940006 0.844609 0.112203 3 3 0
0.930717 0.844848 0.112128 3 3 0
0.921429 0.845219 0.112092 3 3 0
0.912144 0.845591 0.112056 3 3 0
0.902859 0.846037 0.112123 3 3 0
0.893577 0.846409 0.112078 3 3 0
0.884296 0.846782 0.112034 3 3 0
0.875016 0.847251 0.111982 3 3 0
0.865738 0.847623 0.111938 3 3 0
0.856462 0.847996 0.111895 3 3 0
0.847188 0.848317 0.111821 3 3 0
0.837915 0.84869 0.111786 3 3 0
0.828643 0.849065 0.111752 3 3 0
0.819374 0.84931 0.111675 3 3 0
0.810106 0.849685 0.11164 3 3 0
0.800839 0.850061 0.111605 3 3 0
0.791575 0.850496 0.111668 3 3 0
0.782312 0.850873 0.111627 3 3 0
0.77305 0.851249 0.111583 3 3 0
0.76379 0.851729 0.111495 3 3 0
0.754532 0.852105 0.111453 3 3 0
0.745276 0.852482 0.111411 3 3 0
0.736021 0.852814 0.111381 3 3 0
0.726768 0.853192 0.111347 3 3 0
0.717517 0.85357 0.111314 3 3 0
0.708267 0.853765 0.111209 3 3 0
0.699019 0.854145 0.111174 3 3 0
0.689773 0.854526 0.111139 3 3 0
0.680529 0.855028 0.111134 3 3 0
0.671286 0.855408 0.111093 3 3 0
0.662045 0.855789 0.111052 3 3 0
0.652806 0.856271 0.111029 3 3 0
0.643568 0.856652 0.110988 3 3 0
0.634332 0.857032 0.110946 3 3 0
0.625098 0.857353 0.110935 3 3 0
0.615866 0.857735 0.110901 3 3 0
0.606636 0.858118 0.110868 3 3 0
0.597407 0.858362 0.110779 3 3 0
0.58818 0.858746 0.110745 3 3 0
0.578954 0.85913 0.110711 3 3 0
0.569731 0.859534 0.110722 3 3 0
0.560509 0.859919 0.11069 3 3 0
0.551289 0.860304 0.110657 3 3 0
0.542071 0.86085 0.110521 3 3 0
0.532855 0.861235 0.110483 3 3 0
0.523641 0.86162 0.110444 3 3 0
0.514428 0.861975 0.11054 3 3 0
0.505217 0.862361 0.1105 3 3 0
0.496008 0.862747 0.110457 3 3 0
0.486801 0.86304 0.110368 3 3 0
0.477595 0.863427 0.110335 3 3 0
0.468392 0.863816 0.110302 3 3 0
0.45919 0.864205 0.110279 3 3 0
0.44999 0.864594 0.110246 3 3 0
0.440793 0.864983 0.110214 3 3 0
0.431596 0.865433 0.110163 3 3 0
0.422402 0.865823 0.110122 3 3 0
0.41321 0.866212 0.110081 3 3 0
0.404019 0.866602 0.110091 3 3 0
0.394831 0.866992 0.110059 3 3 0
0.385644 0.867383 0.110026 3 3 0
0.376459 0.867707 0.109934 3 3 0
0.367276 0.868099 0.109901 3 3 0
0.358095 0.868492 0.109869 3 3 0
0.348916 0.868903 0.10988 3 3 0
0.339739 0.869296 0.109844 3 3 0
0.330564 0.869689 0.109803 3 3 0
0.321391 0.87008 0.109739 3 3 0
0.312219 0.870474 0.109707 3 3 0
0.30305 0.870869 0.109676 3 3 0
0.293883 0.871276 0.109656 3 3 0
0.284717 0.871671 0.109624 3 3 0
0.275554 0.872066 0.109593 3 3 0
0.266392 0.87245 0.109525 3 3 0
0.257233 0.872846 0.109493 3 3 0
0.248075 0.873243 0.109462 3 3 0
0.238919 0.873655 0.109444 3 3 0
0.229766 0.874052 0.109403 3 3 0
0.220614 0.874449 0.109362 3 3 0
0.211465 0.874837 0.109318 3 3 0
0.202317 0.875235 0.109287 3 3 0
0.193172 0.875634 0.109256 3 3 0
0.184028 0.876036 0.109224 3 3 0
0.174887 0.876436 0.109193 3 3 0
0.165747 0.876835 0.109163 3 3 0
0.15661 0.877236 0.109115 3 3 0
0.147474 0.877637 0.109085 3 3 0
0.138341 0.878037 0.109054 3 3 0
0.12921 0.878448 0.109016 3 3 0
0.120081 0.878849 0.108975 3 3 0
0.110954 0.87925 0.108935 3 3 0
0.101829 0.87966 0.108903 3 3 0
0.0927058 0.880062 0.108863 3 3 0
0.083585 0.880465 0.108822 3 3 0
0.0744663 0.880874 0.10879 3 3 0
0.0653498 0.881277 0.10875 3 3 0
0.0562353 0.88168 0.10871 3 3 0
0.047123 0.882089 0.108679 3 3 0
0.0380127 0.882493 0.108639 3 3 0
0.0289047 0.882897 0.1086 3 3 0
0.0197988 0.883305 0.108569 3 3 0
0.010695 0.883711 0.10853 3 3 0
0.00159337 0.884116 0.10849 3 3 0
-0.00750608 0.884525 0.10846 3 3 0
