1.8 0.380958 0.380958 2 1 0
1.79664 0.380789 0.380789 1 1 0
1.79329 0.380619 0.380619 1 1 0
1.78994 0.38045 0.38045 1 1 0
1.7866 0.38028 0.38028 1 1 0
1.78326 0.38011 0.38011 1 1 0
1.77993 0.37994 0.37994 1 1 0
1.7766 0.37977 0.37977 1 1 0
1.77327 0.3796 0.3796 1 1 0
1.76996 0.379429 0.379429 1 1 0
1.76664 0.379259 0.379259 1 1 0
1.76333 0.379088 0.379088 1 1 0
1.76003 0.378918 0.378918 1 1 0
1.75673 0.378747 0.378747 1 1 0
1.75344 0.378576 0.378576 1 1 0
1.75015 0.378405 0.378405 1 1 0
1.74687 0.378234 0.378234 1 1 0
1.74359 0.378063 0.378063 1 1 0
1.74032 0.377891 0.377891 1 1 0
1.73705 0.37772 0.37772 1 1 0
1.73379 0.377548 0.377548 1 1 0
1.73053 0.377376 0.377376 1 1 0
1.72727 0.377204 0.377204 1 1 0
1.72403 0.377032 0.377032 1 1 0
1.72078 0.37686 0.37686 1 1 0
1.71754 0.376688 0.376688 1 1 0
1.71431 0.376516 0.376516 1 1 0
1.71108 0.376343 0.376343 1 1 0
1.70786 0.376171 0.376171 1 1 0
1.70464 0.375998 0.375998 1 1 0
1.70143 0.375826 0.375826 1 1 0
1.69822 0.375653 0.375653 1 1 0
1.69501 0.37548 0.37548 1 1 0
1.69182 0.375306 0.375306 1 1 0
1.68862 0.375133 0.375133 1 1 0
1.68543 0.37496 0.37496 1 1 0
1.68225 0.374786 0.374786 1 1 0
1.67907 0.374613 0.374613 1 1 0
1.6759 0.374439 0.374439 1 1 0
1.67273 0.374265 0.374265 1 1 0
1.66956 0.374091 0.374091 1 1 0
1.6664 0.373917 0.373917 1 1 0
1.66325 0.373743 0.373743 1 1 0
1.6601 0.373569 0.373569 1 1 0
1.65695 0.373394 0.373394 1 1 0
1.65381 0.37322 0.37322 1 1 0
1.65068 0.373045 0.373045 1 1 0
1.64755 0.37287 0.37287 1 1 0
1.64442 0.372696 0.372696 1 1 0
1.6413 0.372521 0.372521 1 1 0
1.63818 0.372345 0.372345 1 1 0
1.63507 0.37217 0.37217 1 1 0
1.63197 0.371995 0.371995 1 1 0
1.62999 0.371883 0.371883 2 1 0
1.62689 0.371707 0.371707 2 1 0
1.62379 0.371531 0.371531 2 1 0
1.6207 0.371356 0.371356 2 1 0
1.61762 0.37118 0.37118 2 1 0
1.61454 0.371004 0.371004 2 1 0
1.61147 0.370828 0.370828 2 1 0
1.6084 0.370651 0.370651 2 1 0
1.60534 0.370475 0.370475 2 1 0
1.60228 0.370298 0.370298 2 1 0
1.59922 0.370122 0.370122 2 1 0
1.59617 0.369945 0.369945 2 1 0
1.59313 0.369768 0.369768 2 1 0
1.59009 0.369591 0.369591 2 1 0
1.58705 0.369414 0.369414 2 1 0
1.58402 0.369237 0.369237 2 1 0
1.58099 0.36906 0.36906 2 1 0
1.57797 0.368882 0.368882 2 1 0
1.57496 0.368705 0.368705 2 1 0
1.57195 0.368527 0.368527 2 1 0
1.56894 0.368349 0.368349 2 1 0
1.56594 0.368171 0.368171 2 1 0
1.56294 0.367993 0.367993 2 1 0
1.55995 0.367815 0.367815 2 1 0
1.55696 0.367637 0.367637 2 1 0
1.55398 0.367458 0.367458 2 1 0
1.551 0.36728 0.36728 2 1 0
1.54802 0.367101 0.367101 2 1 0
1.54506 0.366922 0.366922 2 1 0
1.54209 0.366743 0.366743 2 1 0
1.53913 0.366564 0.366564 2 1 0
1.53618 0.366385 0.366385 2 1 0
1.53323 0.366206 0.366206 2 1 0
1.53028 0.366027 0.366027 2 1 0
1.52734 0.365847 0.365847 2 1 0
1.52441 0.365668 0.365668 2 1 0
1.52147 0.365488 0.365488 2 1 0
1.51855 0.365308 0.365308 2 1 0
1.51563 0.365128 0.365128 2 1 0
1.51271 0.364948 0.364948 2 1 0
1.5098 0.364768 0.364768 2 1 0
1.50689 0.364587 0.364587 2 1 0
1.50399 0.364407 0.364407 2 1 0
1.50109 0.364226 0.364226 2 1 0
1.49819 0.364046 0.364046 2 1 0
1.4953 0.363865 0.363865 2 1 0
1.49242 0.363684 0.363684 2 1 0
1.48954 0.363503 0.363503 2 1 0
1.48667 0.363322 0.363322 2 1 0
1.4838 0.36314 0.36314 2 1 0
1.48093 0.362959 0.362959 2 1 0
1.47807 0.362777 0.362777 2 1 0
1.47521 0.362596 0.362596 2 1 0
1.47236 0.362414 0.362414 2 1 0
1.46951 0.362232 0.362232 2 1 0
1.46667 0.36205 0.36205 2 1 0
1.46383 0.361868 0.361868 2 1 0
1.461 0.361685 0.361685 2 1 0
1.45817 0.361503 0.361503 2 1 0
1.45534 0.36132 0.36132 2 1 0
1.45252 0.361138 0.361138 2 1 0
1.44971 0.360955 0.360955 2 1 0
1.4469 0.360772 0.360772 2 1 0
1.44409 0.360589 0.360589 2 1 0
1.44129 0.360406 0.360406 2 1 0
1.43849 0.360223 0.360223 2 1 0
1.4357 0.360039 0.360039 2 1 0
1.43291 0.359856 0.359856 2 1 0
1.43013 0.359672 0.359672 2 1 0
1.42735 0.359488 0.359488 2 1 0
1.42458 0.359304 0.359304 2 1 0
1.42181 0.35912 0.35912 2 1 0
1.41904 0.358936 0.358936 2 1 0
1.41628 0.358752 0.358752 2 1 0
1.41353 0.358567 0.358567 2 1 0
1.41077 0.358383 0.358383 2 1 0
1.40803 0.358198 0.358198 2 1 0
1.40529 0.358014 0.358014 2 1 0
1.40255 0.357829 0.357829 2 1 0
1.39981 0.357644 0.357644 2 1 0
1.39708 0.357459 0.357459 2 1 0
1.39436 0.357273 0.357273 2 1 0
1.39164 0.357088 0.357088 2 1 0
1.38892 0.356902 0.356902 2 1 0
1.38621 0.356717 0.356717 2 1 0
1.38351 0.356531 0.356531 2 1 0
1.3808 0.356345 0.356345 2 1 0
1.37811 0.356159 0.356159 2 1 0
1.37541 0.355973 0.355973 2 1 0
1.37272 0.355787 0.355787 2 1 0
1.37004 0.3556 0.3556 2 1 0
1.36736 0.355414 0.355414 2 1 0
1.36468 0.355227 0.355227 2 1 0
1.36201 0.35504 0.35504 2 1 0
1.35935 0.354853 0.354853 2 1 0
1.35668 0.354666 0.354666 2 1 0
1.35403 0.354479 0.354479 2 1 0
1.35137 0.354292 0.354292 2 1 0
1.34872 0.354105 0.354105 2 1 0
1.34608 0.353917 0.353917 2 1 0
1.34344 0.353729 0.353729 2 1 0
1.3408 0.353542 0.353542 2 1 0
1.33817 0.353354 0.353354 2 1 0
1.33554 0.353166 0.353166 2 1 0
1.33292 0.352978 0.352978 2 1 0
1.3303 0.352789 0.352789 2 1 0
1.32769 0.352601 0.352601 2 1 0
1.32508 0.352412 0.352412 2 1 0
1.32247 0.352224 0.352224 2 1 0
1.31987 0.352035 0.352035 2 1 0
1.31728 0.351846 0.351846 2 1 0
1.31468 0.351657 0.351657 2 1 0
1.3121 0.351468 0.351468 2 1 0
1.30951 0.351278 0.351278 2 1 0
1.30693 0.351089 0.351089 2 1 0
1.30436 0.350899 0.350899 2 1 0
1.30179 0.35071 0.35071 2 1 0
1.29922 0.35052 0.35052 2 1 0
1.29666 0.35033 0.35033 2 1 0
1.2941 0.35014 0.35014 2 1 0
1.29155 0.34995 0.34995 2 1 0
1.289 0.349759 0.349759 2 1 0
1.28645 0.349569 0.349569 2 1 0
1.28391 0.349378 0.349378 2 1 0
1.28138 0.349188 0.349188 2 1 0
1.27885 0.348997 0.348997 2 1 0
1.27632 0.348806 0.348806 2 1 0
1.27379 0.348615 0.348615 2 1 0
1.27127 0.348424 0.348424 2 1 0
1.26876 0.348232 0.348232 2 1 0
1.26625 0.348041 0.348041 2 1 0
1.26374 0.347849 0.347849 2 1 0
1.26124 0.347657 0.347657 2 1 0
1.25874 0.347465 0.347465 2 1 0
1.25625 0.347273 0.347273 2 1 0
1.25376 0.347081 0.347081 2 1 0
1.25127 0.346889 0.346889 2 1 0
1.24879 0.346697 0.346697 2 1 0
1.24631 0.346504 0.346504 2 1 0
1.24384 0.346312 0.346312 2 1 0
1.24137 0.346119 0.346119 2 1 0
1.23891 0.345926 0.345926 2 1 0
1.23645 0.345733 0.345733 2 1 0
1.23399 0.34554 0.34554 2 1 0
1.23154 0.345346 0.345346 2 1 0
1.22909 0.345153 0.345153 2 1 0
1.22665 0.344959 0.344959 2 1 0
1.22421 0.344766 0.344766 2 1 0
1.22177 0.344572 0.344572 2 1 0
1.21934 0.344378 0.344378 2 1 0
1.21692 0.344184 0.344184 2 1 0
1.21449 0.343989 0.343989 2 1 0
1.21207 0.343795 0.343795 2 1 0
1.20966 0.343601 0.343601 2 1 0
1.20725 0.343406 0.343406 2 1 0
1.20484 0.343211 0.343211 2 1 0
1.20244 0.343016 0.343016 2 1 0
1.20004 0.342821 0.342821 2 1 0
1.19765 0.342626 0.342626 2 1 0
1.19526 0.342431 0.342431 2 1 0
1.19287 0.342235 0.342235 2 1 0
1.19049 0.34204 0.34204 2 1 0
1.18811 0.341844 0.341844 2 1 0
1.18574 0.341648 0.341648 2 1 0
1.18337 0.341452 0.341452 2 1 0
1.181 0.341256 0.341256 2 1 0
1.17864 0.34106 0.34106 2 1 0
1.17628 0.340864 0.340864 2 1 0
1.17393 0.340667 0.340667 2 1 0
1.17158 0.340471 0.340471 2 1 0
1.16923 0.340274 0.340274 2 1 0
1.16689 0.340077 0.340077 2 1 0
1.16456 0.33988 0.33988 2 1 0
1.16222 0.339683 0.339683 2 1 0
1.15989 0.339486 0.339486 2 1 0
1.15757 0.339288 0.339288 2 1 0
1.15525 0.339091 0.339091 2 1 0
1.15293 0.338893 0.338893 2 1 0
1.15062 0.338695 0.338695 2 1 0
1.14831 0.338497 0.338497 2 1 0
1.146 0.338299 0.338299 2 1 0
1.1437 0.338101 0.338101 2 1 0
1.1414 0.337902 0.337902 2 1 0
1.13911 0.337704 0.337704 2 1 0
1.13682 0.337505 0.337505 2 1 0
1.13453 0.337307 0.337307 2 1 0
1.13225 0.337108 0.337108 2 1 0
1.12997 0.336909 0.336909 2 1 0
1.1277 0.336709 0.336709 2 1 0
1.12543 0.33651 0.33651 2 1 0
1.12316 0.336311 0.336311 2 1 0
1.1209 0.336111 0.336111 2 1 0
1.11864 0.335911 0.335911 2 1 0
1.11639 0.335712 0.335712 2 1 0
1.11414 0.335512 0.335512 2 1 0
1.11189 0.335311 0.335311 2 1 0
1.10965 0.335111 0.335111 2 1 0
1.10741 0.334911 0.334911 2 1 0
1.10518 0.33471 0.33471 2 1 0
1.10295 0.33451 0.33451 2 1 0
1.10072 0.334309 0.334309 2 1 0
1.0985 0.334108 0.334108 2 1 0
1.09628 0.333907 0.333907 2 1 0
1.09406 0.333705 0.333705 2 1 0
1.09185 0.333504 0.333504 2 1 0
1.08964 0.333303 0.333303 2 1 0
1.08744 0.333101 0.333101 2 1 0
1.08524 0.332899 0.332899 2 1 0
1.08304 0.332697 0.332697 2 1 0
1.08085 0.332495 0.332495 2 1 0
1.07866 0.332293 0.332293 2 1 0
1.07648 0.332091 0.332091 2 1 0
1.07429 0.331888 0.331888 2 1 0
1.07212 0.331686 0.331686 2 1 0
1.06994 0.331483 0.331483 2 1 0
1.06777 0.33128 0.33128 2 1 0
1.06561 0.331077 0.331077 2 1 0
1.06345 0.330874 0.330874 2 1 0
1.06129 0.330671 0.330671 2 1 0
1.05913 0.330467 0.330467 2 1 0
1.05698 0.330263 0.330263 2 1 0
1.05484 0.33006 0.33006 2 1 0
1.05269 0.329856 0.329856 2 1 0
1.05055 0.329652 0.329652 2 1 0
1.04842 0.329448 0.329448 2 1 0
1.04628 0.329243 0.329243 2 1 0
1.04416 0.329039 0.329039 2 1 0
1.04203 0.328834 0.328834 2 1 0
1.03991 0.32863 0.32863 2 1 0
1.03779 0.328425 0.328425 2 1 0
1.03568 0.32822 0.32822 2 1 0
1.03357 0.328015 0.328015 2 1 0
1.03146 0.32781 0.32781 2 1 0
1.02936 0.327604 0.327604 2 1 0
1.02726 0.327399 0.327399 2 1 0
1.02517 0.327193 0.327193 2 1 0
1.02308 0.326987 0.326987 2 1 0
1.02099 0.326781 0.326781 2 1 0
1.0189 0.326575 0.326575 2 1 0
1.01682 0.326369 0.326369 2 1 0
1.01475 0.326162 0.326162 2 1 0
1.01267 0.325956 0.325956 2 1 0
1.0106 0.325749 0.325749 2 1 0
1.00854 0.325542 0.325542 2 1 0
1.00648 0.325335 0.325335 2 1 0
1.00442 0.325128 0.325128 2 1 0
1.00236 0.324921 0.324921 2 1 0
1.00031 0.324714 0.324714 2 1 0
0.998264 0.324506 0.324506 2 1 0
0.99622 0.324298 0.324298 2 1 0
0.994179 0.32409 0.32409 2 1 0
0.992142 0.323882 0.323882 2 1 0
0.990109 0.323674 0.323674 2 1 0
0.988079 0.323466 0.323466 2 1 0
0.986053 0.323258 0.323258 2 1 0
0.98403 0.323049 0.323049 2 1 0
0.982011 0.32284 0.32284 2 1 0
0.979995 0.322632 0.322632 2 1 0
0.977983 0.322423 0.322423 2 1 0
0.975975 0.322213 0.322213 2 1 0
0.97397 0.322004 0.322004 2 1 0
0.971968 0.321795 0.321795 2 1 0
0.969971 0.321585 0.321585 2 1 0
0.967976 0.321375 0.321375 2 1 0
0.965985 0.321166 0.321166 2 1 0
0.963998 0.320956 0.320956 2 1 0
0.962014 0.320745 0.320745 2 1 0
0.960034 0.320535 0.320535 2 1 0
0.958057 0.320325 0.320325 2 1 0
0.956084 0.320114 0.320114 2 1 0
0.954114 0.319903 0.319903 2 1 0
0.952147 0.319692 0.319692 2 1 0
0.950184 0.319481 0.319481 2 1 0
0.948225 0.31927 0.31927 2 1 0
0.946269 0.319059 0.319059 2 1 0
0.944316 0.318847 0.318847 2 1 0
0.942367 0.318636 0.318636 2 1 0
0.940422 0.318424 0.318424 2 1 0
0.938479 0.318212 0.318212 2 1 0
0.936541 0.318 0.318 2 1 0
0.934605 0.317788 0.317788 2 1 0
0.932673 0.317576 0.317576 2 1 0
0.930745 0.317363 0.317363 2 1 0
0.92882 0.31715 0.31715 2 1 0
0.926898 0.316938 0.316938 2 1 0
0.92498 0.316725 0.316725 2 1 0
0.923065 0.316512 0.316512 2 1 0
0.921153 0.316298 0.316298 2 1 0
0.919245 0.316085 0.316085 2 1 0
0.91734 0.315871 0.315871 2 1 0
0.915439 0.315658 0.315658 2 1 0
0.913541 0.315444 0.315444 2 1 0
0.911646 0.31523 0.31523 2 1 0
0.909755 0.315016 0.315016 2 1 0
0.907867 0.314801 0.314801 2 1 0
0.905982 0.314587 0.314587 2 1 0
0.904101 0.314372 0.314372 2 1 0
0.902223 0.314158 0.314158 2 1 0
0.900349 0.313943 0.313943 2 1 0
0.898477 0.313728 0.313728 2 1 0
0.896609 0.313512 0.313512 2 1 0
0.894745 0.313297 0.313297 2 1 0
0.892883 0.313082 0.313082 2 1 0
0.891025 0.312866 0.312866 2 1 0
0.88917 0.31265 0.31265 2 1 0
0.887319 0.312434 0.312434 2 1 0
0.885471 0.312218 0.312218 2 1 0
0.883626 0.312002 0.312002 2 1 0
0.881784 0.311785 0.311785 2 1 0
0.879946 0.311569 0.311569 2 1 0
0.878111 0.311352 0.311352 2 1 0
0.876279 0.311135 0.311135 2 1 0
0.87445 0.310918 0.310918 2 1 0
0.872625 0.310701 0.310701 2 1 0
0.870802 0.310484 0.310484 2 1 0
0.868984 0.310266 0.310266 2 1 0
0.867168 0.310049 0.310049 2 1 0
0.865355 0.309831 0.309831 2 1 0
0.863546 0.309613 0.309613 2 1 0
0.86174 0.309395 0.309395 2 1 0
0.859937 0.309176 0.309176 2 1 0
0.858138 0.308958 0.308958 2 1 0
0.856341 0.308739 0.308739 2 1 0
0.854548 0.308521 0.308521 2 1 0
0.852758 0.308302 0.308302 2 1 0
0.850971 0.308083 0.308083 2 1 0
0.849187 0.307864 0.307864 2 1 0
0.847407 0.307644 0.307644 2 1 0
0.845629 0.307425 0.307425 2 1 0
0.843855 0.307205 0.307205 2 1 0
0.842084 0.306985 0.306985 2 1 0
0.840316 0.306765 0.306765 2 1 0
0.838551 0.306545 0.306545 2 1 0
0.836789 0.306325 0.306325 2 1 0
0.835031 0.306105 0.306105 2 1 0
0.833275 0.305884 0.305884 2 1 0
0.831523 0.305663 0.305663 2 1 0
0.829774 0.305442 0.305442 2 1 0
0.828027 0.305221 0.305221 2 1 0
0.826284 0.305 0.305 2 1 0
0.824545 0.304779 0.304779 2 1 0
0.822808 0.304557 0.304557 2 1 0
0.821074 0.304335 0.304335 2 1 0
0.819343 0.304114 0.304114 2 1 0
0.817616 0.303892 0.303892 2 1 0
0.815891 0.303669 0.303669 2 1 0
0.81417 0.303447 0.303447 2 1 0
0.812451 0.303225 0.303225 2 1 0
0.810736 0.303002 0.303002 2 1 0
0.809023 0.302779 0.302779 2 1 0
0.807314 0.302556 0.302556 2 1 0
0.805608 0.302333 0.302333 2 1 0
0.803905 0.30211 0.30211 2 1 0
0.802204 0.301886 0.301886 2 1 0
0.800507 0.301663 0.301663 2 1 0
0.798813 0.301439 0.301439 2 1 0
0.797122 0.301215 0.301215 2 1 0
0.795434 0.300991 0.300991 2 1 0
0.793748 0.300767 0.300767 2 1 0
0.792066 0.300542 0.300542 2 1 0
0.790387 0.300318 0.300318 2 1 0
0.788711 0.300093 0.300093 2 1 0
0.787037 0.299868 0.299868 2 1 0
0.785367 0.299643 0.299643 2 1 0
0.7837 0.299418 0.299418 2 1 0
0.782035 0.299192 0.299192 2 1 0
0.780374 0.298967 0.298967 2 1 0
0.778715 0.298741 0.298741 2 1 0
0.77706 0.298515 0.298515 2 1 0
0.775407 0.298289 0.298289 2 1 0
0.773757 0.298063 0.298063 2 1 0
0.772111 0.297837 0.297837 2 1 0
0.770467 0.29761 0.29761 2 1 0
0.768826 0.297384 0.297384 2 1 0
0.767188 0.297157 0.297157 2 1 0
0.765553 0.29693 0.29693 2 1 0
0.76392 0.296703 0.296703 2 1 0
0.762291 0.296475 0.296475 2 1 0
0.760665 0.296248 0.296248 2 1 0
0.759041 0.29602 0.29602 2 1 0
0.75742 0.295792 0.295792 2 1 0
0.755802 0.295564 0.295564 2 1 0
0.754187 0.295336 0.295336 2 1 0
0.752575 0.295108 0.295108 2 1 0
0.750966 0.294879 0.294879 2 1 0
0.749359 0.294651 0.294651 2 1 0
0.747756 0.294422 0.294422 2 1 0
0.746155 0.294193 0.294193 2 1 0
0.744557 0.293964 0.293964 2 1 0
0.742962 0.293734 0.293734 2 1 0
0.74137 0.293505 0.293505 2 1 0
0.73978 0.293275 0.293275 2 1 0
0.738194 0.293045 0.293045 2 1 0
0.73661 0.292815 0.292815 2 1 0
0.735029 0.292585 0.292585 2 1 0
0.73345 0.292355 0.292355 2 1 0
0.731875 0.292124 0.292124 2 1 0
0.730302 0.291894 0.291894 2 1 0
0.728732 0.291663 0.291663 2 1 0
0.727165 0.291432 0.291432 2 1 0
0.7256 0.2912 0.2912 2 1 0
0.724039 0.290969 0.290969 2 1 0
0.72248 0.290738 0.290738 2 1 0
0.720924 0.290506 0.290506 2 1 0
0.71937 0.290274 0.290274 2 1 0
0.71782 0.290042 0.290042 2 1 0
0.716272 0.28981 0.28981 2 1 0
0.714727 0.289577 0.289577 2 1 0
0.713184 0.289345 0.289345 2 1 0
0.711644 0.289112 0.289112 2 1 0
0.710107 0.288879 0.288879 2 1 0
0.708573 0.288646 0.288646 2 1 0
0.707041 0.288413 0.288413 2 1 0
0.705512 0.28818 0.28818 2 1 0
0.703986 0.287946 0.287946 2 1 0
0.702462 0.287712 0.287712 2 1 0
0.700941 0.287478 0.287478 2 1 0
0.699423 0.287244 0.287244 2 1 0
0.697907 0.28701 0.28701 2 1 0
0.696395 0.286776 0.286776 2 1 0
0.694884 0.286541 0.286541 2 1 0
0.693377 0.286306 0.286306 2 1 0
0.691872 0.286071 0.286071 2 1 0
0.690369 0.285836 0.285836 2 1 0
0.68887 0.285601 0.285601 2 1 0
0.687373 0.285365 0.285365 2 1 0
0.685878 0.28513 0.28513 2 1 0
0.684386 0.284894 0.284894 2 1 0
0.682897 0.284658 0.284658 2 1 0
0.68141 0.284422 0.284422 2 1 0
0.679926 0.284185 0.284185 2 1 0
0.678445 0.283949 0.283949 2 1 0
0.676966 0.283712 0.283712 2 1 0
0.67549 0.283475 0.283475 2 1 0
0.674016 0.283238 0.283238 2 1 0
0.672545 0.283001 0.283001 2 1 0
0.671077 0.282764 0.282764 2 1 0
0.669611 0.282526 0.282526 2 1 0
0.668147 0.282288 0.282288 2 1 0
0.666687 0.28205 0.28205 2 1 0
0.665228 0.281812 0.281812 2 1 0
0.663773 0.281574 0.281574 2 1 0
0.662319 0.281335 0.281335 2 1 0
0.660869 0.281097 0.281097 2 1 0
0.659421 0.280858 0.280858 2 1 0
0.657975 0.280619 0.280619 2 1 0
0.656532 0.28038 0.28038 2 1 0
0.655091 0.28014 0.28014 2 1 0
0.653653 0.279901 0.279901 2 1 0
0.652218 0.279661 0.279661 2 1 0
0.650785 0.279421 0.279421 2 1 0
0.649354 0.279181 0.279181 2 1 0
0.647926 0.278941 0.278941 2 1 0
0.6465 0.2787 0.2787 2 1 0
0.645077 0.27846 0.27846 2 1 0
0.643657 0.278219 0.278219 2 1 0
0.642238 0.277978 0.277978 2 1 0
0.640823 0.277737 0.277737 2 1 0
0.639409 0.277495 0.277495 2 1 0
0.637999 0.277254 0.277254 2 1 0
0.63659 0.277012 0.277012 2 1 0
0.635184 0.27677 0.27677 2 1 0
0.633781 0.276528 0.276528 2 1 0
0.63238 0.276286 0.276286 2 1 0
0.630981 0.276043 0.276043 2 1 0
0.629585 0.275801 0.275801 2 1 0
0.628191 0.275558 0.275558 2 1 0
0.626799 0.275315 0.275315 2 1 0
0.62541 0.275072 0.275072 2 1 0
0.624024 0.274828 0.274828 2 1 0
0.62264 0.274585 0.274585 2 1 0
0.621258 0.274341 0.274341 2 1 0
0.619878 0.274097 0.274097 2 1 0
0.618501 0.273853 0.273853 2 1 0
0.617126 0.273609 0.273609 2 1 0
0.615754 0.273364 0.273364 2 1 0
0.614384 0.273119 0.273119 2 1 0
0.613016 0.272875 0.272875 2 1 0
0.611651 0.272629 0.272629 2 1 0
0.610288 0.272384 0.272384 2 1 0
0.608928 0.272139 0.272139 2 1 0
0.607569 0.271893 0.271893 2 1 0
0.606213 0.271647 0.271647 2 1 0
0.60486 0.271401 0.271401 2 1 0
0.603508 0.271155 0.271155 2 1 0
0.602159 0.270909 0.270909 2 1 0
0.600813 0.270662 0.270662 2 1 0
0.599468 0.270415 0.270415 2 1 0
0.598126 0.270169 0.270169 2 1 0
0.596786 0.269921 0.269921 2 1 0
0.595449 0.269674 0.269674 2 1 0
0.594114 0.269427 0.269427 2 1 0
0.592781 0.269179 0.269179 2 1 0
0.59145 0.268931 0.268931 2 1 0
0.590122 0.268683 0.268683 2 1 0
0.588796 0.268435 0.268435 2 1 0
0.587472 0.268186 0.268186 2 1 0
0.58615 0.267937 0.267937 2 1 0
0.584831 0.267689 0.267689 2 1 0
0.583514 0.26744 0.26744 2 1 0
0.582199 0.26719 0.26719 2 1 0
0.580886 0.266941 0.266941 2 1 0
0.579576 0.266691 0.266691 2 1 0
0.578267 0.266441 0.266441 2 1 0
0.576961 0.266191 0.266191 2 1 0
0.575658 0.265941 0.265941 2 1 0
0.574356 0.265691 0.265691 2 1 0
0.573057 0.26544 0.26544 2 1 0
0.57176 0.265189 0.265189 2 1 0
0.570465 0.264938 0.264938 2 1 0
0.569172 0.264687 0.264687 2 1 0
0.567881 0.264436 0.264436 2 1 0
0.566593 0.264184 0.264184 2 1 0
0.565306 0.263932 0.263932 2 1 0
0.564022 0.263681 0.263681 2 1 0
0.56274 0.263428 0.263428 2 1 0
0.561461 0.263176 0.263176 2 1 0
0.560183 0.262923 0.262923 2 1 0
0.558907 0.262671 0.262671 2 1 0
0.557634 0.262418 0.262418 2 1 0
0.556363 0.262165 0.262165 2 1 0
0.555094 0.261911 0.261911 2 1 0
0.553827 0.261658 0.261658 2 1 0
0.552562 0.261404 0.261404 2 1 0
0.551299 0.26115 0.26115 2 1 0
0.550039 0.260896 0.260896 2 1 0
0.54878 0.260641 0.260641 2 1 0
0.547524 0.260387 0.260387 2 1 0
0.546269 0.260132 0.260132 2 1 0
0.545017 0.259877 0.259877 2 1 0
0.543767 0.259622 0.259622 2 1 0
0.542519 0.259367 0.259367 2 1 0
0.541273 0.259111 0.259111 2 1 0
0.540029 0.258855 0.258855 2 1 0
0.538787 0.258599 0.258599 2 1 0
0.537548 0.258343 0.258343 2 1 0
0.53631 0.258087 0.258087 2 1 0
0.535074 0.25783 0.25783 2 1 0
0.533841 0.257573 0.257573 2 1 0
0.532609 0.257316 0.257316 2 1 0
0.531379 0.257059 0.257059 2 1 0
0.530152 0.256802 0.256802 2 1 0
0.528926 0.256544 0.256544 2 1 0
0.527703 0.256286 0.256286 2 1 0
0.526482 0.256028 0.256028 2 1 0
0.525262 0.25577 0.25577 2 1 0
0.524045 0.255512 0.255512 2 1 0
0.522829 0.255253 0.255253 2 1 0
0.521616 0.254994 0.254994 2 1 0
0.520404 0.254735 0.254735 2 1 0
0.519195 0.254476 0.254476 2 1 0
0.517988 0.254216 0.254216 2 1 0
0.516782 0.253957 0.253957 2 1 0
0.515579 0.253697 0.253697 2 1 0
0.514377 0.253437 0.253437 2 1 0
0.513177 0.253176 0.253176 2 1 0
0.51198 0.252916 0.252916 2 1 0
0.510784 0.252655 0.252655 2 1 0
0.50959 0.252394 0.252394 2 1 0
0.508399 0.252133 0.252133 2 1 0
0.507209 0.251872 0.251872 2 1 0
0.506021 0.25161 0.25161 2 1 0
0.504835 0.251348 0.251348 2 1 0
0.503651 0.251086 0.251086 2 1 0
0.502469 0.250824 0.250824 2 1 0
0.501289 0.250562 0.250562 2 1 0
0.50011 0.250299 0.250299 2 1 0
0.498934 0.250036 0.250036 2 1 0
0.497759 0.249773 0.249773 2 1 0
0.496587 0.24951 0.24951 2 1 0
0.495416 0.249247 0.249247 2 1 0
0.494247 0.248983 0.248983 2 1 0
0.49308 0.248719 0.248719 2 1 0
0.491915 0.248455 0.248455 2 1 0
0.490752 0.24819 0.24819 2 1 0
0.489591 0.247926 0.247926 2 1 0
0.488431 0.247661 0.247661 2 1 0
0.487274 0.247396 0.247396 2 1 0
0.486118 0.247131 0.247131 2 1 0
0.484964 0.246866 0.246866 2 1 0
0.483812 0.2466 0.2466 2 1 0
0.482662 0.246334 0.246334 2 1 0
0.481513 0.246068 0.246068 2 1 0
0.480367 0.245802 0.245802 2 1 0
0.479222 0.245535 0.245535 2 1 0
0.478079 0.245268 0.245268 2 1 0
0.476938 0.245001 0.245001 2 1 0
0.475799 0.244734 0.244734 2 1 0
0.474661 0.244467 0.244467 2 1 0
0.473526 0.244199 0.244199 2 1 0
0.472392 0.243931 0.243931 2 1 0
0.47126 0.243663 0.243663 2 1 0
0.470129 0.243395 0.243395 2 1 0
0.469001 0.243127 0.243127 2 1 0
0.467874 0.242858 0.242858 2 1 0
0.466749 0.242589 0.242589 2 1 0
0.465626 0.24232 0.24232 2 1 0
0.464504 0.24205 0.24205 2 1 0
0.463385 0.241781 0.241781 2 1 0
0.462267 0.241511 0.241511 2 1 0
0.46115 0.241241 0.241241 2 1 0
0.460036 0.24097 0.24097 2 1 0
0.458923 0.2407 0.2407 2 1 0
0.457812 0.240429 0.240429 2 1 0
0.456703 0.240158 0.240158 2 1 0
0.455596 0.239887 0.239887 2 1 0
0.45449 0.239616 0.239616 2 1 0
0.453386 0.239344 0.239344 2 1 0
0.452283 0.239072 0.239072 2 1 0
0.451183 0.2388 0.2388 2 1 0
0.450084 0.238527 0.238527 2 1 0
0.448987 0.238255 0.238255 2 1 0
0.447891 0.237982 0.237982 2 1 0
0.446797 0.237709 0.237709 2 1 0
0.445705 0.237436 0.237436 2 1 0
0.444614 0.237162 0.237162 2 1 0
0.443526 0.236889 0.236889 2 1 0
0.442438 0.236615 0.236615 2 1 0
0.441353 0.23634 0.23634 2 1 0
0.440269 0.236066 0.236066 2 1 0
0.439187 0.235791 0.235791 2 1 0
0.438106 0.235517 0.235517 2 1 0
0.437028 0.235241 0.235241 2 1 0
0.43595 0.234966 0.234966 2 1 0
0.434875 0.23469 0.23469 2 1 0
0.433801 0.234415 0.234415 2 1 0
0.432728 0.234139 0.234139 2 1 0
0.431658 0.233862 0.233862 2 1 0
0.430589 0.233586 0.233586 2 1 0
0.429521 0.233309 0.233309 2 1 0
0.428455 0.233032 0.233032 2 1 0
0.427391 0.232755 0.232755 2 1 0
0.426328 0.232477 0.232477 2 1 0
0.425267 0.2322 0.2322 2 1 0
0.424208 0.231922 0.231922 2 1 0
0.42315 0.231643 0.231643 2 1 0
0.422094 0.231365 0.231365 2 1 0
0.421039 0.231086 0.231086 2 1 0
0.419986 0.230807 0.230807 2 1 0
0.418934 0.230528 0.230528 2 1 0
0.417884 0.230249 0.230249 2 1 0
0.416836 0.229969 0.229969 2 1 0
0.415789 0.229689 0.229689 2 1 0
0.414744 0.229409 0.229409 2 1 0
0.4137 0.229129 0.229129 2 1 0
0.412658 0.228848 0.228848 2 1 0
0.411617 0.228568 0.228568 2 1 0
0.410578 0.228286 0.228286 2 1 0
0.409541 0.228005 0.228005 2 1 0
0.408504 0.227724 0.227724 2 1 0
0.40747 0.227442 0.227442 2 1 0
0.406437 0.22716 0.22716 2 1 0
0.405405 0.226877 0.226877 2 1 0
0.404375 0.226595 0.226595 2 1 0
0.403347 0.226312 0.226312 2 1 0
0.40232 0.226029 0.226029 2 1 0
0.401294 0.225746 0.225746 2 1 0
0.40027 0.225462 0.225462 2 1 0
0.399248 0.225178 0.225178 2 1 0
0.398227 0.224894 0.224894 2 1 0
0.397207 0.22461 0.22461 2 1 0
0.396189 0.224326 0.224326 2 1 0
0.395173 0.224041 0.224041 2 1 0
0.394157 0.223756 0.223756 2 1 0
0.393144 0.22347 0.22347 2 1 0
0.392131 0.223185 0.223185 2 1 0
0.391121 0.222899 0.222899 2 1 0
0.390111 0.222613 0.222613 2 1 0
0.389103 0.222327 0.222327 2 1 0
0.388097 0.22204 0.22204 2 1 0
0.387092 0.221753 0.221753 2 1 0
0.386088 0.221466 0.221466 2 1 0
0.385086 0.221179 0.221179 2 1 0
0.384086 0.220892 0.220892 2 1 0
0.383086 0.220604 0.220604 2 1 0
0.382088 0.220316 0.220316 2 1 0
0.381092 0.220027 0.220027 2 1 0
0.380097 0.219739 0.219739 2 1 0
0.379103 0.21945 0.21945 2 1 0
0.378111 0.219161 0.219161 2 1 0
0.37712 0.218871 0.218871 2 1 0
0.376131 0.218582 0.218582 2 1 0
0.375143 0.218292 0.218292 2 1 0
0.374156 0.218002 0.218002 2 1 0
0.373171 0.217711 0.217711 2 1 0
0.372187 0.217421 0.217421 2 1 0
0.371204 0.21713 0.21713 2 1 0
0.370223 0.216839 0.216839 2 1 0
0.369243 0.216547 0.216547 2 1 0
0.368264 0.216256 0.216256 2 1 0
0.367287 0.215964 0.215964 2 1 0
0.366311 0.215671 0.215671 2 1 0
0.365337 0.215379 0.215379 2 1 0
0.364364 0.215086 0.215086 2 1 0
0.363392 0.214793 0.214793 2 1 0
0.362422 0.2145 0.2145 2 1 0
0.361452 0.214206 0.214206 2 1 0
0.360485 0.213913 0.213913 2 1 0
0.359518 0.213619 0.213619 2 1 0
0.358553 0.213324 0.213324 2 1 0
0.357589 0.21303 0.21303 2 1 0
0.356627 0.212735 0.212735 2 1 0
0.355665 0.21244 0.21244 2 1 0
0.354705 0.212144 0.212144 2 1 0
0.353747 0.211849 0.211849 2 1 0
0.352789 0.211553 0.211553 2 1 0
0.351833 0.211256 0.211256 2 1 0
0.350878 0.21096 0.21096 2 1 0
0.349925 0.210663 0.210663 2 1 0
0.348973 0.210366 0.210366 2 1 0
0.348022 0.210069 0.210069 2 1 0
0.347072 0.209771 0.209771 2 1 0
0.346124 0.209473 0.209473 2 1 0
0.345176 0.209175 0.209175 2 1 0
0.344231 0.208877 0.208877 2 1 0
0.343286 0.208578 0.208578 2 1 0
0.342342 0.208279 0.208279 2 1 0
0.3414 0.20798 0.20798 2 1 0
0.340459 0.207681 0.207681 2 1 0
0.33952 0.207381 0.207381 2 1 0
0.338581 0.207081 0.207081 2 1 0
0.337644 0.20678 0.20678 2 1 0
0.336708 0.20648 0.20648 2 1 0
0.335773 0.206179 0.206179 2 1 0
0.334839 0.205878 0.205878 2 1 0
0.333907 0.205576 0.205576 2 1 0
0.332976 0.205275 0.205275 2 1 0
0.332046 0.204973 0.204973 2 1 0
0.331117 0.20467 0.20467 2 1 0
0.33019 0.204368 0.204368 2 1 0
0.329263 0.204065 0.204065 2 1 0
0.328338 0.203762 0.203762 2 1 0
0.327414 0.203458 0.203458 2 1 0
0.326491 0.203155 0.203155 2 1 0
0.325569 0.202851 0.202851 2 1 0
0.324649 0.202547 0.202547 2 1 0
0.32373 0.202242 0.202242 2 1 0
0.322812 0.201937 0.201937 2 1 0
0.321895 0.201632 0.201632 2 1 0
0.320979 0.201327 0.201327 2 1 0
0.320064 0.201021 0.201021 2 1 0
0.319151 0.200715 0.200715 2 1 0
0.318238 0.200409 0.200409 2 1 0
0.317327 0.200102 0.200102 2 1 0
0.316417 0.199796 0.199796 2 1 0
0.315508 0.199488 0.199488 2 1 0
0.3146 0.199181 0.199181 2 1 0
0.313693 0.198873 0.198873 2 1 0
0.312788 0.198565 0.198565 2 1 0
0.311883 0.198257 0.198257 2 1 0
0.31098 0.197949 0.197949 2 1 0
0.310078 0.19764 0.19764 2 1 0
0.309177 0.197331 0.197331 2 1 0
0.308277 0.197021 0.197021 2 1 0
0.307378 0.196711 0.196711 2 1 0
0.30648 0.196401 0.196401 2 1 0
0.305583 0.196091 0.196091 2 1 0
0.304688 0.19578 0.19578 2 1 0
0.303793 0.19547 0.19547 2 1 0
0.3029 0.195158 0.195158 2 1 0
0.302007 0.194847 0.194847 2 1 0
0.301116 0.194535 0.194535 2 1 0
0.300226 0.194223 0.194223 2 1 0
0.299337 0.193911 0.193911 2 1 0
0.298449 0.193598 0.193598 2 1 0
0.297562 0.193285 0.193285 2 1 0
0.296676 0.192972 0.192972 2 1 0
0.295791 0.192658 0.192658 2 1 0
0.294907 0.192344 0.192344 2 1 0
0.294024 0.19203 0.19203 2 1 0
0.293142 0.191716 0.191716 2 1 0
0.292262 0.191401 0.191401 2 1 0
0.291382 0.191086 0.191086 2 1 0
0.290503 0.19077 0.19077 2 1 0
0.289626 0.190455 0.190455 2 1 0
0.288749 0.190139 0.190139 2 1 0
0.287874 0.189822 0.189822 2 1 0
0.286999 0.189506 0.189506 2 1 0
0.286126 0.189189 0.189189 2 1 0
0.285253 0.188872 0.188872 2 1 0
0.284382 0.188554 0.188554 2 1 0
0.283511 0.188236 0.188236 2 1 0
0.282642 0.187918 0.187918 2 1 0
0.281773 0.1876 0.1876 2 1 0
0.280906 0.187281 0.187281 2 1 0
0.280039 0.186962 0.186962 2 1 0
0.279174 0.186643 0.186643 2 1 0
0.278309 0.186323 0.186323 2 1 0
0.277446 0.186003 0.186003 2 1 0
0.276583 0.185683 0.185683 2 1 0
0.275722 0.185362 0.185362 2 1 0
0.274861 0.185041 0.185041 2 1 0
0.274002 0.18472 0.18472 2 1 0
0.273143 0.184399 0.184399 2 1 0
0.272286 0.184077 0.184077 2 1 0
0.271429 0.183755 0.183755 2 1 0
0.270573 0.183432 0.183432 2 1 0
0.269718 0.18311 0.18311 2 1 0
0.268865 0.182787 0.182787 2 1 0
0.268012 0.182463 0.182463 2 1 0
0.26716 0.182139 0.182139 2 1 0
0.266309 0.181815 0.181815 2 1 0
0.265459 0.181491 0.181491 2 1 0
0.26461 0.181167 0.181167 2 1 0
0.263762 0.180842 0.180842 2 1 0
0.262914 0.180516 0.180516 2 1 0
0.262068 0.180191 0.180191 2 1 0
0.261223 0.179865 0.179865 2 1 0
0.260378 0.179539 0.179539 2 1 0
0.259535 0.179212 0.179212 2 1 0
0.258692 0.178885 0.178885 2 1 0
0.25785 0.178558 0.178558 2 1 0
0.25701 0.178231 0.178231 2 1 0
0.25617 0.177903 0.177903 2 1 0
0.255331 0.177575 0.177575 2 1 0
0.254493 0.177246 0.177246 2 1 0
0.253656 0.176918 0.176918 2 1 0
0.252819 0.176589 0.176589 2 1 0
0.251984 0.176259 0.176259 2 1 0
0.25115 0.175929 0.175929 2 1 0
0.250316 0.175599 0.175599 2 1 0
0.249483 0.175269 0.175269 2 1 0
0.248652 0.174938 0.174938 2 1 0
0.247821 0.174607 0.174607 2 1 0
0.246991 0.174276 0.174276 2 1 0
0.246162 0.173945 0.173945 2 1 0
0.245333 0.173613 0.173613 2 1 0
0.244506 0.17328 0.17328 2 1 0
0.243679 0.172948 0.172948 2 1 0
0.242854 0.172615 0.172615 2 1 0
0.242029 0.172282 0.172282 2 1 0
0.241205 0.171948 0.171948 2 1 0
0.240382 0.171614 0.171614 2 1 0
0.23956 0.17128 0.17128 2 1 0
0.238738 0.170946 0.170946 2 1 0
0.237918 0.170611 0.170611 2 1 0
0.237098 0.170276 0.170276 2 1 0
0.236279 0.16994 0.16994 2 1 0
0.235461 0.169604 0.169604 2 1 0
0.234644 0.169268 0.169268 2 1 0
0.233828 0.168932 0.168932 2 1 0
0.233013 0.168595 0.168595 2 1 0
0.232198 0.168258 0.168258 2 1 0
0.231384 0.16792 0.16792 2 1 0
0.230571 0.167583 0.167583 2 1 0
0.229759 0.167244 0.167244 2 1 0
0.228948 0.166906 0.166906 2 1 0
0.228137 0.166567 0.166567 2 1 0
0.227328 0.166228 0.166228 2 1 0
0.226519 0.165889 0.165889 2 1 0
0.225711 0.165549 0.165549 2 1 0
0.224904 0.165209 0.165209 2 1 0
0.224098 0.164869 0.164869 2 1 0
0.223292 0.164528 0.164528 2 1 0
0.222487 0.164187 0.164187 2 1 0
0.221683 0.163846 0.163846 2 1 0
0.22088 0.163504 0.163504 2 1 0
0.220078 0.163162 0.163162 2 1 0
0.219277 0.16282 0.16282 2 1 0
0.218476 0.162477 0.162477 2 1 0
0.217676 0.162135 0.162135 2 1 0
0.216877 0.161791 0.161791 2 1 0
0.216079 0.161448 0.161448 2 1 0
0.215281 0.161104 0.161104 2 1 0
0.214485 0.16076 0.16076 2 1 0
0.213689 0.160415 0.160415 2 1 0
0.212894 0.16007 0.16007 2 1 0
0.2121 0.159725 0.159725 2 1 0
0.211306 0.159379 0.159379 2 1 0
0.210513 0.159034 0.159034 2 1 0
0.209721 0.158688 0.158688 2 1 0
0.20893 0.158341 0.158341 2 1 0
0.20814 0.157994 0.157994 2 1 0
0.207351 0.157647 0.157647 2 1 0
0.206562 0.1573 0.1573 2 1 0
0.205774 0.156952 0.156952 2 1 0
0.204987 0.156604 0.156604 2 1 0
0.2042 0.156256 0.156256 2 1 0
0.203415 0.155907 0.155907 2 1 0
0.20263 0.155558 0.155558 2 1 0
0.201846 0.155209 0.155209 2 1 0
0.201062 0.154859 0.154859 2 1 0
0.20028 0.154509 0.154509 2 1 0
0.199498 0.154159 0.154159 2 1 0
0.198717 0.153808 0.153808 2 1 0
0.197937 0.153457 0.153457 2 1 0
0.197158 0.153106 0.153106 2 1 0
0.196379 0.152754 0.152754 2 1 0
0.195601 0.152403 0.152403 2 1 0
0.194824 0.15205 0.15205 2 1 0
0.194048 0.151698 0.151698 2 1 0
0.193272 0.151345 0.151345 2 1 0
0.192498 0.150992 0.150992 2 1 0
0.191724 0.150639 0.150639 2 1 0
0.190951 0.150285 0.150285 2 1 0
0.190178 0.149931 0.149931 2 1 0
0.189406 0.149577 0.149577 2 1 0
0.188636 0.149222 0.149222 2 1 0
0.187865 0.148867 0.148867 2 1 0
0.187096 0.148512 0.148512 2 1 0
0.186328 0.148157 0.148157 2 1 0
0.18556 0.147801 0.147801 2 1 0
0.184793 0.147445 0.147445 2 1 0
0.184027 0.147088 0.147088 2 1 0
0.183261 0.146732 0.146732 2 1 0
0.182496 0.146375 0.146375 2 1 0
0.181733 0.146017 0.146017 2 1 0
0.180969 0.14566 0.14566 2 1 0
0.180207 0.145302 0.145302 2 1 0
0.179446 0.144944 0.144944 2 1 0
0.178685 0.144585 0.144585 2 1 0
0.177925 0.144227 0.144227 2 1 0
0.177166 0.143868 0.143868 2 1 0
0.176407 0.143508 0.143508 2 1 0
0.175649 0.143149 0.143149 2 1 0
0.174893 0.142789 0.142789 2 1 0
0.174137 0.142429 0.142429 2 1 0
0.173381 0.142069 0.142069 2 1 0
0.172627 0.141708 0.141708 2 1 0
0.171873 0.141347 0.141347 2 1 0
0.17112 0.140986 0.140986 2 1 0
0.170368 0.140624 0.140624 2 1 0
0.169617 0.140263 0.140263 2 1 0
0.168866 0.139901 0.139901 2 1 0
0.168116 0.139538 0.139538 2 1 0
0.167368 0.139176 0.139176 2 1 0
0.166619 0.138813 0.138813 2 1 0
0.165872 0.13845 0.13845 2 1 0
0.165126 0.138087 0.138087 2 1 0
0.16438 0.137723 0.137723 2 1 0
0.163635 0.137359 0.137359 2 1 0
0.162891 0.136995 0.136995 2 1 0
0.162148 0.136631 0.136631 2 1 0
0.161405 0.136266 0.136266 2 1 0
0.160664 0.135902 0.135902 2 1 0
0.159923 0.135537 0.135537 2 1 0
0.159183 0.135172 0.135172 2 1 0
0.158444 0.134806 0.134806 2 1 0
0.157706 0.13444 0.13444 2 1 0
0.156968 0.134075 0.134075 2 1 0
0.156232 0.133708 0.133708 2 1 0
0.155496 0.133342 0.133342 2 1 0
0.154761 0.132975 0.132975 2 1 0
0.154027 0.132609 0.132609 2 1 0
0.153294 0.132242 0.132242 2 1 0
0.152562 0.131875 0.131875 2 1 0
0.15183 0.131507 0.131507 2 1 0
0.151099 0.13114 0.13114 2 1 0
0.15037 0.130772 0.130772 2 1 0
0.149641 0.130404 0.130404 2 1 0
0.148913 0.130036 0.130036 2 1 0
0.148186 0.129667 0.129667 2 1 0
0.14746 0.129299 0.129299 2 1 0
0.146734 0.12893 0.12893 2 1 0
0.14601 0.128561 0.128561 2 1 0
0.145287 0.128192 0.128192 2 1 0
0.144564 0.127823 0.127823 2 1 0
0.143842 0.127454 0.127454 2 1 0
0.143122 0.127084 0.127084 2 1 0
0.142402 0.126715 0.126715 2 1 0
0.141683 0.126345 0.126345 2 1 0
0.140965 0.125975 0.125975 2 1 0
0.140248 0.125605 0.125605 2 1 0
0.139532 0.125235 0.125235 2 1 0
0.138817 0.124864 0.124864 2 1 0
0.138103 0.124494 0.124494 2 1 0
0.13739 0.124123 0.124123 2 1 0
0.136678 0.123752 0.123752 2 1 0
0.135966 0.123382 0.123382 2 1 0
0.135256 0.123011 0.123011 2 1 0
0.134547 0.12264 0.12264 2 1 0
0.133839 0.122269 0.122269 2 1 0
0.133131 0.121897 0.121897 2 1 0
0.132425 0.121526 0.121526 2 1 0
0.13172 0.121155 0.121155 2 1 0
0.131016 0.120783 0.120783 2 1 0
0.130313 0.120412 0.120412 2 1 0
0.129611 0.12004 0.12004 2 1 0
0.12891 0.119669 0.119669 2 1 0
0.12821 0.119297 0.119297 2 1 0
0.127511 0.118925 0.118925 2 1 0
0.126813 0.118554 0.118554 2 1 0
0.126116 0.118182 0.118182 2 1 0
0.125421 0.11781 0.11781 2 1 0
0.124726 0.117438 0.117438 2 1 0
0.124033 0.117067 0.117067 2 1 0
0.12334 0.116695 0.116695 2 1 0
0.122649 0.116323 0.116323 2 1 0
0.121959 0.115951 0.115951 2 1 0
0.12127 0.11558 0.11558 2 1 0
0.120582 0.115208 0.115208 2 1 0
0.119896 0.114836 0.114836 2 1 0
0.11921 0.114465 0.114465 2 1 0
0.118526 0.114093 0.114093 2 1 0
0.117843 0.113722 0.113722 2 1 0
0.117161 0.11335 0.11335 2 1 0
0.11648 0.112979 0.112979 2 1 0
0.115801 0.112607 0.112607 2 1 0
0.115123 0.112236 0.112236 2 1 0
0.114446 0.111865 0.111865 2 1 0
0.11377 0.111494 0.111494 2 1 0
0.113096 0.111123 0.111123 2 1 0
0.112423 0.110752 0.110752 2 1 0
0.111751 0.110382 0.110382 2 1 0
0.11108 0.110011 0.110011 2 1 0
0.110411 0.109641 0.109641 2 1 0
0.109743 0.109271 0.109271 2 1 0
0.109076 0.1089 0.1089 2 1 0
0.108411 0.108531 0.108531 2 1 0
0.107747 0.108161 0.108161 2 1 0
0.107084 0.107791 0.107791 2 1 0
0.106423 0.107422 0.107422 2 1 0
0.105763 0.107053 0.107053 2 1 0
0.105105 0.106684 0.106684 2 1 0
0.104448 0.106316 0.106316 2 1 0
0.103793 0.105947 0.105947 2 1 0
0.103138 0.105579 0.105579 2 1 0
0.102486 0.105211 0.105211 2 1 0
0.101834 0.104843 0.104843 2 1 0
0.101185 0.104476 0.104476 2 1 0
0.100536 0.104109 0.104109 2 1 0
0.0998897 0.103742 0.103742 2 1 0
0.0992445 0.103376 0.103376 2 1 0
0.0986008 0.10301 0.10301 2 1 0
0.0979586 0.102644 0.102644 2 1 0
0.097318 0.102279 0.102279 2 1 0
0.0966789 0.101914 0.101914 2 1 0
0.0960414 0.101549 0.101549 2 1 0
0.0954055 0.101184 0.101184 2 1 0
0.0947713 0.10082 0.10082 2 1 0
0.0941386 0.100457 0.100457 2 1 0
0.0935076 0.100094 0.100094 2 1 0
0.0928782 0.099731 0.099731 2 1 0
0.0922504 0.0993687 0.0993687 2 1 0
0.0916244 0.0990069 0.0990069 2 1 0
0.091 0.0986454 0.0986454 2 1 0
0.0903774 0.0982845 0.0982845 2 1 0
0.0897564 0.097924 0.097924 2 1 0
0.0891372 0.097564 0.097564 2 1 0
0.0885197 0.0972045 0.0972045 2 1 0
0.087904 0.0968456 0.0968456 2 1 0
0.08729 0.0964871 0.0964871 2 1 0
0.0866778 0.0961292 0.0961292 2 1 0
0.0860675 0.0957718 0.0957718 2 1 0
0.0854589 0.095415 0.095415 2 1 0
0.0848522 0.0950587 0.0950587 2 1 0
0.0842473 0.0947031 0.0947031 2 1 0
0.0836442 0.094348 0.094348 2 1 0
0.0830431 0.0939935 0.0939935 2 1 0
0.0824438 0.0936397 0.0936397 2 1 0
0.0818464 0.0932864 0.0932864 2 1 0
0.0812509 0.0929338 0.0929338 2 1 0
0.0806573 0.0925819 0.0925819 2 1 0
0.0800657 0.0922306 0.0922306 2 1 0
0.079476 0.09188 0.09188 2 1 0
0.0788883 0.0915301 0.0915301 2 1 0
0.0783025 0.0911809 0.0911809 2 1 0
0.0777188 0.0908325 0.0908325 2 1 0
0.077137 0.0904847 0.0904847 2 1 0
0.0765573 0.0901377 0.0901377 2 1 0
0.0759796 0.0897914 0.0897914 2 1 0
0.0754039 0.0894459 0.0894459 2 1 0
0.0748303 0.0891011 0.0891011 2 1 0
0.0742588 0.0887571 0.0887571 2 1 0
0.0736893 0.088414 0.088414 2 1 0
0.073122 0.0880716 0.0880716 2 1 0
0.0725567 0.0877301 0.0877301 2 1 0
0.0719936 0.0873894 0.0873894 2 1 0
0.0714326 0.0870495 0.0870495 2 1 0
0.0708737 0.0867105 0.0867105 2 1 0
0.070317 0.0863724 0.0863724 2 1 0
0.0697625 0.0860351 0.0860351 2 1 0
0.0692102 0.0856987 0.0856987 2 1 0
0.06866 0.0853632 0.0853632 2 1 0
0.068112 0.0850287 0.0850287 2 1 0
0.0675663 0.084695 0.084695 2 1 0
0.0670228 0.0843623 0.0843623 2 1 0
0.0664815 0.0840306 0.0840306 2 1 0
0.0659424 0.0836997 0.0836997 2 1 0
0.0654057 0.0833699 0.0833699 2 1 0
0.0648712 0.083041 0.083041 2 1 0
0.0643389 0.0827132 0.0827132 2 1 0
0.063809 0.0823863 0.0823863 2 1 0
0.0632813 0.0820604 0.0820604 2 1 0
0.062756 0.0817356 0.0817356 2 1 0
0.0622329 0.0814118 0.0814118 2 1 0
0.0617122 0.081089 0.081089 2 1 0
0.0611938 0.0807673 0.0807673 2 1 0
0.0606778 0.0804466 0.0804466 2 1 0
0.0601641 0.080127 0.080127 2 1 0
0.0596528 0.0798085 0.0798085 2 1 0
0.0591438 0.079491 0.079491 2 1 0
0.0586372 0.0791747 0.0791747 2 1 0
0.058133 0.0788595 0.0788595 2 1 0
0.0576312 0.0785453 0.0785453 2 1 0
0.0571317 0.0782323 0.0782323 2 1 0
0.0566347 0.0779205 0.0779205 2 1 0
0.0561401 0.0776097 0.0776097 2 1 0
0.0556479 0.0773002 0.0773002 2 1 0
0.055176 0.077003 0.077003 2 1 0
0.0546885 0.0766957 0.0766957 1 1 0
0.0542034 0.0763896 0.0763896 1 1 0
0.0537208 0.0760846 0.0760846 1 1 0
0.0532407 0.0757809 0.0757809 1 1 0
0.0527629 0.0754783 0.0754783 1 1 0
0.0522877 0.0751769 0.0751769 1 1 0
0.0518148 0.0748768 0.0748768 1 1 0
0.0513444 0.0745778 0.0745778 1 1 0
0.0508765 0.0742801 0.0742801 1 1 0
0.050411 0.0739836 0.0739836 1 1 0
0.049948 0.0736883 0.0736883 1 1 0
0.0494875 0.0733943 0.0733943 1 1 0
0.0490294 0.0731015 0.0731015 1 1 0
0.0485738 0.07281 0.07281 1 1 0
0.0481206 0.0725197 0.0725197 1 1 0
0.0476699 0.0722306 0.0722306 1 1 0
0.0472217 0.0719429 0.0719429 1 1 0
0.0467759 0.0716564 0.0716564 1 1 0
0.0463326 0.0713712 0.0713712 1 1 0
0.0458918 0.0710872 0.0710872 1 1 0
0.0454535 0.0708046 0.0708046 1 1 0
0.0450176 0.0705232 0.0705232 1 1 0
0.0445841 0.0702431 0.0702431 1 1 0
0.0441532 0.0699643 0.0699643 1 1 0
0.0437247 0.0696868 0.0696868 1 1 0
0.0432987 0.0694106 0.0694106 1 1 0
0.0428751 0.0691357 0.0691357 1 1 0
0.0424539 0.0688621 0.0688621 1 1 0
0.0420353 0.0685898 0.0685898 1 1 0
0.041619 0.0683188 0.0683188 1 1 0
0.0412053 0.0680491 0.0680491 1 1 0
0.0407939 0.0677808 0.0677808 1 1 0
0.040385 0.0675137 0.0675137 1 1 0
0.0399785 0.067248 0.067248 1 1 0
0.0395745 0.0669836 0.0669836 1 1 0
0.0391729 0.0667205 0.0667205 1 1 0
0.0387737 0.0664587 0.0664587 1 1 0
0.0383769 0.0661982 0.0661982 1 1 0
0.0379825 0.065939 0.065939 1 1 0
0.0375905 0.0656812 0.0656812 1 1 0
0.037201 0.0654247 0.0654247 1 1 0
0.0368138 0.0651695 0.0651695 1 1 0
0.036429 0.0649156 0.0649156 1 1 0
0.0360465 0.064663 0.064663 1 1 0
0.0356665 0.0644118 0.0644118 1 1 0
0.0352887 0.0641619 0.0641619 1 1 0
0.0349134 0.0639132 0.0639132 1 1 0
1.62998 0.371883 0.371883 4 2 0
1.62997 0.376081 0.367694 3 2 0
1.62997 0.376673 0.367105 3 2 0
1.62989 0.385093 0.358766 3 2 0
1.62973 0.393563 0.350461 3 2 0
1.62947 0.402067 0.342203 3 2 0
1.62909 0.410584 0.334035 3 2 0
1.62857 0.419126 0.325906 3 2 0
1.62788 0.427646 0.317829 3 2 0
1.62698 0.436115 0.309936 3 2 0
1.62585 0.444463 0.30214 3 2 0
1.62447 0.452596 0.294592 3 2 0
1.62281 0.460438 0.287448 3 2 0
1.62091 0.467854 0.280699 3 2 0
1.61878 0.474795 0.274388 3 2 0
1.61646 0.481352 0.268491 3 2 0
1.614 0.487288 0.263162 3 2 0
1.61143 0.492732 0.258282 3 2 0
1.60878 0.49778 0.253629 3 2 0
1.60607 0.50242 0.249491 3 2 0
1.60331 0.506699 0.245674 3 2 0
1.60053 0.51061 0.2421 3 2 0
1.59772 0.514299 0.238804 3 2 0
1.59489 0.517737 0.235727 3 2 0
1.59205 0.520954 0.232928 3 2 0
1.5892 0.523954 0.23021 3 2 0
1.58635 0.526775 0.227648 3 2 0
1.5835 0.529305 0.225327 3 2 0
1.58065 0.531807 0.223029 3 2 0
1.5778 0.534178 0.220844 3 2 0
1.57495 0.536489 0.218771 3 2 0
1.5721 0.538673 0.216791 3 2 0
1.56925 0.540754 0.214895 3 2 0
1.56641 0.54276 0.212994 3 2 0
1.56357 0.544661 0.211248 3 2 0
1.56074 0.546481 0.209569 3 2 0
1.55791 0.548205 0.207981 3 2 0
1.55508 0.549882 0.206425 3 2 0
1.55226 0.551494 0.204924 3 2 0
1.54945 0.55303 0.203364 3 2 0
1.54664 0.554524 0.201959 3 2 0
1.54383 0.555965 0.200598 3 2 0
1.54103 0.557406 0.199293 3 2 0
1.53824 0.558747 0.198015 3 2 0
1.53545 0.560044 0.196774 3 2 0
1.53266 0.561242 0.195526 3 2 0
1.52988 0.562457 0.194351 3 2 0
1.52711 0.563634 0.193207 3 2 0
1.52434 0.564708 0.192102 3 2 0
1.52157 0.565815 0.191014 3 2 0
1.51881 0.566889 0.189953 3 2 0
1.51606 0.567848 0.188915 3 2 0
1.51331 0.568862 0.187905 3 2 0
1.51056 0.569846 0.186919 3 2 0
1.50782 0.570756 0.18596 3 2 0
1.50509 0.571687 0.185021 3 2 0
1.50236 0.572593 0.184102 3 2 0
1.49964 0.573344 0.183212 3 2 0
1.49692 0.574204 0.182326 3 2 0
1.4942 0.575041 0.181459 3 2 0
1.49149 0.575777 0.180645 3 2 0
1.48879 0.576572 0.179809 3 2 0
1.48608 0.577347 0.17899 3 2 0
1.48339 0.578125 0.178235 3 2 0
1.4807 0.578853 0.177443 3 2 0
1.47801 0.579564 0.176667 3 2 0
1.47533 0.580292 0.175978 3 2 0
1.47265 0.580971 0.175225 3 2 0
1.46998 0.581634 0.174486 3 2 0
1.46731 0.582369 0.173785 3 2 0
1.46465 0.583003 0.173071 3 2 0
1.46199 0.583624 0.172369 3 2 0
1.45934 0.584314 0.171701 3 2 0
1.45669 0.584909 0.171021 3 2 0
1.45405 0.585491 0.170353 3 2 0
1.45141 0.58611 0.169733 3 2 0
1.44877 0.586668 0.169084 3 2 0
1.44614 0.587214 0.168445 3 2 0
1.44352 0.587804 0.167838 3 2 0
1.44089 0.588329 0.167218 3 2 0
1.43828 0.588843 0.166607 3 2 0
1.43566 0.589381 0.166045 3 2 0
1.43306 0.589875 0.16545 3 2 0
1.43045 0.59036 0.164865 3 2 0
1.42785 0.590856 0.164333 3 2 0
1.42526 0.591323 0.163762 3 2 0
1.42267 0.59178 0.163199 3 2 0
1.42008 0.59224 0.162702 3 2 0
1.4175 0.592681 0.162152 3 2 0
1.41492 0.593113 0.161609 3 2 0
1.41235 0.593547 0.161135 3 2 0
1.40978 0.593964 0.160604 3 2 0
1.40722 0.594374 0.16008 3 2 0
1.40466 0.594795 0.159606 3 2 0
1.4021 0.595191 0.159094 3 2 0
1.39955 0.595579 0.158589 3 2 0
1.397 0.595976 0.158137 3 2 0
1.39446 0.596351 0.157643 3 2 0
1.39192 0.596719 0.157156 3 2 0
1.38939 0.597092 0.156726 3 2 0
1.38686 0.597448 0.156248 3 2 0
1.38433 0.597798 0.155776 3 2 0
1.38181 0.598149 0.155368 3 2 0
1.37929 0.598488 0.154905 3 2 0
1.37678 0.598821 0.154448 3 2 0
1.37427 0.599152 0.154061 3 2 0
1.37177 0.599475 0.153612 3 2 0
1.36927 0.599792 0.153168 3 2 0
1.36677 0.600105 0.152782 3 2 0
1.36428 0.600413 0.152368 3 2 0
1.36179 0.600716 0.151936 3 2 0
1.35931 0.601009 0.15151 3 2 0
1.35683 0.601303 0.151122 3 2 0
1.35435 0.601592 0.150738 3 2 0
1.35188 0.601858 0.150255 3 2 0
1.34942 0.602139 0.149876 3 2 0
1.34695 0.602416 0.149502 3 2 0
1.34449 0.602681 0.149064 3 2 0
1.34204 0.60295 0.148695 3 2 0
1.33959 0.603215 0.148331 3 2 0
1.33714 0.603503 0.147971 3 2 0
1.3347 0.603761 0.147615 3 2 0
1.33226 0.604015 0.147264 3 2 0
1.32983 0.60429 0.146935 3 2 0
1.3274 0.604537 0.146592 3 2 0
1.32497 0.604781 0.146216 3 2 0
1.32255 0.605029 0.145857 3 2 0
1.32013 0.605266 0.145489 3 2 0
1.31772 0.6055 0.145124 3 2 0
1.31531 0.605732 0.144792 3 2 0
1.3129 0.60596 0.144434 3 2 0
1.3105 0.606185 0.14408 3 2 0
1.30811 0.606407 0.143763 3 2 0
1.30571 0.606626 0.143414 3 2 0
1.30332 0.606842 0.14307 3 2 0
1.30094 0.607056 0.142762 3 2 0
1.29856 0.607266 0.142423 3 2 0
1.29618 0.607475 0.142087 3 2 0
1.29381 0.60768 0.141788 3 2 0
1.29144 0.607883 0.141457 3 2 0
1.28907 0.608084 0.14113 3 2 0
1.28671 0.608282 0.140837 3 2 0
1.28435 0.608478 0.140515 3 2 0
1.282 0.608672 0.140196 3 2 0
1.27965 0.608863 0.13991 3 2 0
1.27731 0.609053 0.139595 3 2 0
1.27496 0.60924 0.139283 3 2 0
1.27263 0.609425 0.139004 3 2 0
1.27029 0.609608 0.138697 3 2 0
1.26796 0.609789 0.138392 3 2 0
1.26564 0.609969 0.138119 3 2 0
1.26332 0.610146 0.137818 3 2 0
1.261 0.610322 0.137521 3 2 0
1.25869 0.610496 0.137253 3 2 0
1.25638 0.610668 0.136959 3 2 0
1.25407 0.610838 0.136669 3 2 0
1.25177 0.611008 0.136405 3 2 0
1.24947 0.611174 0.136118 3 2 0
1.24718 0.611339 0.135835 3 2 0
1.24489 0.611504 0.135575 3 2 0
1.2426 0.611666 0.135295 3 2 0
1.24032 0.611827 0.135018 3 2 0
1.23804 0.611987 0.134761 3 2 0
1.23577 0.612145 0.134487 3 2 0
1.2335 0.612301 0.134216 3 2 0
1.23123 0.612457 0.133961 3 2 0
1.22897 0.612611 0.133694 3 2 0
1.22671 0.612763 0.133429 3 2 0
1.22446 0.612915 0.133175 3 2 0
1.2222 0.613064 0.132914 3 2 0
1.21996 0.613213 0.132656 3 2 0
1.21771 0.613361 0.1324 3 2 0
1.21548 0.613507 0.132148 3 2 0
1.21324 0.613652 0.131898 3 2 0
1.21101 0.613792 0.131661 3 2 0
1.20878 0.613935 0.131422 3 2 0
1.20656 0.614077 0.131184 3 2 0
1.20434 0.614207 0.130926 3 2 0
1.20212 0.614346 0.130689 3 2 0
1.19991 0.614483 0.130455 3 2 0
1.1977 0.614603 0.130205 3 2 0
1.19549 0.614738 0.129968 3 2 0
1.19329 0.614872 0.129734 3 2 0
1.1911 0.614998 0.1295 3 2 0
1.1889 0.615129 0.129269 3 2 0
1.18671 0.61526 0.12904 3 2 0
1.18453 0.61537 0.12881 3 2 0
1.18235 0.615499 0.128584 3 2 0
1.18017 0.615626 0.128359 3 2 0
1.17799 0.615733 0.128132 3 2 0
1.17582 0.615858 0.127911 3 2 0
1.17366 0.615983 0.127691 3 2 0
1.17149 0.616101 0.127465 3 2 0
1.16933 0.616224 0.127247 3 2 0
1.16718 0.616346 0.127032 3 2 0
1.16503 0.616454 0.126812 3 2 0
1.16288 0.616574 0.126599 3 2 0
1.16074 0.616694 0.126388 3 2 0
1.15859 0.616784 0.126178 3 2 0
1.15646 0.616902 0.125971 3 2 0
1.15433 0.617019 0.125766 3 2 0
1.1522 0.617118 0.12556 3 2 0
1.15007 0.617233 0.125359 3 2 0
1.14795 0.617348 0.125159 3 2 0
1.14583 0.617454 0.124958 3 2 0
1.14372 0.617567 0.124761 3 2 0
1.14161 0.61768 0.124567 3 2 0
1.1395 0.61779 0.124373 3 2 0
1.1374 0.617902 0.124182 3 2 0
1.1353 0.618013 0.123993 3 2 0
1.1332 0.618128 0.123812 3 2 0
1.13111 0.618238 0.123626 3 2 0
1.12902 0.618347 0.123442 3 2 0
1.12694 0.618469 0.123256 3 2 0
1.12486 0.618577 0.123041 3 2 0
1.12278 0.618685 0.122828 3 2 0
1.1207 0.618817 0.122576 3 2 0
1.11863 0.618924 0.12237 3 2 0
1.11657 0.61903 0.122165 3 2 0
1.11451 0.619187 0.121918 3 2 0
1.11245 0.619294 0.121723 3 2 0
1.11039 0.619399 0.121529 3 2 0
1.10834 0.619515 0.121338 3 2 0
1.10629 0.61962 0.12115 3 2 0
1.10425 0.619724 0.120964 3 2 0
1.10221 0.619853 0.120792 3 2 0
1.10017 0.619957 0.120611 3 2 0
1.09813 0.620061 0.120432 3 2 0
1.0961 0.620225 0.120353 3 2 0
1.09408 0.620328 0.120183 3 2 0
1.09206 0.620432 0.120015 3 2 0
1.09004 0.620522 0.119817 3 2 0
1.08802 0.620625 0.11965 3 2 0
1.08601 0.620727 0.119485 3 2 0
1.084 0.620764 0.119194 3 2 0
1.082 0.620865 0.119025 3 2 0
1.07999 0.620965 0.118858 3 2 0
1.078 0.621108 0.118724 3 2 0
1.076 0.621208 0.118561 3 2 0
1.07401 0.621308 0.1184 3 2 0
1.07203 0.621384 0.118196 3 2 0
1.07004 0.621483 0.118036 3 2 0
1.06806 0.621581 0.117877 3 2 0
1.06609 0.621632 0.117615 3 2 0
1.06411 0.621729 0.117453 3 2 0
1.06214 0.621826 0.117293 3 2 0
1.06018 0.622086 0.117205 3 2 0
1.05822 0.622185 0.117017 3 2 0
1.05626 0.622283 0.11683 3 2 0
1.0543 0.622143 0.116564 3 2 0
1.05235 0.622238 0.116405 3 2 0
1.0504 0.622334 0.116247 3 2 0
1.04846 0.622731 0.116019 3 2 0
1.04652 0.622829 0.11585 3 2 0
1.04458 0.622927 0.115682 3 2 0
1.04265 0.62279 0.11566 3 2 0
1.04072 0.622884 0.11551 3 2 0
1.03879 0.622979 0.115361 3 2 0
1.03686 0.623199 0.11513 3 2 0
1.03494 0.623294 0.114954 3 2 0
1.03303 0.623389 0.11478 3 2 0
1.03111 0.623298 0.114641 3 2 0
1.0292 0.623391 0.114492 3 2 0
1.0273 0.623484 0.114345 3 2 0
1.0254 0.623838 0.114068 3 2 0
1.0235 0.623933 0.113906 3 2 0
1.0216 0.624028 0.113745 3 2 0
1.01971 0.623861 0.113772 3 2 0
1.01782 0.623953 0.113616 3 2 0
1.01593 0.624045 0.113441 3 2 0
1.01405 0.62431 0.113164 3 2 0
1.01217 0.624403 0.113 3 2 0
1.0103 0.624496 0.112838 3 2 0
1.00842 0.624471 0.112781 3 2 0
1.00655 0.624563 0.11264 3 2 0
1.00469 0.624654 0.112501 3 2 0
1.00283 0.625052 0.112239 3 2 0
1.00097 0.625146 0.112096 3 2 0
0.999113 0.62524 0.111953 3 2 0
0.997262 0.624848 0.111907 3 2 0
0.995413 0.624937 0.111771 3 2 0
0.993568 0.625027 0.111637 3 2 0
0.991726 0.62536 0.111336 3 2 0
0.989888 0.625451 0.111178 3 2 0
0.988053 0.625542 0.111022 3 2 0
0.986221 0.625481 0.110995 3 2 0
0.984393 0.625571 0.110831 3 2 0
0.982568 0.625661 0.110669 3 2 0
0.980746 0.625973 0.110406 3 2 0
0.978928 0.626064 0.110258 3 2 0
0.977113 0.626155 0.11011 3 2 0
0.975301 0.626112 0.11001 3 2 0
0.973493 0.626202 0.109858 3 2 0
0.971688 0.626291 0.109706 3 2 0
0.969886 0.626575 0.109535 3 2 0
0.968087 0.626666 0.109394 3 2 0
0.966292 0.626757 0.109255 3 2 0
0.9645 0.626694 0.109115 3 2 0
0.962712 0.626784 0.108969 3 2 0
0.960926 0.626874 0.108825 3 2 0
0.959144 0.627183 0.108714 3 2 0
0.957365 0.627274 0.10858 3 2 0
0.95559 0.627365 0.108448 3 2 0
0.953817 0.627177 0.108291 3 2 0
0.952048 0.627281 0.108145 3 2 0
0.950282 0.627385 0.108001 3 2 0
0.94852 0.627833 0.107947 3 2 0
0.94676 0.627925 0.107821 3 2 0
0.945004 0.628017 0.107695 3 2 0
0.943251 0.627793 0.10746 3 2 0
0.941502 0.627897 0.107317 3 2 0
0.939755 0.628001 0.107176 3 2 0
0.938012 0.628412 0.107131 3 2 0
0.936272 0.628504 0.107007 3 2 0
0.934535 0.628596 0.106885 3 2 0
0.932801 0.62839 0.106629 3 2 0
0.931071 0.628494 0.106491 3 2 0
0.929343 0.628598 0.106354 3 2 0
0.927619 0.629086 0.106363 3 2 0
0.925898 0.629179 0.106216 3 2 0
0.92418 0.629271 0.106069 3 2 0
0.922466 0.628975 0.105823 3 2 0
0.920754 0.629079 0.105689 3 2 0
0.919046 0.629183 0.105555 3 2 0
0.917341 0.629705 0.105532 3 2 0
0.915639 0.629799 0.105389 3 2 0
0.91394 0.629892 0.105247 3 2 0
0.912244 0.629618 0.105038 3 2 0
0.910551 0.629722 0.104906 3 2 0
0.908862 0.629826 0.104775 3 2 0
0.907175 0.630267 0.104719 3 2 0
0.905492 0.63036 0.1046 3 2 0
0.903812 0.630454 0.104482 3 2 0
0.902135 0.630081 0.104261 3 2 0
0.900461 0.630186 0.104135 3 2 0
0.89879 0.630291 0.10401 3 2 0
0.897122 0.630698 0.10398 3 2 0
0.895457 0.63079 0.103865 3 2 0
0.893796 0.630883 0.10375 3 2 0
0.892137 0.630703 0.103532 3 2 0
0.890482 0.630793 0.103413 3 2 0
0.888829 0.630883 0.103295 3 2 0
0.88718 0.631264 0.103287 3 2 0
0.885533 0.631356 0.103176 3 2 0
0.88389 0.631448 0.103066 3 2 0
0.88225 0.631409 0.102891 3 2 0
0.880612 0.6315 0.10278 3 2 0
0.878978 0.631591 0.10267 3 2 0
0.877347 0.631891 0.102527 3 2 0
0.875719 0.631984 0.10239 3 2 0
0.874094 0.632077 0.102255 3 2 0
0.872472 0.631884 0.102117 3 2 0
0.870852 0.631975 0.102006 3 2 0
0.869236 0.632065 0.101896 3 2 0
0.867623 0.632609 0.101781 3 2 0
0.866013 0.632704 0.101647 3 2 0
0.864406 0.632798 0.101515 3 2 0
0.862801 0.632525 0.101421 3 2 0
0.8612 0.632616 0.101313 3 2 0
0.859602 0.632708 0.101206 3 2 0
0.858007 0.633293 0.101076 3 2 0
0.856414 0.633388 0.100943 3 2 0
0.854825 0.633484 0.100812 3 2 0
0.853238 0.633314 0.100817 3 2 0
0.851655 0.633407 0.10068 3 2 0
0.850074 0.6335 0.100544 3 2 0
0.848497 0.633875 0.100234 3 2 0
0.846922 0.633971 0.100119 3 2 0
0.84535 0.634067 0.100005 3 2 0
0.843781 0.63387 0.0999687 3 2 0
0.842215 0.633964 0.0998414 3 2 0
0.840652 0.634057 0.0997152 3 2 0
0.839092 0.634227 0.0997857 3 2 0
0.837535 0.634321 0.0996503 3 2 0
0.83598 0.634415 0.0995161 3 2 0
0.834429 0.6348 0.0992092 3 2 0
0.83288 0.634897 0.0990895 3 2 0
0.831335 0.634993 0.0989707 3 2 0
0.829792 0.63488 0.0988948 3 2 0
0.828252 0.634975 0.0987728 3 2 0
0.826715 0.63507 0.0986518 3 2 0
0.82518 0.63505 0.0987403 3 2 0
0.823649 0.635144 0.0986424 3 2 0
0.82212 0.635238 0.0985359 3 2 0
0.820594 0.635711 0.0981819 3 2 0
0.819071 0.635808 0.098065 3 2 0
0.817551 0.635906 0.0979491 3 2 0
0.816034 0.635714 0.0978957 3 2 0
0.81452 0.635809 0.0977746 3 2 0
0.813008 0.635904 0.0976545 3 2 0
0.811499 0.63597 0.0977352 3 2 0
0.809993 0.636065 0.0976395 3 2 0
0.80849 0.63616 0.0975321 3 2 0
0.806989 0.636577 0.0972292 3 2 0
0.805492 0.636674 0.0971096 3 2 0
0.803997 0.636772 0.096991 3 2 0
0.802505 0.636661 0.0969217 3 2 0
0.801015 0.636757 0.0968012 3 2 0
0.799529 0.636853 0.0966817 3 2 0
0.798045 0.636925 0.0967619 3 2 0
0.796564 0.637021 0.0966332 3 2 0
0.795086 0.637117 0.0965056 3 2 0
0.79361 0.637442 0.0963144 3 2 0
0.792137 0.63754 0.0961924 3 2 0
0.790667 0.637637 0.0960715 3 2 0
0.7892 0.637683 0.0959992 3 2 0
0.787735 0.637781 0.0958774 3 2 0
0.786273 0.637878 0.0957567 3 2 0
0.784814 0.638025 0.0957578 3 2 0
0.783358 0.638123 0.0956327 3 2 0
0.781904 0.638221 0.0955086 3 2 0
0.780453 0.638376 0.0953707 3 2 0
0.779004 0.638474 0.0952496 3 2 0
0.777559 0.638573 0.0951295 3 2 0
0.776116 0.63867 0.0950888 3 2 0
0.774675 0.638769 0.0949664 3 2 0
0.773238 0.638868 0.0948452 3 2 0
0.771803 0.639004 0.0947768 3 2 0
0.77037 0.639103 0.094655 3 2 0
0.76894 0.639203 0.0945341 3 2 0
0.767513 0.639308 0.0944503 3 2 0
0.766089 0.639408 0.0943297 3 2 0
0.764667 0.639507 0.0942101 3 2 0
0.763248 0.639654 0.0941614 3 2 0
0.761832 0.639754 0.0940402 3 2 0
0.760418 0.639854 0.0939201 3 2 0
0.759007 0.639971 0.0938371 3 2 0
0.757598 0.640071 0.0937173 3 2 0
0.756192 0.640171 0.0935984 3 2 0
0.754789 0.640374 0.0935732 3 2 0
0.753388 0.640475 0.0934518 3 2 0
0.75199 0.640577 0.0933315 3 2 0
0.750594 0.640626 0.0931913 3 2 0
0.749201 0.640727 0.0930742 3 2 0
0.747811 0.640828 0.092958 3 2 0
0.746423 0.640854 0.0928927 3 2 0
0.745038 0.640955 0.0927758 3 2 0
0.743655 0.641055 0.0926599 3 2 0
0.742275 0.641104 0.0925719 3 2 0
0.740897 0.641204 0.0924565 3 2 0
0.739522 0.641304 0.092342 3 2 0
0.73815 0.641419 0.0922681 3 2 0
0.73678 0.64152 0.0921533 3 2 0
0.735412 0.64162 0.0920395 3 2 0
0.734047 0.641731 0.0919581 3 2 0
0.732685 0.641832 0.0918445 3 2 0
0.731325 0.641932 0.0917317 3 2 0
0.729968 0.642066 0.0916541 3 2 0
0.728613 0.642167 0.0915412 3 2 0
0.727261 0.642268 0.0914293 3 2 0
0.725911 0.642397 0.0913498 3 2 0
0.724564 0.642498 0.0912379 3 2 0
0.723219 0.642599 0.091127 3 2 0
0.721877 0.642748 0.0910501 3 2 0
0.720537 0.64285 0.0909389 3 2 0
0.719199 0.642952 0.0908287 3 2 0
0.717864 0.643098 0.0907509 3 2 0
0.716532 0.643201 0.0906405 3 2 0
0.715202 0.643303 0.0905311 3 2 0
0.713874 0.643414 0.0904418 3 2 0
0.712549 0.643516 0.090333 3 2 0
0.711227 0.643619 0.0902251 3 2 0
0.709907 0.643769 0.0901413 3 2 0
0.708589 0.643872 0.0900336 3 2 0
0.707273 0.643975 0.0899268 3 2 0
0.705961 0.644117 0.0898393 3 2 0
0.70465 0.644221 0.0897329 3 2 0
0.703342 0.644324 0.0896274 3 2 0
0.702036 0.644578 0.0895238 3 2 0
0.700733 0.644683 0.0894199 3 2 0
0.699432 0.644788 0.0893168 3 2 0
0.698134 0.644714 0.0892512 3 2 0
0.696838 0.644817 0.0891467 3 2 0
0.695544 0.644921 0.0890431 3 2 0
0.694253 0.645039 0.0889365 3 2 0
0.692964 0.645142 0.0888349 3 2 0
0.691677 0.645246 0.088734 3 2 0
0.690393 0.645381 0.0886451 3 2 0
0.689111 0.645485 0.0885446 3 2 0
0.687832 0.645589 0.0884448 3 2 0
0.686555 0.645731 0.0883513 3 2 0
0.68528 0.645836 0.0882525 3 2 0
0.684007 0.64594 0.0881544 3 2 0
0.682737 0.646104 0.0880556 3 2 0
0.681469 0.646209 0.0879592 3 2 0
0.680204 0.646314 0.0878636 3 2 0
0.678941 0.646472 0.0877691 3 2 0
0.67768 0.646578 0.0876747 3 2 0
0.676421 0.646684 0.0875809 3 2 0
0.675165 0.646717 0.0875047 3 2 0
0.673911 0.646822 0.087408 3 2 0
0.67266 0.646927 0.087312 3 2 0
0.67141 0.647203 0.0872189 3 2 0
0.670163 0.647309 0.0871297 3 2 0
0.668919 0.647416 0.0870412 3 2 0
0.667676 0.647356 0.0869474 3 2 0
0.666436 0.647462 0.086852 3 2 0
0.665198 0.647568 0.0867574 3 2 0
0.663962 0.647947 0.0866681 3 2 0
0.662729 0.648055 0.0865799 3 2 0
0.661498 0.648163 0.0864922 3 2 0
0.660269 0.648044 0.086392 3 2 0
0.659042 0.64815 0.0862986 3 2 0
0.657818 0.648257 0.086206 3 2 0
0.656595 0.648929 0.0861932 3 2 0
0.655375 0.649041 0.0861108 3 2 0
0.654158 0.649153 0.0860289 3 2 0
0.652942 0.648698 0.0858421 3 2 0
0.651729 0.648805 0.0857516 3 2 0
0.650518 0.648911 0.0856617 3 2 0
0.649309 0.649391 0.085645 3 2 0
0.648102 0.6495 0.085563 3 2 0
0.646897 0.64961 0.0854815 3 2 0
0.645695 0.649475 0.0853026 3 2 0
0.644495 0.649583 0.0852134 3 2 0
0.643297 0.649691 0.0851248 3 2 0
0.642101 0.650055 0.0850945 3 2 0
0.640907 0.650166 0.0850126 3 2 0
0.639716 0.650276 0.0849311 3 2 0
0.638527 0.650246 0.0847687 3 2 0
0.637339 0.650355 0.0846811 3 2 0
0.636154 0.650464 0.0845941 3 2 0
0.634972 0.650723 0.0845389 3 2 0
0.633791 0.650833 0.0844564 3 2 0
0.632612 0.650944 0.0843743 3 2 0
0.631436 0.65107 0.0842391 3 2 0
0.630261 0.65118 0.0841524 3 2 0
0.629089 0.651291 0.0840664 3 2 0
0.627919 0.651422 0.084001 3 2 0
0.626751 0.651534 0.0839184 3 2 0
0.625585 0.651645 0.0838362 3 2 0
0.624421 0.651794 0.0837177 3 2 0
0.62326 0.651906 0.083633 3 2 0
0.6221 0.652018 0.0835488 3 2 0
0.620943 0.652126 0.0834714 3 2 0
0.619787 0.652238 0.083389 3 2 0
0.618634 0.65235 0.083307 3 2 0
0.617483 0.65248 0.0832093 3 2 0
0.616333 0.652592 0.083127 3 2 0
0.615186 0.652704 0.0830452 3 2 0
0.614041 0.65286 0.08296 3 2 0
0.612898 0.652973 0.0828789 3 2 0
0.611757 0.653086 0.0827983 3 2 0
0.610618 0.653227 0.0827081 3 2 0
0.609481 0.65334 0.0826278 3 2 0
0.608346 0.653453 0.0825479 3 2 0
0.607213 0.653599 0.0824629 3 2 0
0.606083 0.653712 0.0823837 3 2 0
0.604954 0.653826 0.0823049 3 2 0
0.603827 0.653978 0.0822192 3 2 0
0.602702 0.654092 0.0821409 3 2 0
0.601579 0.654206 0.0820631 3 2 0
0.600459 0.654358 0.0819803 3 2 0
0.59934 0.654473 0.0819031 3 2 0
0.598223 0.654588 0.0818263 3 2 0
0.597108 0.654748 0.0817421 3 2 0
0.595996 0.654863 0.0816478 3 2 0
0.594885 0.654978 0.0815543 3 2 0
0.593776 0.655165 0.081437 3 2 0
0.592669 0.655281 0.0813471 3 2 0
0.591564 0.655397 0.0812579 3 2 0
0.590461 0.655482 0.0812117 3 2 0
0.58936 0.655598 0.0811198 3 2 0
0.588261 0.655714 0.0810286 3 2 0
0.587164 0.655905 0.0809107 3 2 0
0.586069 0.656022 0.0808243 3 2 0
0.584975 0.656139 0.0807386 3 2 0
0.583884 0.656276 0.0806782 3 2 0
0.582795 0.656393 0.0805897 3 2 0
0.581707 0.656511 0.0805019 3 2 0
0.580622 0.656763 0.0804043 3 2 0
0.579538 0.656881 0.0803227 3 2 0
0.578456 0.657 0.0802417 3 2 0
0.577377 0.657113 0.080159 3 2 0
0.576299 0.657232 0.0800741 3 2 0
0.575223 0.657351 0.0799897 3 2 0
0.574149 0.657574 0.0799093 3 2 0
0.573076 0.657694 0.0798289 3 2 0
0.572006 0.657815 0.0797489 3 2 0
0.570937 0.657982 0.0796611 3 2 0
0.569871 0.658103 0.0795774 3 2 0
0.568806 0.658225 0.0794943 3 2 0
0.567743 0.65832 0.0794116 3 2 0
0.566682 0.658441 0.0793303 3 2 0
0.565623 0.658563 0.0792495 3 2 0
0.564566 0.658716 0.0791723 3 2 0
0.56351 0.658837 0.0790884 3 2 0
0.562457 0.658959 0.0790051 3 2 0
0.561405 0.658952 0.0789314 3 2 0
0.560355 0.659072 0.0788529 3 2 0
0.559307 0.659193 0.0787749 3 2 0
0.55826 0.659446 0.0787202 3 2 0
0.557216 0.659568 0.0786448 3 2 0
0.556173 0.65969 0.0785697 3 2 0
0.555132 0.659986 0.0784532 3 2 0
0.554093 0.660112 0.0783763 3 2 0
0.553056 0.660237 0.0782998 3 2 0
0.55202 0.660298 0.0782953 3 2 0
0.550986 0.660422 0.0782228 3 2 0
0.549955 0.660547 0.0781507 3 2 0
0.548924 0.660462 0.0780017 3 2 0
0.547896 0.660584 0.0779273 3 2 0
0.546869 0.660706 0.0778534 3 2 0
0.545845 0.660812 0.0777622 3 2 0
0.544821 0.660934 0.077675 3 2 0
0.5438 0.661056 0.0775886 3 2 0
0.542781 0.660765 0.077564 3 2 0
0.541763 0.660883 0.0774919 3 2 0
0.540747 0.661002 0.0774202 3 2 0
0.539732 0.661863 0.0773059 3 2 0
0.53872 0.66199 0.0772334 3 2 0
0.537709 0.662117 0.0771613 3 2 0
0.5367 0.662295 0.0770907 3 2 0
0.535692 0.662423 0.0770013 3 2 0
0.534687 0.662552 0.0769126 3 2 0
0.533683 0.662678 0.0768737 3 2 0
0.53268 0.662809 0.0767879 3 2 0
0.53168 0.66294 0.0766978 3 2 0
0.530681 0.662901 0.0765969 3 2 0
0.529684 0.663034 0.0765252 3 2 0
0.528688 0.663168 0.0764539 3 2 0
0.527694 0.663191 0.0763518 3 2 0
0.526702 0.663325 0.0762651 3 2 0
0.525712 0.66346 0.076179 3 2 0
0.524723 0.663729 0.0760665 3 2 0
0.523736 0.663863 0.0759855 3 2 0
0.522751 0.663997 0.0759051 3 2 0
0.521767 0.664069 0.0758319 3 2 0
0.520785 0.664204 0.0757509 3 2 0
0.519804 0.664338 0.0756704 3 2 0
0.518825 0.664335 0.0755939 3 2 0
0.517848 0.664471 0.0755137 3 2 0
0.516873 0.664607 0.0754341 3 2 0
0.515899 0.664768 0.075358 3 2 0
0.514926 0.664904 0.075279 3 2 0
0.513956 0.66504 0.0752005 3 2 0
0.512987 0.665131 0.0751275 3 2 0
0.512019 0.665267 0.0750484 3 2 0
0.511054 0.665404 0.0749698 3 2 0
0.510089 0.665371 0.0748957 3 2 0
0.509127 0.665509 0.0748167 3 2 0
0.508166 0.665646 0.0747383 3 2 0
0.507206 0.665745 0.0746627 3 2 0
0.506249 0.665883 0.0745858 3 2 0
0.505292 0.666021 0.0745094 3 2 0
0.504338 0.666135 0.0744336 3 2 0
0.503385 0.666274 0.0743576 3 2 0
0.502433 0.666412 0.0742821 3 2 0
0.501483 0.666389 0.0742043 3 2 0
0.500535 0.666528 0.0741285 3 2 0
0.499588 0.666668 0.0740533 3 2 0
0.498643 0.666717 0.0739784 3 2 0
0.497699 0.666857 0.0739038 3 2 0
0.496757 0.666997 0.0738296 3 2 0
0.495816 0.667058 0.0737592 3 2 0
0.494877 0.667199 0.0736859 3 2 0
0.49394 0.66734 0.0736131 3 2 0
0.493004 0.667353 0.0735388 3 2 0
0.492069 0.667494 0.0734664 3 2 0
0.491136 0.667635 0.0733944 3 2 0
0.490205 0.667661 0.0733263 3 2 0
0.489275 0.667803 0.073255 3 2 0
0.488346 0.667944 0.0731842 3 2 0
0.48742 0.667966 0.0731194 3 2 0
0.486494 0.668108 0.0730494 3 2 0
0.48557 0.668251 0.0729797 3 2 0
0.484648 0.668263 0.0729193 3 2 0
0.483727 0.668406 0.0728504 3 2 0
0.482807 0.668549 0.0727819 3 2 0
0.481889 0.668566 0.0727312 3 2 0
0.480973 0.668709 0.0726636 3 2 0
0.480058 0.668853 0.0725963 3 2 0
0.479144 0.66886 0.0724884 3 2 0
0.478232 0.669003 0.0723984 3 2 0
0.477322 0.669147 0.0723092 3 2 0
0.476412 0.669196 0.0721908 3 2 0
0.475505 0.66934 0.0721047 3 2 0
0.474598 0.669485 0.0720195 3 2 0
0.473693 0.669549 0.0719239 3 2 0
0.47279 0.669694 0.071841 3 2 0
0.471888 0.669839 0.0717588 3 2 0
0.470987 0.670094 0.0716654 3 2 0
0.470088 0.670216 0.0715853 3 2 0
0.46919 0.670339 0.0715058 3 2 0
0.468294 0.670479 0.0714072 3 2 0
0.467399 0.670601 0.0713314 3 2 0
0.466506 0.670724 0.0712561 3 2 0
0.465614 0.671044 0.0711781 3 2 0
0.464723 0.671169 0.0711061 3 2 0
0.463834 0.671293 0.0710347 3 2 0
0.462946 0.671385 0.0710193 3 2 0
0.462059 0.671509 0.0709527 3 2 0
0.461174 0.671633 0.0708865 3 2 0
0.46029 0.67214 0.0709451 3 2 0
0.459408 0.672267 0.070858 3 2 0
0.458527 0.672395 0.0707717 3 2 0
0.457647 0.672222 0.070808 3 2 0
0.456769 0.672347 0.0707167 3 2 0
0.455892 0.672472 0.0706263 3 2 0
0.455016 0.673319 0.0703994 3 2 0
0.454142 0.673466 0.0703194 3 2 0
0.453269 0.673613 0.0702401 3 2 0
0.452398 0.673213 0.0704309 3 2 0
0.451527 0.673361 0.070337 3 2 0
0.450659 0.673509 0.0702441 3 2 0
0.449791 0.674718 0.0699175 3 2 0
0.448925 0.674855 0.0698438 3 2 0
0.44806 0.674993 0.0697706 3 2 0
0.447196 0.675264 0.0698191 3 2 0
0.446334 0.675404 0.0697343 3 2 0
0.445473 0.675545 0.0696502 3 2 0
0.444613 0.675693 0.0695502 3 2 0
0.443755 0.675838 0.0694688 3 2 0
0.442898 0.675983 0.0693881 3 2 0
0.442042 0.675972 0.0693372 3 2 0
0.441188 0.676119 0.0692556 3 2 0
0.440334 0.676266 0.0691747 3 2 0
0.439482 0.676237 0.0690637 3 2 0
0.438632 0.676385 0.0689872 3 2 0
0.437782 0.676534 0.0689113 3 2 0
0.436934 0.67641 0.0688455 3 2 0
0.436087 0.67656 0.0687693 3 2 0
0.435242 0.676709 0.0686936 3 2 0
0.434397 0.676372 0.0686247 3 2 0
0.433554 0.676523 0.0685493 3 2 0
0.432713 0.676673 0.0684744 3 2 0
0.431872 0.676834 0.0684008 3 2 0
0.431033 0.676985 0.0683311 3 2 0
0.430194 0.677136 0.0682618 3 2 0
0.429358 0.676711 0.0681836 3 2 0
0.428522 0.676862 0.0681138 3 2 0
0.427687 0.677015 0.0680444 3 2 0
0.426854 0.677426 0.0679743 3 2 0
0.426022 0.677557 0.0679056 3 2 0
0.425191 0.677687 0.0678372 3 2 0
0.424362 0.67835 0.0677821 3 2 0
0.423533 0.678484 0.0677154 3 2 0
0.422706 0.678619 0.0676491 3 2 0
0.42188 0.679278 0.067581 3 2 0
0.421055 0.679417 0.0675152 3 2 0
0.420232 0.679557 0.0674497 3 2 0
0.419409 0.679854 0.0673538 3 2 0
0.418588 0.679996 0.0672803 3 2 0
0.417768 0.680138 0.0672073 3 2 0
0.416949 0.680522 0.0671733 3 2 0
0.416131 0.680671 0.0671023 3 2 0
0.415315 0.68082 0.0670318 3 2 0
0.414499 0.680969 0.0670256 3 2 0
0.413685 0.681118 0.0669618 3 2 0
0.412872 0.681267 0.0668982 3 2 0
0.41206 0.681341 0.0667792 3 2 0
0.411249 0.681493 0.0667148 3 2 0
0.410439 0.681644 0.0666506 3 2 0
0.409631 0.68161 0.066552 3 2 0
0.408823 0.681763 0.0664826 3 2 0
0.408017 0.681917 0.0664137 3 2 0
0.407212 0.682198 0.0663306 3 2 0
0.406408 0.682351 0.0662586 3 2 0
0.405605 0.682503 0.0661869 3 2 0
0.404803 0.682386 0.0661087 3 2 0
0.404002 0.682541 0.0660368 3 2 0
0.403203 0.682696 0.0659655 3 2 0
0.402404 0.682861 0.0659111 3 2 0
0.401607 0.683016 0.0658372 3 2 0
0.40081 0.683172 0.0657639 3 2 0
0.400015 0.682948 0.0656939 3 2 0
0.399221 0.683105 0.0656251 3 2 0
0.398428 0.683262 0.0655567 3 2 0
0.397636 0.683399 0.0654896 3 2 0
0.396845 0.683556 0.0654191 3 2 0
0.396055 0.683714 0.0653491 3 2 0
0.395266 0.683514 0.0652764 3 2 0
0.394479 0.683672 0.0652074 3 2 0
0.393692 0.683831 0.0651389 3 2 0
0.392906 0.683736 0.0650758 3 2 0
0.392122 0.683895 0.065007 3 2 0
0.391338 0.684055 0.0649386 3 2 0
0.390556 0.68386 0.0648914 3 2 0
0.389774 0.68402 0.0648246 3 2 0
0.388994 0.68418 0.064758 3 2 0
0.388214 0.684057 0.0647289 3 2 0
0.387436 0.684189 0.0646642 3 2 0
0.386659 0.68432 0.0645998 3 2 0
0.385882 0.684585 0.0645106 3 2 0
0.385107 0.684718 0.0644457 3 2 0
0.384333 0.684851 0.0643811 3 2 0
0.383559 0.6855 0.0642971 3 2 0
0.382787 0.685637 0.0642321 3 2 0
0.382016 0.685774 0.0641674 3 2 0
0.381245 0.68627 0.0640944 3 2 0
0.380476 0.686409 0.0640297 3 2 0
0.379708 0.686549 0.0639653 3 2 0
0.37894 0.687017 0.0638938 3 2 0
0.378174 0.68716 0.0638294 3 2 0
0.377409 0.687303 0.0637652 3 2 0
0.376644 0.687743 0.0636952 3 2 0
0.375881 0.687889 0.0636311 3 2 0
0.375118 0.688035 0.0635673 3 2 0
0.374357 0.688429 0.0634984 3 2 0
0.373596 0.688578 0.0634347 3 2 0
0.372837 0.688727 0.0633712 3 2 0
0.372078 0.68907 0.0633028 3 2 0
0.37132 0.689222 0.0632311 3 2 0
0.370563 0.689374 0.0631436 3 2 0
0.369808 0.689652 0.0630863 3 2 0
0.369053 0.689807 0.0629991 3 2 0
0.368299 0.689962 0.0629131 3 2 0
0.367546 0.69015 0.0628603 3 2 0
0.366794 0.690308 0.0627743 3 2 0
0.366042 0.690467 0.0626893 3 2 0
0.365292 0.690464 0.0626577 3 2 0
0.364543 0.690625 0.0625717 3 2 0
0.363794 0.690787 0.0624868 3 2 0
0.363047 0.690935 0.0624096 3 2 0
0.3623 0.691097 0.062326 3 2 0
0.361554 0.691259 0.0622434 3 2 0
0.360809 0.691571 0.062004 3 2 0
0.360065 0.691731 0.0619333 3 2 0
0.359322 0.691891 0.0618633 3 2 0
0.35858 0.691656 0.0618003 3 2 0
0.357838 0.691821 0.0617304 3 2 0
0.357098 0.691986 0.0616611 3 2 0
0.356358 0.691794 0.0615986 3 2 0
0.35562 0.691961 0.0615291 3 2 0
0.354882 0.692128 0.0614601 3 2 0
0.354145 0.692817 0.0613813 3 2 0
0.353408 0.692981 0.0613189 3 2 0
0.352673 0.693146 0.0612567 3 2 0
0.351939 0.693158 0.0613107 3 2 0
0.351205 0.693325 0.0612535 3 2 0
0.350472 0.693491 0.0611964 3 2 0
0.34974 0.693167 0.0612051 3 2 0
0.349009 0.693335 0.0611261 3 2 0
0.348278 0.693503 0.061048 3 2 0
0.347549 0.693866 0.0610755 3 2 0
0.34682 0.694034 0.0609919 3 2 0
0.346092 0.694202 0.0609093 3 2 0
0.345365 0.694428 0.0608772 3 2 0
0.344639 0.694596 0.0607934 3 2 0
0.343914 0.694765 0.0607105 3 2 0
0.343189 0.694576 0.0606076 3 2 0
0.342465 0.694746 0.0605279 3 2 0
0.341742 0.694916 0.0604491 3 2 0
0.34102 0.695196 0.0603149 3 2 0
0.340298 0.695366 0.0602426 3 2 0
0.339578 0.695536 0.0601708 3 2 0
0.338858 0.695264 0.0601254 3 2 0
0.338139 0.695435 0.0600598 3 2 0
0.33742 0.695606 0.0599946 3 2 0
0.336703 0.696759 0.0598936 3 2 0
0.335986 0.696927 0.0598289 3 2 0
0.33527 0.697095 0.0597648 3 2 0
0.334554 0.696701 0.059684 3 2 0
0.33384 0.696873 0.0596169 3 2 0
0.333126 0.697044 0.0595502 3 2 0
0.332413 0.697901 0.0594897 3 2 0
0.331701 0.698066 0.0594205 3 2 0
0.330989 0.698231 0.0593518 3 2 0
0.330278 0.697466 0.0592855 3 2 0
0.329568 0.697639 0.0592172 3 2 0
0.328859 0.697812 0.0591494 3 2 0
0.32815 0.698253 0.0590829 3 2 0
0.327442 0.698426 0.0590159 3 2 0
0.326735 0.698599 0.0589493 3 2 0
0.326028 0.698162 0.0588861 3 2 0
0.325322 0.69831 0.0588211 3 2 0
0.324617 0.698459 0.0587564 3 2 0
0.323913 0.699134 0.058688 3 2 0
0.323209 0.699308 0.0586234 3 2 0
0.322506 0.699482 0.0585592 3 2 0
0.321803 0.699678 0.0584933 3 2 0
0.321102 0.699853 0.0584295 3 2 0
0.320401 0.700028 0.0583661 3 2 0
0.3197 0.700363 0.0583021 3 2 0
0.319001 0.700538 0.0582391 3 2 0
0.318302 0.700713 0.0581766 3 2 0
0.317603 0.701397 0.0581469 3 2 0
0.316906 0.701564 0.0580752 3 2 0
0.316209 0.701731 0.058004 3 2 0
0.315512 0.700133 0.0579343 3 2 0
0.314817 0.700278 0.0578637 3 2 0
0.314121 0.700423 0.0577937 3 2 0
0.313427 0.701782 0.0577265 3 2 0
0.312733 0.701939 0.0576575 3 2 0
0.31204 0.702096 0.0575889 3 2 0
0.311348 0.702793 0.0575225 3 2 0
0.310656 0.702958 0.0574562 3 2 0
0.309964 0.703123 0.0573904 3 2 0
0.309274 0.703378 0.0573308 3 2 0
0.308584 0.703552 0.0572666 3 2 0
0.307894 0.703726 0.0572027 3 2 0
0.307206 0.703926 0.0571965 3 2 0
0.306517 0.704095 0.057136 3 2 0
0.30583 0.704263 0.0570756 3 2 0
0.305143 0.704316 0.057014 3 2 0
0.304456 0.704492 0.0569542 3 2 0
0.30377 0.704669 0.0568946 3 2 0
0.303085 0.704379 0.0565185 3 2 0
0.302401 0.704538 0.0564499 3 2 0
0.301717 0.704697 0.0563827 3 2 0
0.301033 0.70371 0.0564158 3 2 0
0.30035 0.703857 0.0563413 3 2 0
0.299668 0.704004 0.0562678 3 2 0
0.298986 0.70529 0.0562443 3 2 0
0.298305 0.705449 0.0561687 3 2 0
0.297624 0.705607 0.0560942 3 2 0
0.296944 0.705968 0.0560354 3 2 0
0.296264 0.706129 0.055961 3 2 0
0.295585 0.70629 0.0558874 3 2 0
0.294907 0.706937 0.0557793 3 2 0
0.294229 0.707106 0.055709 3 2 0
0.293551 0.707275 0.0556394 3 2 0
0.292874 0.707581 0.0555162 3 2 0
0.292198 0.707757 0.0554516 3 2 0
0.291522 0.707933 0.0553876 3 2 0
0.290847 0.707947 0.0553048 3 2 0
0.290172 0.708127 0.0552449 3 2 0
0.289497 0.708307 0.0551853 3 2 0
0.288824 0.708158 0.0551119 3 2 0
0.28815 0.708341 0.0550555 3 2 0
0.287477 0.708524 0.0549994 3 2 0
0.286805 0.708092 0.0549874 3 2 0
0.286133 0.708277 0.0549335 3 2 0
0.285462 0.708462 0.0548797 3 2 0
0.284791 0.707865 0.0548822 3 2 0
0.284121 0.708051 0.0548304 3 2 0
0.283451 0.708238 0.0547786 3 2 0
0.282781 0.708066 0.0549096 3 2 0
0.282112 0.708211 0.0548581 3 2 0
0.281444 0.708356 0.0548066 3 2 0
0.280775 0.709553 0.0545521 3 2 0
0.280107 0.709711 0.0544936 3 2 0
0.27944 0.709869 0.0544354 3 2 0
0.278774 0.709532 0.0545378 3 2 0
0.278108 0.70972 0.0544546 3 2 0
0.277442 0.709908 0.0543727 3 2 0
0.276776 0.710988 0.0543549 3 2 0
0.276111 0.71115 0.0542708 3 2 0
0.275447 0.711311 0.0541879 3 2 0
0.274783 0.711963 0.0541281 3 2 0
0.274119 0.712131 0.054046 3 2 0
0.273456 0.712299 0.053965 3 2 0
0.272793 0.712703 0.0539067 3 2 0
0.27213 0.712875 0.0538263 3 2 0
0.271468 0.713047 0.053747 3 2 0
0.270807 0.713165 0.0536806 3 2 0
0.270145 0.713336 0.0536023 3 2 0
0.269485 0.713507 0.053525 3 2 0
0.268824 0.713499 0.0534508 3 2 0
0.268164 0.713667 0.0533752 3 2 0
0.267504 0.713834 0.0533005 3 2 0
0.266845 0.714214 0.0532287 3 2 0
0.266186 0.714385 0.0531554 3 2 0
0.265527 0.714556 0.053083 3 2 0
0.264869 0.714404 0.0529995 3 2 0
0.264211 0.71457 0.0529302 3 2 0
0.263553 0.714736 0.0528615 3 2 0
0.262896 0.714369 0.0527948 3 2 0
0.262239 0.714528 0.052727 3 2 0
0.261583 0.714687 0.0526598 3 2 0
0.260927 0.715254 0.0526023 3 2 0
0.260271 0.715418 0.0525396 3 2 0
0.259615 0.715581 0.0524773 3 2 0
0.25896 0.716173 0.0524084 3 2 0
0.258305 0.716342 0.0523462 3 2 0
0.257651 0.716511 0.0522842 3 2 0
0.256996 0.716246 0.0522504 3 2 0
0.256342 0.716408 0.0521905 3 2 0
0.255689 0.71657 0.0521309 3 2 0
0.255035 0.717831 0.0520787 3 2 0
0.254382 0.718015 0.0520068 3 2 0
0.25373 0.718199 0.0519357 3 2 0
0.253077 0.718347 0.0518561 3 2 0
0.252425 0.718528 0.051788 3 2 0
0.251773 0.718709 0.0517205 3 2 0
0.251121 0.717931 0.0516595 3 2 0
0.25047 0.718094 0.0515955 3 2 0
0.249819 0.718258 0.051532 3 2 0
0.249168 0.719196 0.0514687 3 2 0
0.248518 0.719387 0.0514058 3 2 0
0.247867 0.719579 0.0513433 3 2 0
0.247217 0.719108 0.0513975 3 2 0
0.246567 0.719303 0.0513391 3 2 0
0.245918 0.719497 0.0512812 3 2 0
0.245268 0.719417 0.0511933 3 2 0
0.244619 0.719579 0.051135 3 2 0
0.24397 0.719741 0.0510768 3 2 0
0.243321 0.72019 0.051023 3 2 0
0.242673 0.720387 0.0509651 3 2 0
0.242025 0.720583 0.0508953 3 2 0
0.241377 0.721184 0.0508466 3 2 0
0.240729 0.721379 0.0507754 3 2 0
0.240081 0.721575 0.0507047 3 2 0
0.239434 0.721385 0.0506345 3 2 0
0.238786 0.721582 0.0505649 3 2 0
0.238139 0.72178 0.0504959 3 2 0
0.237492 0.722821 0.0504293 3 2 0
0.236846 0.723012 0.0503358 3 2 0
0.236199 0.723202 0.0502443 3 2 0
0.235553 0.722958 0.0502092 3 2 0
0.234906 0.723132 0.0501184 3 2 0
0.23426 0.723305 0.0500295 3 2 0
0.233614 0.72334 0.0498004 3 2 0
0.232969 0.723538 0.0497232 3 2 0
0.232323 0.723737 0.0496473 3 2 0
0.231677 0.724352 0.0494385 3 2 0
0.231032 0.724548 0.0493734 3 2 0
0.230387 0.724743 0.0493091 3 2 0
0.229742 0.723281 0.0491687 3 2 0
0.229096 0.723434 0.0491113 3 2 0
0.228452 0.723586 0.0490543 3 2 0
0.227807 0.725063 0.048982 3 2 0
0.227162 0.725234 0.048927 3 2 0
0.226517 0.725405 0.0488722 3 2 0
0.225873 0.725577 0.0487718 3 2 0
0.225228 0.725778 0.0487225 3 2 0
0.224584 0.725978 0.0486732 3 2 0
0.22394 0.72556 0.0486134 3 2 0
0.223295 0.725763 0.0485658 3 2 0
0.222651 0.725966 0.048518 3 2 0
0.222007 0.724835 0.0484675 3 2 0
0.221363 0.72504 0.0484209 3 2 0
0.220719 0.725244 0.0483741 3 2 0
0.220075 0.726482 0.0483293 3 2 0
0.219431 0.726639 0.0482829 3 2 0
0.218787 0.726795 0.0482362 3 2 0
0.218143 0.727628 0.0482055 3 2 0
0.217499 0.727794 0.0481601 3 2 0
0.216856 0.727959 0.0481143 3 2 0
0.216212 0.7278 0.0480897 3 2 0
0.215568 0.727959 0.0480445 3 2 0
0.214924 0.728117 0.0479988 3 2 0
0.21428 0.727974 0.0479807 3 2 0
0.213636 0.728126 0.0479353 3 2 0
0.212992 0.728278 0.0478894 3 2 0
0.212348 0.728151 0.0478752 3 2 0
0.211704 0.728297 0.0478292 3 2 0
0.211061 0.728442 0.0477829 3 2 0
0.210416 0.728259 0.0477738 3 2 0
0.209772 0.728397 0.0477272 3 2 0
0.209128 0.728535 0.0476801 3 2 0
0.208484 0.728927 0.0476722 3 2 0
0.20784 0.729136 0.0476248 3 2 0
0.207195 0.729346 0.0475769 3 2 0
0.206551 0.730065 0.0474901 3 2 0
0.205906 0.730275 0.0473926 3 2 0
0.205262 0.730484 0.0472977 3 2 0
0.204617 0.731626 0.0471824 3 2 0
0.203972 0.731834 0.047093 3 2 0
0.203327 0.732042 0.0470058 3 2 0
0.202682 0.73283 0.0468921 3 2 0
0.202037 0.733033 0.0468101 3 2 0
0.201391 0.733236 0.0467302 3 2 0
0.200746 0.733703 0.0466128 3 2 0
0.2001 0.733898 0.0465379 3 2 0
0.199454 0.734093 0.046465 3 2 0
0.198808 0.73429 0.0463622 3 2 0
0.198162 0.734481 0.0462936 3 2 0
0.197516 0.734672 0.0462265 3 2 0
0.196869 0.734749 0.0461259 3 2 0
0.196222 0.734932 0.0460631 3 2 0
0.195575 0.735114 0.0460017 3 2 0
0.194928 0.735441 0.0459881 3 2 0
0.194281 0.735636 0.0459252 3 2 0
0.193633 0.73583 0.0458633 3 2 0
0.192986 0.734885 0.0458192 3 2 0
0.192338 0.735044 0.0457523 3 2 0
0.191689 0.735203 0.0456862 3 2 0
0.191041 0.735293 0.0456187 3 2 0
0.190392 0.735501 0.0455532 3 2 0
0.189743 0.735709 0.045488 3 2 0
0.189094 0.736216 0.0454283 3 2 0
0.188444 0.736423 0.0453646 3 2 0
0.187794 0.73663 0.0453012 3 2 0
0.187144 0.736713 0.0452439 3 2 0
0.186493 0.73692 0.0451815 3 2 0
0.185842 0.737127 0.0451194 3 2 0
0.185191 0.737077 0.0450644 3 2 0
0.184539 0.737285 0.045003 3 2 0
0.183887 0.737493 0.0449418 3 2 0
0.183235 0.737441 0.044889 3 2 0
0.182582 0.737649 0.0448283 3 2 0
0.181929 0.737857 0.0447676 3 2 0
0.181275 0.738126 0.0447176 3 2 0
0.180621 0.738334 0.0446463 3 2 0
0.179967 0.738542 0.04457 3 2 0
0.179312 0.738743 0.0445004 3 2 0
0.178657 0.738951 0.0444259 3 2 0
0.178001 0.739159 0.0443521 3 2 0
0.177345 0.739352 0.0442844 3 2 0
0.176688 0.73956 0.0442121 3 2 0
0.176031 0.739767 0.0441405 3 2 0
0.175373 0.740073 0.0440744 3 2 0
0.174715 0.74028 0.044004 3 2 0
0.174056 0.740487 0.0439343 3 2 0
0.173397 0.740648 0.0438693 3 2 0
0.172737 0.740855 0.0438006 3 2 0
0.172076 0.741062 0.0437323 3 2 0
0.171415 0.742004 0.0436694 3 2 0
0.170754 0.742204 0.043602 3 2 0
0.170091 0.742404 0.043535 3 2 0
0.169428 0.741808 0.0434709 3 2 0
0.168765 0.742014 0.0434047 3 2 0
0.168101 0.74222 0.0433389 3 2 0
0.167436 0.743438 0.0432755 3 2 0
0.16677 0.743627 0.0432103 3 2 0
0.166104 0.743814 0.0431454 3 2 0
0.165437 0.742837 0.043081 3 2 0
0.164769 0.743043 0.0430169 3 2 0
0.164101 0.743249 0.0429531 3 2 0
0.163431 0.74379 0.0428896 3 2 0
0.162761 0.743939 0.0428263 3 2 0
0.16209 0.744086 0.0427634 3 2 0
0.161419 0.744471 0.0427001 3 2 0
0.160746 0.744621 0.0426377 3 2 0
0.160072 0.744769 0.0425756 3 2 0
0.159398 0.74502 0.0425117 3 2 0
0.158723 0.745168 0.04245 3 2 0
0.158046 0.745314 0.0423885 3 2 0
0.157369 0.746023 0.0423231 3 2 0
0.156691 0.746215 0.042262 3 2 0
0.156012 0.746405 0.0422011 3 2 0
0.155331 0.7442 0.0421325 3 2 0
0.15465 0.744406 0.0420719 3 2 0
0.153968 0.744612 0.0420116 3 2 0
0.153284 0.745494 0.0419423 3 2 0
0.152599 0.745698 0.0418824 3 2 0
0.151914 0.745901 0.0418227 3 2 0
0.151226 0.745047 0.0417556 3 2 0
0.150538 0.745129 0.0416963 3 2 0
0.149849 0.745207 0.041637 3 2 0
0.149158 0.746819 0.0415371 3 2 0
0.148465 0.747019 0.0414154 3 2 0
0.147772 0.747218 0.0413002 3 2 0
0.147077 0.747058 0.0411894 3 2 0
0.14638 0.747153 0.0410827 3 2 0
0.145683 0.747244 0.0409813 3 2 0
0.144983 0.748107 0.0408645 3 2 0
0.144282 0.748302 0.0407686 3 2 0
0.143579 0.748496 0.0406772 3 2 0
0.142875 0.746793 0.0405567 3 2 0
0.142169 0.746991 0.0404711 3 2 0
0.141461 0.747189 0.0403893 3 2 0
0.140752 0.749394 0.040267 3 2 0
0.14004 0.74958 0.0401908 3 2 0
0.139327 0.749766 0.0401177 3 2 0
0.138612 0.750483 0.0399823 3 2 0
0.137894 0.750654 0.0399148 3 2 0
0.137175 0.750824 0.0398497 3 2 0
0.136453 0.751037 0.0397176 3 2 0
0.13573 0.7512 0.0396578 3 2 0
0.135003 0.75136 0.0395997 3 2 0
0.134275 0.751595 0.0394319 3 2 0
0.133544 0.751744 0.0393803 3 2 0
0.13281 0.75189 0.0393298 3 2 0
0.132074 0.751698 0.0391982 3 2 0
0.131335 0.751857 0.0391525 3 2 0
0.130593 0.752014 0.0391072 3 2 0
0.129849 0.751924 0.0389463 3 2 0
0.129101 0.752081 0.0389072 3 2 0
0.12835 0.752235 0.0388679 3 2 0
0.127595 0.752341 0.038702 3 2 0
0.126838 0.752489 0.0386689 3 2 0
0.126076 0.752634 0.0386349 3 2 0
0.125311 0.751837 0.03847 3 2 0
0.124542 0.751992 0.0384421 3 2 0
0.123769 0.752144 0.0384126 3 2 0
0.122992 0.7529 0.0382144 3 2 0
0.12221 0.75303 0.0381933 3 2 0
0.121423 0.753156 0.0381699 3 2 0
0.120631 0.752811 0.0380104 3 2 0
0.119835 0.752938 0.0379926 3 2 0
0.119032 0.753059 0.0379718 3 2 0
0.118224 0.753198 0.037809 3 2 0
0.11741 0.753305 0.0377939 3 2 0
0.116589 0.753405 0.0377752 3 2 0
0.115761 0.754033 0.0375569 3 2 0
0.114926 0.754078 0.0375491 3 2 0
0.114082 0.754111 0.0375367 3 2 0
0.113231 0.753772 0.0373762 3 2 0
0.11237 0.75382 0.0373692 3 2 0
0.111499 0.753853 0.037357 3 2 0
0.110618 0.753897 0.0371487 3 2 0
0.109724 0.753896 0.0371466 3 2 0
0.108818 0.753876 0.0371382 3 2 0
0.107898 0.752339 0.0369215 3 2 0
0.106962 0.75235 0.0369245 3 2 0
0.106009 0.752339 0.0369199 3 2 0
0.105035 0.75197 0.0367018 3 2 0
0.10404 0.751915 0.0367094 3 2 0
0.103018 0.751825 0.0367077 3 2 0
0.101964 0.752178 0.036489 3 2 0
0.100875 0.751963 0.036501 3 2 0
0.0997399 0.751675 0.0365014 3 2 0
0.0985471 0.750927 0.0362193 3 2 0
0.097278 0.750448 0.0362477 3 2 0
0.0958991 0.749772 0.0362594 3 2 0
0.0943428 0.748912 0.0359922 3 2 0
0.0924214 0.746755 0.0360446 3 2 0
nan nan nan 4 2 0
0.0551759 0.077003 0.077003 4 4 0
0.0553569 0.0812952 0.0731083 3 4 0
0.0558331 0.0860483 0.0695436 3 4 0
0.0563079 0.0901203 0.066935 3 4 0
0.0566808 0.093429 0.0650601 3 4 0
0.057007 0.0964756 0.0635074 3 4 0
0.0573215 0.0994729 0.0620774 4 4 0
0.0576852 0.103007 0.0605897 4 4 0
0.0580374 0.106385 0.0592992 4 4 0
0.0583851 0.109666 0.0581513 4 4 0
0.0587308 0.112866 0.0571185 4 4 0
0.0590753 0.116077 0.0561786 4 4 0
0.0594188 0.11924 0.0553352 4 4 0
0.0597615 0.122415 0.0545127 4 4 0
0.0601033 0.125563 0.0537787 4 4 0
0.0604442 0.128718 0.0530746 4 4 0
0.0607843 0.131904 0.0524571 4 4 0
0.0611235 0.135097 0.0518089 4 4 0
0.0614618 0.138271 0.0512241 4 4 0
0.0617993 0.14152 0.050684 4 4 0
0.0621359 0.144794 0.0501909 4 4 0
0.0624717 0.148112 0.0496774 4 4 0
0.0628066 0.151453 0.0491776 4 4 0
0.0631407 0.154834 0.0487271 4 4 0
0.0634739 0.158196 0.0483197 4 4 0
0.0638063 0.161671 0.0478873 4 4 0
0.0641378 0.165202 0.0474677 4 4 0
0.0644686 0.168835 0.047099 4 4 0
0.0647985 0.172482 0.0467395 4 4 0
0.0651275 0.176189 0.0463845 4 4 0
0.0654558 0.179821 0.0460293 4 4 0
0.0657833 0.183646 0.0456925 4 4 0
0.06611 0.187592 0.0453794 4 4 0
0.0664359 0.191694 0.0450745 4 4 0
0.066761 0.195767 0.0447572 4 4 0
0.0670853 0.19991 0.0444628 4 4 0
0.0674089 0.204096 0.0442124 4 4 0
0.0677318 0.208358 0.0439123 4 4 0
0.0680538 0.212678 0.0436344 4 4 0
0.0683752 0.217443 0.0434111 4 4 0
0.0686958 0.22203 0.0431351 4 4 0
0.0690157 0.226682 0.0428757 4 4 0
0.069335 0.231718 0.0426534 4 4 0
0.0696535 0.23666 0.0424281 4 4 0
0.0699714 0.241672 0.0421781 4 4 0
0.0702886 0.247078 0.0419599 4 4 0
0.0706051 0.252393 0.0417563 4 4 0
0.0709209 0.257773 0.0415301 4 4 0
0.0712362 0.263636 0.0413118 4 4 0
0.0715508 0.269589 0.0411196 4 4 0
0.0718648 0.275641 0.0409354 4 4 0
0.0721782 0.281446 0.0407083 4 4 0
0.072491 0.287792 0.040526 4 4 0
0.0728032 0.294635 0.0403515 4 4 0
0.0731147 0.301577 0.0401545 4 4 0
0.0734259 0.308359 0.0399854 4 4 0
0.0737365 0.315183 0.0398233 4 4 0
0.0740464 0.323387 0.0396276 4 4 0
0.074356 0.330907 0.0394671 4 4 0
0.0746651 0.338465 0.0393136 4 4 0
0.0749732 0.346851 0.0391339 4 4 0
0.0752812 0.355775 0.0389769 4 4 0
0.0755887 0.364816 0.0388275 4 4 0
0.0758945 0.373972 0.0386784 4 4 0
0.076201 0.383381 0.0385287 4 4 0
0.076507 0.392805 0.0383868 4 4 0
0.0768106 0.402877 0.0382544 4 4 0
0.0771154 0.413736 0.0381129 4 4 0
0.0774195 0.424615 0.0379793 4 4 0
0.0777196 0.434526 0.0378672 4 4 0
0.0780222 0.446733 0.0377344 4 4 0
0.0783239 0.458901 0.0376094 4 4 0
0.0786206 0.470958 0.0375076 4 4 0
0.0789205 0.483061 0.0373885 4 4 0
0.0792191 0.494865 0.037277 4 4 0
0.0795099 0.508271 0.0371892 4 4 0
0.0798063 0.521145 0.0370853 4 4 0
0.0801011 0.533555 0.0369884 4 4 0
0.0803842 0.546688 0.0369262 4 4 0
0.0806765 0.559046 0.036837 4 4 0
0.0809671 0.570742 0.036754 4 4 0
0.0812486 0.582979 0.0367231 4 4 0
0.0815363 0.595816 0.0366484 4 4 0
0.0818219 0.60786 0.0365794 4 4 0
0.0821006 0.617945 0.0365867 4 4 0
0.0823828 0.628082 0.0365274 4 4 0
0.0826626 0.639339 0.0364735 4 4 0
0.0829346 0.648051 0.0364536 4 4 0
0.0832097 0.658222 0.036406 4 4 0
0.0834821 0.667661 0.03636 4 4 0
0.0837515 0.676507 0.0362025 4 4 0
0.0840191 0.684245 0.0361646 4 4 0
0.0842851 0.691293 0.0361282 4 4 0
0.0845508 0.696077 0.0360339 4 4 0
0.0848199 0.70154 0.0360156 4 4 0
0.0850976 0.707913 0.0360034 4 4 0
0.0853955 0.715056 0.0362271 4 4 0
0.0857255 0.720331 0.0362865 4 4 0
0.0857371 0.720492 0.03629 4 4 0
0.0861363 0.725372 0.0361928 3 4 0
0.0866378 0.729769 0.0361033 3 4 0
0.0873525 0.734062 0.0359812 3 4 0
0.0886899 0.739934 0.0352453 3 4 0
nan nan nan 4 4 0
nan nan nan 4 4 0
nan nan nan 4 4 0
nan nan nan 4 4 0
nan nan nan 4 4 0
nan nan nan 4 4 0
nan nan nan 4 4 0
nan nan nan 4 4 0
nan nan nan 4 4 0
nan nan nan 4 4 0
nan nan nan 4 4 0
nan nan nan 4 4 0
nan nan nan 4 4 0
nan nan nan 4 4 0
nan nan nan 4 4 0
nan nan nan 4 4 0
nan nan nan 4 4 0
nan nan nan 4 4 0
nan nan nan 4 4 0
nan nan nan 4 4 0
nan nan nan 4 4 0
nan nan nan 4 4 0
nan nan nan 4 4 0
1.8 0.380958 0.380958 2 1 0
1.80336 0.381128 0.381128 1 1 0
1.80673 0.381297 0.381297 1 1 0
1.81011 0.381466 0.381466 1 1 0
1.81348 0.381635 0.381635 1 1 0
1.81687 0.381804 0.381804 1 1 0
1.82026 0.381972 0.381972 1 1 0
1.82365 0.382141 0.382141 1 1 0
1.82705 0.38231 0.38231 1 1 0
1.83045 0.382478 0.382478 1 1 0
1.83386 0.382646 0.382646 1 1 0
1.83728 0.382814 0.382814 1 1 0
1.84069 0.382982 0.382982 1 1 0
1.84412 0.38315 0.38315 1 1 0
1.84755 0.383318 0.383318 1 1 0
1.85098 0.383486 0.383486 1 1 0
1.85442 0.383654 0.383654 1 1 0
1.85787 0.383821 0.383821 1 1 0
1.86132 0.383988 0.383988 1 1 0
1.86477 0.384156 0.384156 1 1 0
1.86823 0.384323 0.384323 1 1 0
1.8717 0.38449 0.38449 1 1 0
1.87517 0.384657 0.384657 1 1 0
1.87864 0.384824 0.384824 1 1 0
1.88212 0.38499 0.38499 1 1 0
1.88561 0.385157 0.385157 1 1 0
1.8891 0.385323 0.385323 1 1 0
1.89259 0.38549 0.38549 1 1 0
1.89609 0.385656 0.385656 1 1 0
1.8996 0.385822 0.385822 1 1 0
1.90311 0.385988 0.385988 1 1 0
1.90663 0.386154 0.386154 1 1 0
1.91015 0.38632 0.38632 1 1 0
1.91368 0.386485 0.386485 1 1 0
1.91721 0.386651 0.386651 1 1 0
1.92074 0.386816 0.386816 1 1 0
1.92429 0.386982 0.386982 1 1 0
1.92783 0.387147 0.387147 1 1 0
1.93139 0.387312 0.387312 1 1 0
1.93494 0.387477 0.387477 1 1 0
1.93851 0.387642 0.387642 1 1 0
1.94207 0.387807 0.387807 1 1 0
1.94565 0.387971 0.387971 1 1 0
1.94923 0.388136 0.388136 1 1 0
1.95281 0.3883 0.3883 1 1 0
1.9564 0.388465 0.388465 1 1 0
1.95999 0.388629 0.388629 1 1 0
1.96359 0.388793 0.388793 1 1 0
1.96719 0.388957 0.388957 1 1 0
1.9708 0.389121 0.389121 1 1 0
1.97442 0.389285 0.389285 1 1 0
1.97804 0.389448 0.389448 1 1 0
1.98166 0.389612 0.389612 1 1 0
1.98529 0.389775 0.389775 1 1 0
1.98893 0.389939 0.389939 1 1 0
1.99257 0.390102 0.390102 1 1 0
1.99621 0.390265 0.390265 1 1 0
1.99987 0.390428 0.390428 1 1 0
2.00352 0.390591 0.390591 1 1 0
2.00718 0.390754 0.390754 1 1 0
2.01085 0.390916 0.390916 1 1 0
2.01452 0.391079 0.391079 1 1 0
2.0182 0.391241 0.391241 1 1 0
2.02188 0.391404 0.391404 1 1 0
2.02557 0.391566 0.391566 1 1 0
2.02926 0.391728 0.391728 1 1 0
2.03296 0.39189 0.39189 1 1 0
2.03666 0.392052 0.392052 1 1 0
2.04037 0.392214 0.392214 1 1 0
2.04409 0.392375 0.392375 1 1 0
2.0478 0.392537 0.392537 1 1 0
2.05153 0.392698 0.392698 1 1 0
2.05526 0.39286 0.39286 1 1 0
2.05899 0.393021 0.393021 1 1 0
2.06273 0.393182 0.393182 1 1 0
2.06648 0.393343 0.393343 1 1 0
2.07023 0.393504 0.393504 1 1 0
2.07398 0.393665 0.393665 1 1 0
2.07775 0.393825 0.393825 1 1 0
2.08151 0.393986 0.393986 1 1 0
2.08528 0.394146 0.394146 1 1 0
2.08906 0.394307 0.394307 1 1 0
2.09284 0.394467 0.394467 1 1 0
2.09663 0.394627 0.394627 1 1 0
2.10042 0.394787 0.394787 1 1 0
2.10422 0.394947 0.394947 1 1 0
2.10802 0.395107 0.395107 1 1 0
2.11183 0.395266 0.395266 1 1 0
2.11565 0.395426 0.395426 1 1 0
2.11947 0.395585 0.395585 1 1 0
2.12329 0.395745 0.395745 1 1 0
2.12712 0.395904 0.395904 1 1 0
2.13096 0.396063 0.396063 1 1 0
2.1348 0.396222 0.396222 1 1 0
2.13864 0.396381 0.396381 1 1 0
2.14249 0.39654 0.39654 1 1 0
2.14635 0.396699 0.396699 1 1 0
2.15021 0.396857 0.396857 1 1 0
2.15408 0.397016 0.397016 1 1 0
2.15795 0.397174 0.397174 1 1 0
2.16183 0.397332 0.397332 1 1 0
2.16571 0.39749 0.39749 1 1 0
2.1696 0.397648 0.397648 1 1 0
2.17349 0.397806 0.397806 1 1 0
2.17739 0.397964 0.397964 1 1 0
2.18129 0.398122 0.398122 1 1 0
2.1852 0.39828 0.39828 1 1 0
2.18912 0.398437 0.398437 1 1 0
2.19304 0.398594 0.398594 1 1 0
2.19696 0.398752 0.398752 1 1 0
2.2009 0.398909 0.398909 1 1 0
2.20483 0.399066 0.399066 1 1 0
2.20877 0.399223 0.399223 1 1 0
2.21272 0.39938 0.39938 1 1 0
2.21667 0.399537 0.399537 1 1 0
2.22063 0.399693 0.399693 1 1 0
2.22459 0.39985 0.39985 1 1 0
2.22856 0.400006 0.400006 1 1 0
2.23253 0.400163 0.400163 1 1 0
2.23651 0.400319 0.400319 1 1 0
2.2405 0.400475 0.400475 1 1 0
2.24449 0.400631 0.400631 1 1 0
2.24848 0.400787 0.400787 1 1 0
2.25248 0.400943 0.400943 1 1 0
2.25649 0.401098 0.401098 1 1 0
2.2605 0.401254 0.401254 1 1 0
2.26452 0.401409 0.401409 1 1 0
2.26854 0.401565 0.401565 1 1 0
2.27256 0.40172 0.40172 1 1 0
2.2766 0.401875 0.401875 1 1 0
2.28064 0.40203 0.40203 1 1 0
2.28468 0.402185 0.402185 1 1 0
2.28873 0.40234 0.40234 1 1 0
2.29278 0.402494 0.402494 1 1 0
2.29684 0.402649 0.402649 1 1 0
2.30091 0.402804 0.402804 1 1 0
2.30498 0.402958 0.402958 1 1 0
2.30905 0.403112 0.403112 1 1 0
2.31313 0.403266 0.403266 1 1 0
2.31722 0.40342 0.40342 1 1 0
2.32131 0.403574 0.403574 1 1 0
2.32541 0.403728 0.403728 1 1 0
2.32951 0.403882 0.403882 1 1 0
2.33362 0.404036 0.404036 1 1 0
2.33773 0.404189 0.404189 1 1 0
2.34185 0.404343 0.404343 1 1 0
2.34597 0.404496 0.404496 1 1 0
2.3501 0.404649 0.404649 1 1 0
2.35424 0.404802 0.404802 1 1 0
2.35838 0.404955 0.404955 1 1 0
2.36252 0.405108 0.405108 1 1 0
2.36667 0.405261 0.405261 1 1 0
2.37083 0.405414 0.405414 1 1 0
2.37499 0.405566 0.405566 1 1 0
2.37916 0.405719 0.405719 1 1 0
2.38333 0.405871 0.405871 1 1 0
2.38751 0.406023 0.406023 1 1 0
2.39169 0.406175 0.406175 1 1 0
2.39588 0.406328 0.406328 1 1 0
2.40008 0.406479 0.406479 1 1 0
2.40427 0.406631 0.406631 1 1 0
2.40848 0.406783 0.406783 1 1 0
2.41269 0.406935 0.406935 1 1 0
2.41691 0.407086 0.407086 1 1 0
2.42113 0.407238 0.407238 1 1 0
2.42535 0.407389 0.407389 1 1 0
2.42959 0.40754 0.40754 1 1 0
2.43382 0.407691 0.407691 1 1 0
2.43807 0.407842 0.407842 1 1 0
2.44231 0.407993 0.407993 1 1 0
2.44657 0.408144 0.408144 1 1 0
2.45083 0.408295 0.408295 1 1 0
2.45509 0.408445 0.408445 1 1 0
2.45936 0.408596 0.408596 1 1 0
2.46364 0.408746 0.408746 1 1 0
2.46792 0.408896 0.408896 1 1 0
2.4722 0.409046 0.409046 1 1 0
2.4765 0.409196 0.409196 1 1 0
2.48079 0.409346 0.409346 1 1 0
2.48509 0.409496 0.409496 1 1 0
2.4894 0.409646 0.409646 1 1 0
2.49372 0.409796 0.409796 1 1 0
2.49803 0.409945 0.409945 1 1 0
2.50236 0.410095 0.410095 1 1 0
2.50669 0.410244 0.410244 1 1 0
2.51102 0.410393 0.410393 1 1 0
2.51536 0.410542 0.410542 1 1 0
2.51971 0.410691 0.410691 1 1 0
2.52406 0.41084 0.41084 1 1 0
2.52842 0.410989 0.410989 1 1 0
2.53278 0.411138 0.411138 1 1 0
2.53715 0.411286 0.411286 1 1 0
2.54152 0.411435 0.411435 1 1 0
2.5459 0.411583 0.411583 1 1 0
2.55028 0.411731 0.411731 1 1 0
2.55467 0.41188 0.41188 1 1 0
2.55907 0.412028 0.412028 1 1 0
2.56347 0.412176 0.412176 1 1 0
2.56787 0.412323 0.412323 1 1 0
2.57228 0.412471 0.412471 1 1 0
2.5767 0.412619 0.412619 1 1 0
2.58112 0.412766 0.412766 1 1 0
2.58555 0.412914 0.412914 1 1 0
2.58998 0.413061 0.413061 1 1 0
2.59442 0.413208 0.413208 1 1 0
2.59886 0.413356 0.413356 1 1 0
2.60331 0.413503 0.413503 1 1 0
2.60777 0.41365 0.41365 1 1 0
2.61223 0.413796 0.413796 1 1 0
2.61669 0.413943 0.413943 1 1 0
2.62116 0.41409 0.41409 1 1 0
2.62564 0.414236 0.414236 1 1 0
2.63012 0.414383 0.414383 1 1 0
2.63461 0.414529 0.414529 1 1 0
2.6391 0.414675 0.414675 1 1 0
2.6436 0.414821 0.414821 1 1 0
2.6481 0.414967 0.414967 1 1 0
2.65261 0.415113 0.415113 1 1 0
2.65712 0.415259 0.415259 1 1 0
2.66164 0.415405 0.415405 1 1 0
2.66617 0.41555 0.41555 1 1 0
2.6707 0.415696 0.415696 1 1 0
2.67523 0.415841 0.415841 1 1 0
2.67978 0.415987 0.415987 1 1 0
2.68432 0.416132 0.416132 1 1 0
2.68887 0.416277 0.416277 1 1 0
2.69343 0.416422 0.416422 1 1 0
2.698 0.416567 0.416567 1 1 0
2.70256 0.416711 0.416711 1 1 0
2.70714 0.416856 0.416856 1 1 0
2.71172 0.417001 0.417001 1 1 0
2.7163 0.417145 0.417145 1 1 0
2.72089 0.417289 0.417289 1 1 0
2.72549 0.417434 0.417434 1 1 0
2.73009 0.417578 0.417578 1 1 0
2.7347 0.417722 0.417722 1 1 0
2.73931 0.417866 0.417866 1 1 0
2.74392 0.41801 0.41801 1 1 0
2.74855 0.418154 0.418154 1 1 0
2.75318 0.418297 0.418297 1 1 0
2.75781 0.418441 0.418441 1 1 0
2.76245 0.418584 0.418584 1 1 0
2.76709 0.418728 0.418728 1 1 0
2.77174 0.418871 0.418871 1 1 0
2.7764 0.419014 0.419014 1 1 0
2.78106 0.419157 0.419157 1 1 0
2.78573 0.4193 0.4193 1 1 0
2.7904 0.419443 0.419443 1 1 0
2.79507 0.419586 0.419586 1 1 0
2.79976 0.419728 0.419728 1 1 0
2.80445 0.419871 0.419871 1 1 0
2.80914 0.420013 0.420013 1 1 0
2.81384 0.420156 0.420156 1 1 0
2.81854 0.420298 0.420298 1 1 0
2.82325 0.42044 0.42044 1 1 0
2.82797 0.420582 0.420582 1 1 0
2.83269 0.420724 0.420724 1 1 0
2.83741 0.420866 0.420866 1 1 0
2.84214 0.421007 0.421007 1 1 0
2.84688 0.421149 0.421149 1 1 0
2.85162 0.421291 0.421291 1 1 0
2.85637 0.421432 0.421432 1 1 0
2.86112 0.421573 0.421573 1 1 0
2.86588 0.421715 0.421715 1 1 0
2.87065 0.421856 0.421856 1 1 0
2.87542 0.421997 0.421997 1 1 0
2.88019 0.422138 0.422138 1 1 0
2.88497 0.422278 0.422278 1 1 0
2.88976 0.422419 0.422419 1 1 0
2.89455 0.42256 0.42256 1 1 0
2.89934 0.4227 0.4227 1 1 0
2.90414 0.422841 0.422841 1 1 0
2.90895 0.422981 0.422981 1 1 0
2.91376 0.423121 0.423121 1 1 0
2.91858 0.423261 0.423261 1 1 0
2.92341 0.423402 0.423402 1 1 0
2.92823 0.423541 0.423541 1 1 0
2.93307 0.423681 0.423681 1 1 0
2.93791 0.423821 0.423821 1 1 0
2.94275 0.423961 0.423961 1 1 0
2.9476 0.4241 0.4241 1 1 0
2.95246 0.42424 0.42424 1 1 0
2.95732 0.424379 0.424379 1 1 0
2.96219 0.424518 0.424518 1 1 0
2.96706 0.424657 0.424657 1 1 0
2.97194 0.424796 0.424796 1 1 0
2.97682 0.424935 0.424935 1 1 0
2.98171 0.425074 0.425074 1 1 0
2.9866 0.425213 0.425213 1 1 0
2.9915 0.425351 0.425351 1 1 0
2.9964 0.42549 0.42549 1 1 0
3.00131 0.425628 0.425628 1 1 0
3.00623 0.425767 0.425767 1 1 0
3.01115 0.425905 0.425905 1 1 0
3.01607 0.426043 0.426043 1 1 0
3.02101 0.426181 0.426181 1 1 0
3.02594 0.426319 0.426319 1 1 0
3.03088 0.426457 0.426457 1 1 0
3.03583 0.426595 0.426595 1 1 0
3.04078 0.426732 0.426732 1 1 0
3.04574 0.42687 0.42687 1 1 0
3.05071 0.427007 0.427007 1 1 0
3.05568 0.427145 0.427145 1 1 0
3.06065 0.427282 0.427282 1 1 0
3.06563 0.427419 0.427419 1 1 0
3.07061 0.427556 0.427556 1 1 0
3.0756 0.427693 0.427693 1 1 0
3.0806 0.42783 0.42783 1 1 0
3.0856 0.427967 0.427967 1 1 0
3.09061 0.428103 0.428103 1 1 0
3.09562 0.42824 0.42824 1 1 0
3.10064 0.428376 0.428376 1 1 0
3.10566 0.428513 0.428513 1 1 0
3.11069 0.428649 0.428649 1 1 0
3.11572 0.428785 0.428785 1 1 0
3.12076 0.428921 0.428921 1 1 0
3.1258 0.429057 0.429057 1 1 0
3.13085 0.429193 0.429193 1 1 0
3.13591 0.429329 0.429329 1 1 0
3.14097 0.429465 0.429465 1 1 0
3.14603 0.4296 0.4296 1 1 0
3.1511 0.429736 0.429736 1 1 0
3.15618 0.429871 0.429871 1 1 0
3.16126 0.430006 0.430006 1 1 0
3.16635 0.430141 0.430141 1 1 0
3.17144 0.430277 0.430277 1 1 0
3.17654 0.430412 0.430412 1 1 0
3.18164 0.430546 0.430546 1 1 0
3.18675 0.430681 0.430681 1 1 0
3.19186 0.430816 0.430816 1 1 0
3.19698 0.430951 0.430951 1 1 0
3.2021 0.431085 0.431085 1 1 0
3.20723 0.43122 0.43122 1 1 0
3.21237 0.431354 0.431354 1 1 0
3.21751 0.431488 0.431488 1 1 0
3.22265 0.431622 0.431622 1 1 0
3.2278 0.431756 0.431756 1 1 0
3.23296 0.43189 0.43189 1 1 0
3.23812 0.432024 0.432024 1 1 0
3.24329 0.432158 0.432158 1 1 0
3.24846 0.432291 0.432291 1 1 0
3.25364 0.432425 0.432425 1 1 0
3.25882 0.432558 0.432558 1 1 0
3.26401 0.432692 0.432692 1 1 0
3.2692 0.432825 0.432825 1 1 0
3.2744 0.432958 0.432958 1 1 0
3.2796 0.433091 0.433091 1 1 0
3.28481 0.433224 0.433224 1 1 0
3.29002 0.433357 0.433357 1 1 0
3.29524 0.43349 0.43349 1 1 0
3.30047 0.433622 0.433622 1 1 0
3.3057 0.433755 0.433755 1 1 0
3.31093 0.433888 0.433888 1 1 0
3.31617 0.43402 0.43402 1 1 0
3.32142 0.434152 0.434152 1 1 0
3.32667 0.434284 0.434284 1 1 0
3.33193 0.434416 0.434416 1 1 0
3.33719 0.434548 0.434548 1 1 0
3.34246 0.43468 0.43468 1 1 0
3.34773 0.434812 0.434812 1 1 0
3.35301 0.434944 0.434944 1 1 0
3.35829 0.435076 0.435076 1 1 0
3.36358 0.435207 0.435207 1 1 0
3.36887 0.435338 0.435338 1 1 0
3.37417 0.43547 0.43547 1 1 0
3.37947 0.435601 0.435601 1 1 0
3.38478 0.435732 0.435732 1 1 0
3.3901 0.435863 0.435863 1 1 0
3.39542 0.435994 0.435994 1 1 0
3.40074 0.436125 0.436125 1 1 0
3.40607 0.436256 0.436256 1 1 0
3.41141 0.436387 0.436387 1 1 0
3.41675 0.436517 0.436517 1 1 0
3.42209 0.436648 0.436648 1 1 0
3.42744 0.436778 0.436778 1 1 0
3.4328 0.436908 0.436908 1 1 0
3.43816 0.437038 0.437038 1 1 0
3.44353 0.437169 0.437169 1 1 0
3.4489 0.437299 0.437299 1 1 0
3.45428 0.437428 0.437428 1 1 0
3.45966 0.437558 0.437558 1 1 0
3.46505 0.437688 0.437688 1 1 0
3.47044 0.437818 0.437818 1 1 0
3.47584 0.437947 0.437947 1 1 0
3.48124 0.438077 0.438077 1 1 0
3.48665 0.438206 0.438206 1 1 0
3.49206 0.438335 0.438335 1 1 0
3.49748 0.438464 0.438464 1 1 0
3.50291 0.438593 0.438593 1 1 0
3.50834 0.438722 0.438722 1 1 0
3.51377 0.438851 0.438851 1 1 0
3.51921 0.43898 0.43898 1 1 0
3.52465 0.439109 0.439109 1 1 0
3.5301 0.439237 0.439237 1 1 0
3.53556 0.439366 0.439366 1 1 0
3.54102 0.439494 0.439494 1 1 0
3.54648 0.439622 0.439622 1 1 0
3.55196 0.439751 0.439751 1 1 0
3.55743 0.439879 0.439879 1 1 0
3.56291 0.440007 0.440007 1 1 0
3.5684 0.440135 0.440135 1 1 0
3.57389 0.440263 0.440263 1 1 0
3.57939 0.44039 0.44039 1 1 0
3.58489 0.440518 0.440518 1 1 0
3.59039 0.440646 0.440646 1 1 0
3.59591 0.440773 0.440773 1 1 0
3.60142 0.4409 0.4409 1 1 0
3.60694 0.441028 0.441028 1 1 0
3.61247 0.441155 0.441155 1 1 0
3.618 0.441282 0.441282 1 1 0
3.62354 0.441409 0.441409 1 1 0
3.62908 0.441536 0.441536 1 1 0
3.63463 0.441663 0.441663 1 1 0
3.64019 0.441789 0.441789 1 1 0
3.64574 0.441916 0.441916 1 1 0
3.65131 0.442043 0.442043 1 1 0
3.65688 0.442169 0.442169 1 1 0
3.66245 0.442295 0.442295 1 1 0
3.66803 0.442422 0.442422 1 1 0
3.67361 0.442548 0.442548 1 1 0
3.6792 0.442674 0.442674 1 1 0
3.68479 0.4428 0.4428 1 1 0
3.69039 0.442926 0.442926 1 1 0
3.696 0.443052 0.443052 1 1 0
3.70161 0.443177 0.443177 1 1 0
3.70722 0.443303 0.443303 1 1 0
3.71284 0.443428 0.443428 1 1 0
3.71846 0.443554 0.443554 1 1 0
3.72409 0.443679 0.443679 1 1 0
3.72973 0.443804 0.443804 1 1 0
3.73537 0.443929 0.443929 1 1 0
3.74101 0.444055 0.444055 1 1 0
3.74666 0.44418 0.44418 1 1 0
3.75232 0.444304 0.444304 1 1 0
3.75798 0.444429 0.444429 1 1 0
3.76364 0.444554 0.444554 1 1 0
3.76931 0.444678 0.444678 1 1 0
3.77499 0.444803 0.444803 1 1 0
3.78067 0.444927 0.444927 1 1 0
3.78635 0.445052 0.445052 1 1 0
3.79204 0.445176 0.445176 1 1 0
3.79774 0.4453 0.4453 1 1 0
3.80344 0.445424 0.445424 1 1 0
3.80914 0.445548 0.445548 1 1 0
3.81485 0.445672 0.445672 1 1 0
3.82057 0.445796 0.445796 1 1 0
3.82629 0.445919 0.445919 1 1 0
3.83201 0.446043 0.446043 1 1 0
3.83774 0.446167 0.446167 1 1 0
3.84348 0.44629 0.44629 1 1 0
3.84922 0.446413 0.446413 1 1 0
3.85496 0.446537 0.446537 1 1 0
3.86071 0.44666 0.44666 1 1 0
3.86647 0.446783 0.446783 1 1 0
3.87223 0.446906 0.446906 1 1 0
3.87799 0.447029 0.447029 1 1 0
3.88376 0.447151 0.447151 1 1 0
3.88954 0.447274 0.447274 1 1 0
3.89532 0.447397 0.447397 1 1 0
3.90111 0.447519 0.447519 1 1 0
3.9069 0.447642 0.447642 1 1 0
3.91269 0.447764 0.447764 1 1 0
3.91849 0.447886 0.447886 1 1 0
3.9243 0.448008 0.448008 1 1 0
3.93011 0.44813 0.44813 1 1 0
3.93592 0.448252 0.448252 1 1 0
3.94174 0.448374 0.448374 1 1 0
3.94757 0.448496 0.448496 1 1 0
3.95339 0.448618 0.448618 1 1 0
3.95923 0.448739 0.448739 1 1 0
3.96507 0.448861 0.448861 1 1 0
3.97091 0.448982 0.448982 1 1 0
3.97676 0.449104 0.449104 1 1 0
3.98262 0.449225 0.449225 1 1 0
3.98848 0.449346 0.449346 1 1 0
3.99434 0.449467 0.449467 1 1 0
4.00021 0.449588 0.449588 1 1 0
