0 36.4908 36.4908 2 1 0
0.00311495 36.4882 36.4882 1 1 0
0.00505989 36.4802 36.4802 1 1 0
0.00630176 36.4709 36.4709 1 1 0
0.00723944 36.4613 36.4613 1 1 0
0.00801143 36.4515 36.4515 1 1 0
0.0086766 36.4417 36.4417 1 1 0
0.00926727 36.4318 36.4318 1 1 0
0.00980094 36.4219 36.4219 1 1 0
0.0102908 36.412 36.412 1 1 0
0.0107454 36.4021 36.4021 1 1 0
0.0111708 36.3922 36.3922 1 1 0
0.0115717 36.3822 36.3822 1 1 0
0.0119515 36.3723 36.3723 1 1 0
0.012313 36.3623 36.3623 1 1 0
0.0126585 36.3523 36.3523 1 1 0
0.0129898 36.3424 36.3424 1 1 0
0.0133084 36.3324 36.3324 1 1 0
0.0136156 36.3224 36.3224 1 1 0
0.0139125 36.3125 36.3125 1 1 0
0.0142 36.3025 36.3025 1 1 0
0.0144788 36.2925 36.2925 1 1 0
0.0147498 36.2826 36.2826 1 1 0
0.0150134 36.2726 36.2726 1 1 0
0.0152703 36.2626 36.2626 1 1 0
0.0155209 36.2526 36.2526 1 1 0
0.0157656 36.2426 36.2426 1 1 0
0.0160048 36.2326 36.2326 1 1 0
0.0162389 36.2227 36.2227 1 1 0
0.0164682 36.2127 36.2127 1 1 0
0.0166929 36.2027 36.2027 1 1 0
0.0169133 36.1927 36.1927 1 1 0
0.0171296 36.1827 36.1827 1 1 0
0.0173421 36.1727 36.1727 1 1 0
0.0175509 36.1627 36.1627 1 1 0
0.0177563 36.1528 36.1528 1 1 0
0.0179583 36.1428 36.1428 1 1 0
0.0181572 36.1328 36.1328 1 1 0
0.0183531 36.1228 36.1228 1 1 0
0.0185461 36.1128 36.1128 1 1 0
0.0187364 36.1028 36.1028 1 1 0
0.018924 36.0928 36.0928 1 1 0
0.0191091 36.0828 36.0828 1 1 0
0.0192918 36.0728 36.0728 1 1 0
0.0194721 36.0628 36.0628 1 1 0
0.0196502 36.0529 36.0529 1 1 0
0.0198261 36.0429 36.0429 1 1 0
0.0199999 36.0329 36.0329 1 1 0
0.0201718 36.0229 36.0229 1 1 0
0.0203416 36.0129 36.0129 1 1 0
0.0205097 36.0029 36.0029 1 1 0
0.0206759 35.9929 35.9929 1 1 0
0.0208403 35.9829 35.9829 1 1 0
0.0210031 35.9729 35.9729 1 1 0
0.0211642 35.9629 35.9629 1 1 0
0.0213237 35.9529 35.9529 1 1 0
0.0214817 35.9429 35.9429 1 1 0
0.0216382 35.9329 35.9329 1 1 0
0.0217933 35.9229 35.9229 1 1 0
0.0219469 35.913 35.913 1 1 0
0.0220992 35.903 35.903 1 1 0
0.0222501 35.893 35.893 1 1 0
0.0223998 35.883 35.883 1 1 0
0.0225482 35.873 35.873 1 1 0
0.0226954 35.863 35.863 1 1 0
0.0228413 35.853 35.853 1 1 0
0.0229861 35.843 35.843 1 1 0
0.0231298 35.833 35.833 1 1 0
0.0232724 35.823 35.823 1 1 0
0.0234139 35.813 35.813 1 1 0
0.0235543 35.803 35.803 1 1 0
0.0236938 35.793 35.793 1 1 0
0.0238322 35.783 35.783 1 1 0
0.0239696 35.773 35.773 1 1 0
0.0241061 35.763 35.763 1 1 0
0.0242417 35.753 35.753 1 1 0
0.0243763 35.743 35.743 1 1 0
0.0245101 35.733 35.733 1 1 0
0.024643 35.723 35.723 1 1 0
0.024775 35.713 35.713 1 1 0
0.0249062 35.7031 35.7031 1 1 0
0.0250366 35.6931 35.6931 1 1 0
0.0251662 35.6831 35.6831 1 1 0
0.0252949 35.6731 35.6731 1 1 0
0.025423 35.6631 35.6631 1 1 0
0.0255502 35.6531 35.6531 1 1 0
0.0256768 35.6431 35.6431 1 1 0
0.0258026 35.6331 35.6331 1 1 0
0.0259277 35.6231 35.6231 1 1 0
0.0260521 35.6131 35.6131 1 1 0
0.0261758 35.6031 35.6031 1 1 0
0.0262989 35.5931 35.5931 1 1 0
0.0264213 35.5831 35.5831 1 1 0
0.0265431 35.5731 35.5731 1 1 0
0.0266642 35.5631 35.5631 1 1 0
0.0267847 35.5531 35.5531 1 1 0
0.0269046 35.5431 35.5431 1 1 0
0.0270239 35.5331 35.5331 1 1 0
0.0271426 35.5231 35.5231 1 1 0
0.0272607 35.5131 35.5131 1 1 0
0.0273783 35.5031 35.5031 1 1 0
0.0274953 35.4931 35.4931 1 1 0
0.0276117 35.4831 35.4831 1 1 0
0.0277276 35.4731 35.4731 1 1 0
0.027843 35.4631 35.4631 1 1 0
0.0279579 35.4531 35.4531 1 1 0
0.0280722 35.4431 35.4431 1 1 0
0.0281861 35.4331 35.4331 1 1 0
0.0282994 35.4231 35.4231 1 1 0
0.0284123 35.4131 35.4131 1 1 0
0.0285246 35.4031 35.4031 1 1 0
0.0286365 35.3931 35.3931 1 1 0
0.0287479 35.3832 35.3832 1 1 0
0.0288589 35.3732 35.3732 1 1 0
0.0289694 35.3632 35.3632 1 1 0
0.0290795 35.3532 35.3532 1 1 0
0.0291891 35.3432 35.3432 1 1 0
0.0292983 35.3332 35.3332 1 1 0
0.0294071 35.3232 35.3232 1 1 0
0.0295155 35.3132 35.3132 1 1 0
0.0296234 35.3032 35.3032 1 1 0
0.0297309 35.2932 35.2932 1 1 0
0.0298381 35.2832 35.2832 1 1 0
0.0299448 35.2732 35.2732 1 1 0
0.0300511 35.2632 35.2632 1 1 0
0.0301571 35.2532 35.2532 1 1 0
0.0302627 35.2432 35.2432 1 1 0
0.0303679 35.2332 35.2332 1 1 0
0.0304727 35.2232 35.2232 1 1 0
0.0305772 35.2132 35.2132 1 1 0
0.0306813 35.2032 35.2032 1 1 0
0.030785 35.1932 35.1932 1 1 0
0.0308884 35.1832 35.1832 1 1 0
0.0309915 35.1732 35.1732 1 1 0
0.0310942 35.1632 35.1632 1 1 0
0.0311966 35.1532 35.1532 1 1 0
0.0312986 35.1432 35.1432 1 1 0
0.0314004 35.1332 35.1332 1 1 0
0.0315018 35.1232 35.1232 1 1 0
0.0316028 35.1132 35.1132 1 1 0
0.0317036 35.1032 35.1032 1 1 0
0.031804 35.0932 35.0932 1 1 0
0.0319042 35.0832 35.0832 1 1 0
0.032004 35.0732 35.0732 1 1 0
0.0321036 35.0632 35.0632 1 1 0
0.0322028 35.0532 35.0532 1 1 0
0.0323018 35.0432 35.0432 1 1 0
0.0324004 35.0332 35.0332 1 1 0
0.0324988 35.0232 35.0232 1 1 0
0.0325969 35.0132 35.0132 1 1 0
0.0326947 35.0032 35.0032 1 1 0
0.0327923 34.9932 34.9932 1 1 0
0.0328895 34.9832 34.9832 1 1 0
0.0329865 34.9732 34.9732 1 1 0
0.0330833 34.9632 34.9632 1 1 0
0.0331797 34.9532 34.9532 1 1 0
0.0332759 34.9432 34.9432 1 1 0
0.0333719 34.9333 34.9333 1 1 0
0.0334676 34.9233 34.9233 1 1 0
0.0335631 34.9133 34.9133 1 1 0
0.0336583 34.9033 34.9033 1 1 0
0.0337532 34.8933 34.8933 1 1 0
0.0338479 34.8833 34.8833 1 1 0
0.0339424 34.8733 34.8733 1 1 0
0.0340366 34.8633 34.8633 1 1 0
0.0341306 34.8533 34.8533 1 1 0
0.0342244 34.8433 34.8433 1 1 0
0.034318 34.8333 34.8333 1 1 0
0.0344113 34.8233 34.8233 1 1 0
0.0345044 34.8133 34.8133 1 1 0
0.0345972 34.8033 34.8033 1 1 0
0.0346899 34.7933 34.7933 1 1 0
0.0347823 34.7833 34.7833 1 1 0
0.0348745 34.7733 34.7733 1 1 0
0.0349665 34.7633 34.7633 1 1 0
0.0350583 34.7533 34.7533 1 1 0
0.0351499 34.7433 34.7433 1 1 0
0.0352413 34.7333 34.7333 1 1 0
0.0353325 34.7233 34.7233 1 1 0
0.0354235 34.7133 34.7133 1 1 0
0.0355142 34.7033 34.7033 1 1 0
0.0356048 34.6933 34.6933 1 1 0
0.0356952 34.6833 34.6833 1 1 0
0.0357854 34.6733 34.6733 1 1 0
0.0358754 34.6633 34.6633 1 1 0
0.0359652 34.6533 34.6533 1 1 0
0.0360548 34.6433 34.6433 1 1 0
0.0361442 34.6333 34.6333 1 1 0
0.0362335 34.6233 34.6233 1 1 0
0.0363226 34.6133 34.6133 1 1 0
0.0364114 34.6033 34.6033 1 1 0
0.0365002 34.5933 34.5933 1 1 0
0.0365887 34.5833 34.5833 1 1 0
0.036677 34.5733 34.5733 1 1 0
0.0367652 34.5633 34.5633 1 1 0
0.0368532 34.5533 34.5533 1 1 0
0.0369411 34.5433 34.5433 1 1 0
0.0370288 34.5333 34.5333 1 1 0
0.0371163 34.5233 34.5233 1 1 0
0.0372036 34.5133 34.5133 1 1 0
0.0372908 34.5033 34.5033 1 1 0
0.0373778 34.4933 34.4933 1 1 0
0.0374647 34.4833 34.4833 1 1 0
0.0375514 34.4733 34.4733 1 1 0
0.0376379 34.4633 34.4633 1 1 0
0.0377243 34.4533 34.4533 1 1 0
0.0378105 34.4433 34.4433 1 1 0
0.0378966 34.4333 34.4333 1 1 0
0.0379825 34.4233 34.4233 1 1 0
0.0380683 34.4133 34.4133 1 1 0
0.0381539 34.4033 34.4033 1 1 0
0.0382394 34.3933 34.3933 1 1 0
0.0383247 34.3833 34.3833 1 1 0
0.0384099 34.3733 34.3733 1 1 0
0.038495 34.3633 34.3633 1 1 0
0.0385799 34.3533 34.3533 1 1 0
0.0386646 34.3434 34.3434 1 1 0
0.0387493 34.3334 34.3334 1 1 0
0.0388337 34.3234 34.3234 1 1 0
0.0389181 34.3134 34.3134 1 1 0
0.0390023 34.3034 34.3034 1 1 0
0.0390864 34.2934 34.2934 1 1 0
0.0391703 34.2834 34.2834 1 1 0
0.0392542 34.2734 34.2734 1 1 0
0.0393378 34.2634 34.2634 1 1 0
0.0394214 34.2534 34.2534 1 1 0
0.0395048 34.2434 34.2434 1 1 0
0.0395881 34.2334 34.2334 1 1 0
0.0396713 34.2234 34.2234 1 1 0
0.0397543 34.2134 34.2134 1 1 0
0.0398373 34.2034 34.2034 1 1 0
0.0399201 34.1934 34.1934 1 1 0
0.0400027 34.1834 34.1834 1 1 0
0.0400853 34.1734 34.1734 1 1 0
0.0401677 34.1634 34.1634 1 1 0
0.0402501 34.1534 34.1534 1 1 0
0.0403323 34.1434 34.1434 1 1 0
0.0404144 34.1334 34.1334 1 1 0
0.0404963 34.1234 34.1234 1 1 0
0.0405782 34.1134 34.1134 1 1 0
0.0406599 34.1034 34.1034 1 1 0
0.0407416 34.0934 34.0934 1 1 0
0.0408231 34.0834 34.0834 1 1 0
0.0409045 34.0734 34.0734 1 1 0
0.0409858 34.0634 34.0634 1 1 0
0.041067 34.0534 34.0534 1 1 0
0.0411481 34.0434 34.0434 1 1 0
0.0412291 34.0334 34.0334 1 1 0
0.0413099 34.0234 34.0234 1 1 0
0.0413907 34.0134 34.0134 1 1 0
0.0414714 34.0034 34.0034 1 1 0
0.0415519 33.9934 33.9934 1 1 0
0.0416324 33.9834 33.9834 1 1 0
0.0417127 33.9734 33.9734 1 1 0
0.041793 33.9634 33.9634 1 1 0
0.0418731 33.9534 33.9534 1 1 0
0.0419532 33.9434 33.9434 1 1 0
0.0420332 33.9334 33.9334 1 1 0
0.042113 33.9234 33.9234 1 1 0
0.0421928 33.9134 33.9134 1 1 0
0.0422725 33.9034 33.9034 1 1 0
0.042352 33.8934 33.8934 1 1 0
0.0424315 33.8834 33.8834 1 1 0
0.0425109 33.8734 33.8734 1 1 0
0.0425902 33.8634 33.8634 1 1 0
0.0426694 33.8534 33.8534 1 1 0
0.0427485 33.8434 33.8434 1 1 0
0.0428276 33.8334 33.8334 1 1 0
0.0429065 33.8234 33.8234 1 1 0
0.0429854 33.8134 33.8134 1 1 0
0.0430641 33.8034 33.8034 1 1 0
0.0431428 33.7934 33.7934 1 1 0
0.0432214 33.7834 33.7834 1 1 0
0.0432999 33.7734 33.7734 1 1 0
0.0433783 33.7634 33.7634 1 1 0
0.0434566 33.7534 33.7534 1 1 0
0.0435349 33.7434 33.7434 1 1 0
0.0436131 33.7334 33.7334 1 1 0
0.0436912 33.7234 33.7234 1 1 0
0.0437692 33.7134 33.7134 1 1 0
0.0438471 33.7034 33.7034 1 1 0
0.0439249 33.6934 33.6934 1 1 0
0.0440027 33.6834 33.6834 1 1 0
0.0440804 33.6734 33.6734 1 1 0
0.044158 33.6634 33.6634 1 1 0
0.0442355 33.6534 33.6534 1 1 0
0.044313 33.6435 33.6435 1 1 0
0.0443904 33.6335 33.6335 1 1 0
0.0444677 33.6235 33.6235 1 1 0
0.0445449 33.6135 33.6135 1 1 0
0.0446221 33.6035 33.6035 1 1 0
0.0446992 33.5935 33.5935 1 1 0
0.0447762 33.5835 33.5835 1 1 0
0.0448531 33.5735 33.5735 1 1 0
0.04493 33.5635 33.5635 1 1 0
0.0450068 33.5535 33.5535 1 1 0
0.0450835 33.5435 33.5435 1 1 0
0.0451602 33.5335 33.5335 1 1 0
0.0452368 33.5235 33.5235 1 1 0
0.0453133 33.5135 33.5135 1 1 0
0.0453897 33.5035 33.5035 1 1 0
0.0454661 33.4935 33.4935 1 1 0
0.0455424 33.4835 33.4835 1 1 0
0.0456187 33.4735 33.4735 1 1 0
0.0456949 33.4635 33.4635 1 1 0
0.045771 33.4535 33.4535 1 1 0
0.0458471 33.4435 33.4435 1 1 0
0.0459231 33.4335 33.4335 1 1 0
0.045999 33.4235 33.4235 1 1 0
0.0460749 33.4135 33.4135 1 1 0
0.0461507 33.4035 33.4035 1 1 0
0.0462264 33.3935 33.3935 1 1 0
0.0463021 33.3835 33.3835 1 1 0
0.0463777 33.3735 33.3735 1 1 0
0.0464533 33.3635 33.3635 1 1 0
0.0465288 33.3535 33.3535 1 1 0
0.0466042 33.3435 33.3435 1 1 0
0.0466796 33.3335 33.3335 1 1 0
0.0467549 33.3235 33.3235 1 1 0
0.0468302 33.3135 33.3135 1 1 0
0.0469054 33.3035 33.3035 1 1 0
0.0469806 33.2935 33.2935 1 1 0
0.0470557 33.2835 33.2835 1 1 0
0.0471307 33.2735 33.2735 1 1 0
0.0472057 33.2635 33.2635 1 1 0
0.0472806 33.2535 33.2535 1 1 0
0.0473555 33.2435 33.2435 1 1 0
0.0474304 33.2335 33.2335 1 1 0
0.0475051 33.2235 33.2235 1 1 0
0.0475799 33.2135 33.2135 1 1 0
0.0476545 33.2035 33.2035 1 1 0
0.0477291 33.1935 33.1935 1 1 0
0.0478037 33.1835 33.1835 1 1 0
0.0478782 33.1735 33.1735 1 1 0
0.0479527 33.1635 33.1635 1 1 0
0.0480271 33.1535 33.1535 1 1 0
0.0481015 33.1435 33.1435 1 1 0
0.0481758 33.1335 33.1335 1 1 0
0.0482501 33.1235 33.1235 1 1 0
0.0483243 33.1135 33.1135 1 1 0
0.0483985 33.1035 33.1035 1 1 0
0.0484726 33.0935 33.0935 1 1 0
0.0485467 33.0835 33.0835 1 1 0
0.0486207 33.0735 33.0735 1 1 0
0.0486947 33.0635 33.0635 1 1 0
0.0487686 33.0535 33.0535 1 1 0
0.0488425 33.0435 33.0435 1 1 0
0.0489164 33.0335 33.0335 1 1 0
0.0489902 33.0235 33.0235 1 1 0
0.049064 33.0135 33.0135 1 1 0
0.0491377 33.0035 33.0035 1 1 0
0.0492114 32.9935 32.9935 1 1 0
0.049285 32.9835 32.9835 1 1 0
0.0493586 32.9735 32.9735 1 1 0
0.0494322 32.9635 32.9635 1 1 0
0.0495057 32.9535 32.9535 1 1 0
0.0495791 32.9435 32.9435 1 1 0
0.0496526 32.9335 32.9335 1 1 0
0.049726 32.9235 32.9235 1 1 0
0.0497993 32.9136 32.9136 1 1 0
0.0498726 32.9036 32.9036 1 1 0
0.0499459 32.8936 32.8936 1 1 0
0.0500191 32.8836 32.8836 1 1 0
0.0500923 32.8736 32.8736 1 1 0
0.0501655 32.8636 32.8636 1 1 0
0.0502386 32.8536 32.8536 1 1 0
0.0503117 32.8436 32.8436 1 1 0
0.0503848 32.8336 32.8336 1 1 0
0.0504578 32.8236 32.8236 1 1 0
0.0505308 32.8136 32.8136 1 1 0
0.0506037 32.8036 32.8036 1 1 0
0.0506766 32.7936 32.7936 1 1 0
0.0507495 32.7836 32.7836 1 1 0
0.0508223 32.7736 32.7736 1 1 0
0.0508951 32.7636 32.7636 1 1 0
0.0509679 32.7536 32.7536 1 1 0
0.0510406 32.7436 32.7436 1 1 0
0.0511133 32.7336 32.7336 1 1 0
0.051186 32.7236 32.7236 1 1 0
0.0512587 32.7136 32.7136 1 1 0
0.0513313 32.7036 32.7036 1 1 0
0.0514038 32.6936 32.6936 1 1 0
0.0514764 32.6836 32.6836 1 1 0
0.0515489 32.6736 32.6736 1 1 0
0.0516214 32.6636 32.6636 1 1 0
0.0516939 32.6536 32.6536 1 1 0
0.0517663 32.6436 32.6436 1 1 0
0.0518387 32.6336 32.6336 1 1 0
0.051911 32.6236 32.6236 1 1 0
0.0519834 32.6136 32.6136 1 1 0
0.0520557 32.6036 32.6036 1 1 0
0.052128 32.5936 32.5936 1 1 0
0.0522002 32.5836 32.5836 1 1 0
0.0522725 32.5736 32.5736 1 1 0
0.0523447 32.5636 32.5636 1 1 0
0.0524169 32.5536 32.5536 1 1 0
0.052489 32.5436 32.5436 1 1 0
0.0525611 32.5336 32.5336 1 1 0
0.0526332 32.5236 32.5236 1 1 0
0.0527053 32.5136 32.5136 1 1 0
0.0527773 32.5036 32.5036 1 1 0
0.0528494 32.4936 32.4936 1 1 0
0.0529214 32.4836 32.4836 1 1 0
0.0529934 32.4736 32.4736 1 1 0
0.0530653 32.4636 32.4636 1 1 0
0.0531372 32.4536 32.4536 1 1 0
0.0532091 32.4436 32.4436 1 1 0
0.053281 32.4336 32.4336 1 1 0
0.0533529 32.4236 32.4236 1 1 0
0.0534247 32.4136 32.4136 1 1 0
0.0534965 32.4036 32.4036 1 1 0
0.0535683 32.3936 32.3936 1 1 0
0.0536401 32.3836 32.3836 1 1 0
0.0537119 32.3736 32.3736 1 1 0
0.0537836 32.3636 32.3636 1 1 0
0.0538553 32.3536 32.3536 1 1 0
0.053927 32.3436 32.3436 1 1 0
0.0539987 32.3336 32.3336 1 1 0
0.0540704 32.3236 32.3236 1 1 0
0.054142 32.3136 32.3136 1 1 0
0.0542136 32.3036 32.3036 1 1 0
0.0542852 32.2936 32.2936 1 1 0
0.0543568 32.2836 32.2836 1 1 0
0.0544284 32.2736 32.2736 1 1 0
0.0544999 32.2636 32.2636 1 1 0
0.0545714 32.2536 32.2536 1 1 0
0.054643 32.2436 32.2436 1 1 0
0.0547145 32.2336 32.2336 1 1 0
0.0547859 32.2236 32.2236 1 1 0
0.0548574 32.2136 32.2136 1 1 0
0.0549289 32.2037 32.2037 1 1 0
0.0550003 32.1937 32.1937 1 1 0
0.0550717 32.1837 32.1837 1 1 0
0.0551431 32.1737 32.1737 1 1 0
0.0552145 32.1637 32.1637 1 1 0
0.0552859 32.1537 32.1537 1 1 0
0.0553573 32.1437 32.1437 1 1 0
0.0554286 32.1337 32.1337 1 1 0
0.0554999 32.1237 32.1237 1 1 0
0.0555713 32.1137 32.1137 1 1 0
0.0556426 32.1037 32.1037 1 1 0
0.0557139 32.0937 32.0937 1 1 0
0.0557852 32.0837 32.0837 1 1 0
0.0558564 32.0737 32.0737 1 1 0
0.0559277 32.0637 32.0637 1 1 0
0.0559989 32.0537 32.0537 1 1 0
0.0560702 32.0437 32.0437 1 1 0
0.0561414 32.0337 32.0337 1 1 0
0.0562126 32.0237 32.0237 1 1 0
0.0562839 32.0137 32.0137 1 1 0
0.0563551 32.0037 32.0037 1 1 0
0.0564262 31.9937 31.9937 1 1 0
0.0564974 31.9837 31.9837 1 1 0
0.0565686 31.9737 31.9737 1 1 0
0.0566398 31.9637 31.9637 1 1 0
0.0567109 31.9537 31.9537 1 1 0
0.0567821 31.9437 31.9437 1 1 0
0.0568532 31.9337 31.9337 1 1 0
0.0569243 31.9237 31.9237 1 1 0
0.0569955 31.9137 31.9137 1 1 0
0.0570666 31.9037 31.9037 1 1 0
0.0571377 31.8937 31.8937 1 1 0
0.0572088 31.8837 31.8837 1 1 0
0.0572799 31.8737 31.8737 1 1 0
0.057351 31.8637 31.8637 1 1 0
0.0574221 31.8537 31.8537 1 1 0
0.0574931 31.8437 31.8437 1 1 0
0.0575642 31.8337 31.8337 1 1 0
0.0576353 31.8237 31.8237 1 1 0
0.0577064 31.8137 31.8137 1 1 0
0.0577774 31.8037 31.8037 1 1 0
0.0578485 31.7937 31.7937 1 1 0
0.0579195 31.7837 31.7837 1 1 0
0.0579906 31.7737 31.7737 1 1 0
0.0580616 31.7637 31.7637 1 1 0
0.0581327 31.7537 31.7537 1 1 0
0.0582037 31.7437 31.7437 1 1 0
0.0582747 31.7337 31.7337 1 1 0
0.0583458 31.7237 31.7237 1 1 0
0.0584168 31.7137 31.7137 1 1 0
0.0584878 31.7037 31.7037 1 1 0
0.0585589 31.6937 31.6937 1 1 0
0.0586299 31.6837 31.6837 1 1 0
0.0587009 31.6737 31.6737 1 1 0
0.0587719 31.6637 31.6637 1 1 0
0.058843 31.6537 31.6537 1 1 0
0.058914 31.6437 31.6437 1 1 0
0.058985 31.6337 31.6337 1 1 0
0.0590561 31.6237 31.6237 1 1 0
0.0591271 31.6137 31.6137 1 1 0
0.0591981 31.6037 31.6037 1 1 0
0.0592691 31.5937 31.5937 1 1 0
0.0593402 31.5837 31.5837 1 1 0
0.0594112 31.5737 31.5737 1 1 0
0.0594822 31.5637 31.5637 1 1 0
0.0595533 31.5537 31.5537 1 1 0
0.0596243 31.5438 31.5438 1 1 0
0.0596953 31.5338 31.5338 1 1 0
0.0597664 31.5238 31.5238 1 1 0
0.0598374 31.5138 31.5138 1 1 0
0.0599085 31.5038 31.5038 1 1 0
0.0599795 31.4938 31.4938 1 1 0
0.0600506 31.4838 31.4838 1 1 0
0.0601217 31.4738 31.4738 1 1 0
0.0601927 31.4638 31.4638 1 1 0
0.0602638 31.4538 31.4538 1 1 0
0.0603349 31.4438 31.4438 1 1 0
0.0604059 31.4338 31.4338 1 1 0
0.060477 31.4238 31.4238 1 1 0
0.0605481 31.4138 31.4138 1 1 0
0.0606192 31.4038 31.4038 1 1 0
0.0606903 31.3938 31.3938 1 1 0
0.0607614 31.3838 31.3838 1 1 0
0.0608325 31.3738 31.3738 1 1 0
0.0609037 31.3638 31.3638 1 1 0
0.0609748 31.3538 31.3538 1 1 0
0.0610459 31.3438 31.3438 1 1 0
0.0611171 31.3338 31.3338 1 1 0
0.0611882 31.3238 31.3238 1 1 0
0.0612594 31.3138 31.3138 1 1 0
0.0613306 31.3038 31.3038 1 1 0
0.0614017 31.2938 31.2938 1 1 0
0.0614729 31.2838 31.2838 1 1 0
0.0615441 31.2738 31.2738 1 1 0
0.0616153 31.2638 31.2638 1 1 0
0.0616865 31.2538 31.2538 1 1 0
0.0617578 31.2438 31.2438 1 1 0
0.061829 31.2338 31.2338 1 1 0
0.0619002 31.2238 31.2238 1 1 0
0.0619715 31.2138 31.2138 1 1 0
0.0620427 31.2038 31.2038 1 1 0
0.062114 31.1938 31.1938 1 1 0
0.0621853 31.1838 31.1838 1 1 0
0.0622566 31.1738 31.1738 1 1 0
0.0623279 31.1638 31.1638 1 1 0
0.0623992 31.1538 31.1538 1 1 0
0.0624706 31.1438 31.1438 1 1 0
0.0625419 31.1338 31.1338 1 1 0
0.0626133 31.1238 31.1238 1 1 0
0.0626847 31.1138 31.1138 1 1 0
0.062756 31.1038 31.1038 1 1 0
0.0628274 31.0938 31.0938 1 1 0
0.0628989 31.0838 31.0838 1 1 0
0.0629703 31.0738 31.0738 1 1 0
0.0630417 31.0638 31.0638 1 1 0
0.0631132 31.0538 31.0538 1 1 0
0.0631847 31.0438 31.0438 1 1 0
0.0632561 31.0338 31.0338 1 1 0
0.0633276 31.0238 31.0238 1 1 0
0.0633992 31.0138 31.0138 1 1 0
0.0634707 31.0038 31.0038 1 1 0
0.0635422 30.9938 30.9938 1 1 0
0.0636138 30.9838 30.9838 1 1 0
0.0636854 30.9738 30.9738 1 1 0
0.063757 30.9638 30.9638 1 1 0
0.0638286 30.9538 30.9538 1 1 0
0.0639002 30.9438 30.9438 1 1 0
0.0639719 30.9338 30.9338 1 1 0
0.0640436 30.9239 30.9239 1 1 0
0.0641152 30.9139 30.9139 1 1 0
0.0641869 30.9039 30.9039 1 1 0
0.0642587 30.8939 30.8939 1 1 0
0.0643304 30.8839 30.8839 1 1 0
0.0644022 30.8739 30.8739 1 1 0
0.0644739 30.8639 30.8639 1 1 0
0.0645457 30.8539 30.8539 1 1 0
0.0646176 30.8439 30.8439 1 1 0
0.0646894 30.8339 30.8339 1 1 0
0.0647612 30.8239 30.8239 1 1 0
0.0648331 30.8139 30.8139 1 1 0
0.064905 30.8039 30.8039 1 1 0
0.0649769 30.7939 30.7939 1 1 0
0.0650489 30.7839 30.7839 1 1 0
0.0651208 30.7739 30.7739 1 1 0
0.0651928 30.7639 30.7639 1 1 0
0.0652648 30.7539 30.7539 1 1 0
0.0653369 30.7439 30.7439 1 1 0
0.0654089 30.7339 30.7339 1 1 0
0.065481 30.7239 30.7239 1 1 0
0.0655531 30.7139 30.7139 1 1 0
0.0656252 30.7039 30.7039 1 1 0
0.0656973 30.6939 30.6939 1 1 0
0.0657695 30.6839 30.6839 1 1 0
0.0658417 30.6739 30.6739 1 1 0
0.0659139 30.6639 30.6639 1 1 0
0.0659861 30.6539 30.6539 1 1 0
0.0660584 30.6439 30.6439 1 1 0
0.0661307 30.6339 30.6339 1 1 0
0.066203 30.6239 30.6239 1 1 0
0.0662753 30.6139 30.6139 1 1 0
0.0663477 30.6039 30.6039 1 1 0
0.0664201 30.5939 30.5939 1 1 0
0.0664925 30.5839 30.5839 1 1 0
0.0665649 30.5739 30.5739 1 1 0
0.0666374 30.5639 30.5639 1 1 0
0.0667099 30.5539 30.5539 1 1 0
0.0667824 30.5439 30.5439 1 1 0
0.0668549 30.5339 30.5339 1 1 0
0.0669275 30.5239 30.5239 1 1 0
0.0670001 30.5139 30.5139 1 1 0
0.0670727 30.5039 30.5039 1 1 0
0.0671454 30.4939 30.4939 1 1 0
0.0672181 30.4839 30.4839 1 1 0
0.0672908 30.4739 30.4739 1 1 0
0.0673635 30.4639 30.4639 1 1 0
0.0674363 30.4539 30.4539 1 1 0
0.0675091 30.4439 30.4439 1 1 0
0.067582 30.4339 30.4339 1 1 0
0.0676548 30.4239 30.4239 1 1 0
0.0677277 30.4139 30.4139 1 1 0
0.0678006 30.4039 30.4039 1 1 0
0.0678736 30.3939 30.3939 1 1 0
0.0679466 30.3839 30.3839 1 1 0
0.0680196 30.3739 30.3739 1 1 0
0.0680926 30.364 30.364 1 1 0
0.0681657 30.354 30.354 1 1 0
0.0682388 30.344 30.344 1 1 0
0.068312 30.334 30.334 1 1 0
0.0683852 30.324 30.324 1 1 0
0.0684584 30.314 30.314 1 1 0
0.0685316 30.304 30.304 1 1 0
0.0686049 30.294 30.294 1 1 0
0.0686782 30.284 30.284 1 1 0
0.0687515 30.274 30.274 1 1 0
0.0688249 30.264 30.264 1 1 0
0.0688983 30.254 30.254 1 1 0
0.0689718 30.244 30.244 1 1 0
0.0690453 30.234 30.234 1 1 0
0.0691188 30.224 30.224 1 1 0
0.0691923 30.214 30.214 1 1 0
0.0692659 30.204 30.204 1 1 0
0.0693395 30.194 30.194 1 1 0
0.0694132 30.184 30.184 1 1 0
0.0694869 30.174 30.174 1 1 0
0.0695606 30.164 30.164 1 1 0
0.0696344 30.154 30.154 1 1 0
0.0697082 30.144 30.144 1 1 0
0.069782 30.134 30.134 1 1 0
0.0698559 30.124 30.124 1 1 0
0.0699298 30.114 30.114 1 1 0
0.0700038 30.104 30.104 1 1 0
0.0700778 30.094 30.094 1 1 0
0.0701518 30.084 30.084 1 1 0
0.0702259 30.074 30.074 1 1 0
0.0703 30.064 30.064 1 1 0
0.0703742 30.054 30.054 1 1 0
0.0704484 30.044 30.044 1 1 0
0.0705226 30.034 30.034 1 1 0
0.0705969 30.024 30.024 1 1 0
0.0706712 30.014 30.014 1 1 0
0.0707455 30.004 30.004 1 1 0
0.0708199 29.994 29.994 1 1 0
0.0708944 29.984 29.984 1 1 0
0.0709688 29.974 29.974 1 1 0
0.0710434 29.964 29.964 1 1 0
0.0711179 29.954 29.954 1 1 0
0.0711925 29.944 29.944 1 1 0
0.0712672 29.934 29.934 1 1 0
0.0713419 29.924 29.924 1 1 0
0.0714166 29.914 29.914 1 1 0
0.0714914 29.904 29.904 1 1 0
0.0715662 29.894 29.894 1 1 0
0.0716411 29.884 29.884 1 1 0
0.071716 29.874 29.874 1 1 0
0.0717909 29.864 29.864 1 1 0
0.0718659 29.854 29.854 1 1 0
0.071941 29.8441 29.8441 1 1 0
0.0720161 29.8341 29.8341 1 1 0
0.0720912 29.8241 29.8241 1 1 0
0.0721664 29.8141 29.8141 1 1 0
0.0722416 29.8041 29.8041 1 1 0
0.0723169 29.7941 29.7941 1 1 0
0.0723922 29.7841 29.7841 1 1 0
0.0724676 29.7741 29.7741 1 1 0
0.072543 29.7641 29.7641 1 1 0
0.0726184 29.7541 29.7541 1 1 0
0.072694 29.7441 29.7441 1 1 0
0.0727695 29.7341 29.7341 1 1 0
0.0728451 29.7241 29.7241 1 1 0
0.0729208 29.7141 29.7141 1 1 0
0.0729965 29.7041 29.7041 1 1 0
0.0730722 29.6941 29.6941 1 1 0
0.0731481 29.6841 29.6841 1 1 0
0.0732239 29.6741 29.6741 1 1 0
0.0732998 29.6641 29.6641 1 1 0
0.0733758 29.6541 29.6541 1 1 0
0.0734518 29.6441 29.6441 1 1 0
0.0735278 29.6341 29.6341 1 1 0
0.0736039 29.6241 29.6241 1 1 0
0.0736801 29.6141 29.6141 1 1 0
0.0737563 29.6041 29.6041 1 1 0
0.0738326 29.5941 29.5941 1 1 0
0.0739089 29.5841 29.5841 1 1 0
0.0739853 29.5741 29.5741 1 1 0
0.0740617 29.5641 29.5641 1 1 0
0.0741382 29.5541 29.5541 1 1 0
0.0742147 29.5441 29.5441 1 1 0
0.0742913 29.5341 29.5341 1 1 0
0.0743679 29.5241 29.5241 1 1 0
0.0744446 29.5141 29.5141 1 1 0
0.0745214 29.5041 29.5041 1 1 0
0.0745982 29.4941 29.4941 1 1 0
0.074675 29.4841 29.4841 1 1 0
0.0747519 29.4741 29.4741 1 1 0
0.0748289 29.4641 29.4641 1 1 0
0.0749059 29.4541 29.4541 1 1 0
0.074983 29.4441 29.4441 1 1 0
0.0750601 29.4341 29.4341 1 1 0
0.0751373 29.4241 29.4241 1 1 0
0.0752146 29.4141 29.4141 1 1 0
0.0752919 29.4041 29.4041 1 1 0
0.0753693 29.3941 29.3941 1 1 0
0.0754467 29.3841 29.3841 1 1 0
0.0755242 29.3742 29.3742 1 1 0
0.0756017 29.3642 29.3642 1 1 0
0.0756793 29.3542 29.3542 1 1 0
0.075757 29.3442 29.3442 1 1 0
0.0758347 29.3342 29.3342 1 1 0
0.0759125 29.3242 29.3242 1 1 0
0.0759904 29.3142 29.3142 1 1 0
0.0760683 29.3042 29.3042 1 1 0
0.0761462 29.2942 29.2942 1 1 0
0.0762243 29.2842 29.2842 1 1 0
0.0763024 29.2742 29.2742 1 1 0
0.0763805 29.2642 29.2642 1 1 0
0.0764587 29.2542 29.2542 1 1 0
0.076537 29.2442 29.2442 1 1 0
0.0766153 29.2342 29.2342 1 1 0
0.0766937 29.2242 29.2242 1 1 0
0.0767722 29.2142 29.2142 1 1 0
0.0768507 29.2042 29.2042 1 1 0
0.0769293 29.1942 29.1942 1 1 0
0.077008 29.1842 29.1842 1 1 0
0.0770867 29.1742 29.1742 1 1 0
0.0771655 29.1642 29.1642 1 1 0
0.0772444 29.1542 29.1542 1 1 0
0.0773233 29.1442 29.1442 1 1 0
0.0774023 29.1342 29.1342 1 1 0
0.0774813 29.1242 29.1242 1 1 0
0.0775605 29.1142 29.1142 1 1 0
0.0776397 29.1042 29.1042 1 1 0
0.0777189 29.0942 29.0942 1 1 0
0.0777982 29.0842 29.0842 1 1 0
0.0778776 29.0742 29.0742 1 1 0
0.0779571 29.0642 29.0642 1 1 0
0.0780366 29.0542 29.0542 1 1 0
0.0781162 29.0442 29.0442 1 1 0
0.0781959 29.0342 29.0342 1 1 0
0.0782756 29.0242 29.0242 1 1 0
0.0783554 29.0142 29.0142 1 1 0
0.0784353 29.0042 29.0042 1 1 0
0.0785153 28.9942 28.9942 1 1 0
0.0785953 28.9842 28.9842 1 1 0
0.0786754 28.9742 28.9742 1 1 0
0.0787556 28.9642 28.9642 1 1 0
0.0788358 28.9542 28.9542 1 1 0
0.0789161 28.9442 28.9442 1 1 0
0.0789965 28.9343 28.9343 1 1 0
0.0790769 28.9243 28.9243 1 1 0
0.0791575 28.9143 28.9143 1 1 0
0.0792381 28.9043 28.9043 1 1 0
0.0793187 28.8943 28.8943 1 1 0
0.0793995 28.8843 28.8843 1 1 0
0.0794803 28.8743 28.8743 1 1 0
0.0795612 28.8643 28.8643 1 1 0
0.0796422 28.8543 28.8543 1 1 0
0.0797233 28.8443 28.8443 1 1 0
0.0798044 28.8343 28.8343 1 1 0
0.0798856 28.8243 28.8243 1 1 0
0.0799669 28.8143 28.8143 1 1 0
0.0800482 28.8043 28.8043 1 1 0
0.0801297 28.7943 28.7943 1 1 0
0.0802112 28.7843 28.7843 1 1 0
0.0802928 28.7743 28.7743 1 1 0
0.0803745 28.7643 28.7643 1 1 0
0.0804562 28.7543 28.7543 1 1 0
0.080538 28.7443 28.7443 1 1 0
0.08062 28.7343 28.7343 1 1 0
0.0807019 28.7243 28.7243 1 1 0
0.080784 28.7143 28.7143 1 1 0
0.0808662 28.7043 28.7043 1 1 0
0.0809484 28.6943 28.6943 1 1 0
0.0810307 28.6843 28.6843 1 1 0
0.0811131 28.6743 28.6743 1 1 0
0.0811956 28.6643 28.6643 1 1 0
0.0812782 28.6543 28.6543 1 1 0
0.0813608 28.6443 28.6443 1 1 0
0.0814435 28.6343 28.6343 1 1 0
0.0815264 28.6243 28.6243 1 1 0
0.0816093 28.6143 28.6143 1 1 0
0.0816922 28.6043 28.6043 1 1 0
0.0817753 28.5943 28.5943 1 1 0
0.0818585 28.5843 28.5843 1 1 0
0.0819417 28.5743 28.5743 1 1 0
0.082025 28.5643 28.5643 1 1 0
0.0821084 28.5543 28.5543 1 1 0
0.0821919 28.5443 28.5443 1 1 0
0.0822755 28.5343 28.5343 1 1 0
0.0823592 28.5244 28.5244 1 1 0
0.082443 28.5144 28.5144 1 1 0
0.0825268 28.5044 28.5044 1 1 0
0.0826108 28.4944 28.4944 1 1 0
0.0826948 28.4844 28.4844 1 1 0
0.0827789 28.4744 28.4744 1 1 0
0.0828631 28.4644 28.4644 1 1 0
0.0829474 28.4544 28.4544 1 1 0
0.0830318 28.4444 28.4444 1 1 0
0.0831163 28.4344 28.4344 1 1 0
0.0832009 28.4244 28.4244 1 1 0
0.0832855 28.4144 28.4144 1 1 0
0.0833703 28.4044 28.4044 1 1 0
0.0834551 28.3944 28.3944 1 1 0
0.0835401 28.3844 28.3844 1 1 0
0.0836251 28.3744 28.3744 1 1 0
0.0837102 28.3644 28.3644 1 1 0
0.0837955 28.3544 28.3544 1 1 0
0.0838808 28.3444 28.3444 1 1 0
0.0839662 28.3344 28.3344 1 1 0
0.0840517 28.3244 28.3244 1 1 0
0.0841373 28.3144 28.3144 1 1 0
0.084223 28.3044 28.3044 1 1 0
0.0843088 28.2944 28.2944 1 1 0
0.0843947 28.2844 28.2844 1 1 0
0.0844807 28.2744 28.2744 1 1 0
0.0845668 28.2644 28.2644 1 1 0
0.084653 28.2544 28.2544 1 1 0
0.0847393 28.2444 28.2444 1 1 0
0.0848257 28.2344 28.2344 1 1 0
0.0849122 28.2244 28.2244 1 1 0
0.0849987 28.2144 28.2144 1 1 0
0.0850854 28.2044 28.2044 1 1 0
0.0851722 28.1944 28.1944 1 1 0
0.0852591 28.1844 28.1844 1 1 0
0.0853461 28.1744 28.1744 1 1 0
0.0854332 28.1644 28.1644 1 1 0
0.0855204 28.1544 28.1544 1 1 0
0.0856077 28.1445 28.1445 1 1 0
0.0856951 28.1345 28.1345 1 1 0
0.0857826 28.1245 28.1245 1 1 0
0.0858703 28.1145 28.1145 1 1 0
0.085958 28.1045 28.1045 1 1 0
0.0860458 28.0945 28.0945 1 1 0
0.0861337 28.0845 28.0845 1 1 0
0.0862218 28.0745 28.0745 1 1 0
0.0863099 28.0645 28.0645 1 1 0
0.0863982 28.0545 28.0545 1 1 0
0.0864865 28.0445 28.0445 1 1 0
0.086575 28.0345 28.0345 1 1 0
0.0866636 28.0245 28.0245 1 1 0
0.0867523 28.0145 28.0145 1 1 0
0.0868411 28.0045 28.0045 1 1 0
0.08693 27.9945 27.9945 1 1 0
0.087019 27.9845 27.9845 1 1 0
0.0871081 27.9745 27.9745 1 1 0
0.0871973 27.9645 27.9645 1 1 0
0.0872867 27.9545 27.9545 1 1 0
0.0873762 27.9445 27.9445 1 1 0
0.0874657 27.9345 27.9345 1 1 0
0.0875554 27.9245 27.9245 1 1 0
0.0876452 27.9145 27.9145 1 1 0
0.0877351 27.9045 27.9045 1 1 0
0.0878252 27.8945 27.8945 1 1 0
0.0879153 27.8845 27.8845 1 1 0
0.0880056 27.8745 27.8745 1 1 0
0.0880959 27.8645 27.8645 1 1 0
0.0881864 27.8545 27.8545 1 1 0
0.0882771 27.8445 27.8445 1 1 0
0.0883678 27.8345 27.8345 1 1 0
0.0884586 27.8245 27.8245 1 1 0
0.0885496 27.8145 27.8145 1 1 0
0.0886407 27.8045 27.8045 1 1 0
0.0887319 27.7946 27.7946 1 1 0
0.0888232 27.7846 27.7846 1 1 0
0.0889146 27.7746 27.7746 1 1 0
0.0890062 27.7646 27.7646 1 1 0
0.0890979 27.7546 27.7546 1 1 0
0.0891897 27.7446 27.7446 1 1 0
0.0892816 27.7346 27.7346 1 1 0
0.0893737 27.7246 27.7246 1 1 0
0.0894659 27.7146 27.7146 1 1 0
0.0895582 27.7046 27.7046 1 1 0
0.0896506 27.6946 27.6946 1 1 0
0.0897431 27.6846 27.6846 1 1 0
0.0898358 27.6746 27.6746 1 1 0
0.0899286 27.6646 27.6646 1 1 0
0.0900215 27.6546 27.6546 1 1 0
0.0901146 27.6446 27.6446 1 1 0
0.0902078 27.6346 27.6346 1 1 0
0.0903011 27.6246 27.6246 1 1 0
0.0903945 27.6146 27.6146 1 1 0
0.0904881 27.6046 27.6046 1 1 0
0.0905818 27.5946 27.5946 1 1 0
0.0906756 27.5846 27.5846 1 1 0
0.0907696 27.5746 27.5746 1 1 0
0.0908637 27.5646 27.5646 1 1 0
0.0909579 27.5546 27.5546 1 1 0
0.0910522 27.5446 27.5446 1 1 0
0.0911467 27.5346 27.5346 1 1 0
0.0912414 27.5246 27.5246 1 1 0
0.0913361 27.5146 27.5146 1 1 0
0.091431 27.5046 27.5046 1 1 0
0.091526 27.4946 27.4946 1 1 0
0.0916212 27.4846 27.4846 1 1 0
0.0917165 27.4746 27.4746 1 1 0
0.0918119 27.4647 27.4647 1 1 0
0.0919075 27.4547 27.4547 1 1 0
0.0920032 27.4447 27.4447 1 1 0
0.092099 27.4347 27.4347 1 1 0
0.092195 27.4247 27.4247 1 1 0
0.0922911 27.4147 27.4147 1 1 0
0.0923874 27.4047 27.4047 1 1 0
0.0924838 27.3947 27.3947 1 1 0
0.0925804 27.3847 27.3847 1 1 0
0.092677 27.3747 27.3747 1 1 0
0.0927739 27.3647 27.3647 1 1 0
0.0928708 27.3547 27.3547 1 1 0
0.092968 27.3447 27.3447 1 1 0
0.0930652 27.3347 27.3347 1 1 0
0.0931626 27.3247 27.3247 1 1 0
0.0932602 27.3147 27.3147 1 1 0
0.0933579 27.3047 27.3047 1 1 0
0.0934557 27.2947 27.2947 1 1 0
0.0935537 27.2847 27.2847 1 1 0
0.0936518 27.2747 27.2747 1 1 0
0.0937501 27.2647 27.2647 1 1 0
0.0938486 27.2547 27.2547 1 1 0
0.0939471 27.2447 27.2447 1 1 0
0.0940459 27.2347 27.2347 1 1 0
0.0941448 27.2247 27.2247 1 1 0
0.0942438 27.2147 27.2147 1 1 0
0.094343 27.2047 27.2047 1 1 0
0.0944423 27.1947 27.1947 1 1 0
0.0945418 27.1847 27.1847 1 1 0
0.0946415 27.1747 27.1747 1 1 0
0.0947413 27.1647 27.1647 1 1 0
0.0948412 27.1548 27.1548 1 1 0
0.0949413 27.1448 27.1448 1 1 0
0.0950416 27.1348 27.1348 1 1 0
0.095142 27.1248 27.1248 1 1 0
0.0952426 27.1148 27.1148 1 1 0
0.0953433 27.1048 27.1048 1 1 0
0.0954442 27.0948 27.0948 1 1 0
0.0955453 27.0848 27.0848 1 1 0
0.0956465 27.0748 27.0748 1 1 0
0.0957479 27.0648 27.0648 1 1 0
0.0958494 27.0548 27.0548 1 1 0
0.0959511 27.0448 27.0448 1 1 0
0.096053 27.0348 27.0348 1 1 0
0.096155 27.0248 27.0248 1 1 0
0.0962572 27.0148 27.0148 1 1 0
0.0963596 27.0048 27.0048 1 1 0
0.0964621 26.9948 26.9948 1 1 0
0.0965648 26.9848 26.9848 1 1 0
0.0966676 26.9748 26.9748 1 1 0
0.0967706 26.9648 26.9648 1 1 0
0.0968738 26.9548 26.9548 1 1 0
0.0969772 26.9448 26.9448 1 1 0
0.0970807 26.9348 26.9348 1 1 0
0.0971844 26.9248 26.9248 1 1 0
0.0972883 26.9148 26.9148 1 1 0
0.0973923 26.9048 26.9048 1 1 0
0.0974965 26.8948 26.8948 1 1 0
0.0976009 26.8848 26.8848 1 1 0
0.0977054 26.8748 26.8748 1 1 0
0.0978102 26.8649 26.8649 1 1 0
0.0979151 26.8549 26.8549 1 1 0
0.0980202 26.8449 26.8449 1 1 0
0.0981254 26.8349 26.8349 1 1 0
0.0982308 26.8249 26.8249 1 1 0
0.0983365 26.8149 26.8149 1 1 0
0.0984422 26.8049 26.8049 1 1 0
0.0985482 26.7949 26.7949 1 1 0
0.0986544 26.7849 26.7849 1 1 0
0.0987607 26.7749 26.7749 1 1 0
0.0988672 26.7649 26.7649 1 1 0
0.0989739 26.7549 26.7549 1 1 0
0.0990807 26.7449 26.7449 1 1 0
0.0991878 26.7349 26.7349 1 1 0
0.099295 26.7249 26.7249 1 1 0
0.0994025 26.7149 26.7149 1 1 0
0.0995101 26.7049 26.7049 1 1 0
0.0996179 26.6949 26.6949 1 1 0
0.0997259 26.6849 26.6849 1 1 0
0.099834 26.6749 26.6749 1 1 0
0.0999424 26.6649 26.6649 1 1 0
0.100051 26.6549 26.6549 1 1 0
0.10016 26.6449 26.6449 1 1 0
0.100269 26.6349 26.6349 1 1 0
0.100378 26.6249 26.6249 1 1 0
0.100487 26.6149 26.6149 1 1 0
0.100597 26.6049 26.6049 1 1 0
0.100706 26.5949 26.5949 1 1 0
0.100816 26.585 26.585 1 1 0
0.100926 26.575 26.575 1 1 0
0.101037 26.565 26.565 1 1 0
0.101147 26.555 26.555 1 1 0
0.101258 26.545 26.545 1 1 0
0.101369 26.535 26.535 1 1 0
0.10148 26.525 26.525 1 1 0
0.101591 26.515 26.515 1 1 0
0.101702 26.505 26.505 1 1 0
0.101814 26.495 26.495 1 1 0
0.101926 26.485 26.485 1 1 0
0.102038 26.475 26.475 1 1 0
0.10215 26.465 26.465 1 1 0
0.102263 26.455 26.455 1 1 0
0.102376 26.445 26.445 1 1 0
0.102488 26.435 26.435 1 1 0
0.102602 26.425 26.425 1 1 0
0.102715 26.415 26.415 1 1 0
0.102828 26.405 26.405 1 1 0
0.102942 26.395 26.395 1 1 0
0.103056 26.385 26.385 1 1 0
0.10317 26.375 26.375 1 1 0
0.103285 26.365 26.365 1 1 0
0.103399 26.355 26.355 1 1 0
0.103514 26.345 26.345 1 1 0
0.103629 26.335 26.335 1 1 0
0.103744 26.3251 26.3251 1 1 0
0.10386 26.3151 26.3151 1 1 0
0.103975 26.3051 26.3051 1 1 0
0.104091 26.2951 26.2951 1 1 0
0.104207 26.2851 26.2851 1 1 0
0.104324 26.2751 26.2751 1 1 0
0.10444 26.2651 26.2651 1 1 0
0.104557 26.2551 26.2551 1 1 0
0.104674 26.2451 26.2451 1 1 0
0.104791 26.2351 26.2351 1 1 0
0.104909 26.2251 26.2251 1 1 0
0.105026 26.2151 26.2151 1 1 0
0.105144 26.2051 26.2051 1 1 0
0.105262 26.1951 26.1951 1 1 0
0.105381 26.1851 26.1851 1 1 0
0.105499 26.1751 26.1751 1 1 0
0.105618 26.1651 26.1651 1 1 0
0.105737 26.1551 26.1551 1 1 0
0.105856 26.1451 26.1451 1 1 0
0.105976 26.1351 26.1351 1 1 0
0.106096 26.1251 26.1251 1 1 0
0.106216 26.1151 26.1151 1 1 0
0.106336 26.1051 26.1051 1 1 0
0.106456 26.0951 26.0951 1 1 0
0.106577 26.0852 26.0852 1 1 0
0.106698 26.0752 26.0752 1 1 0
0.106819 26.0652 26.0652 1 1 0
0.106941 26.0552 26.0552 1 1 0
0.107062 26.0452 26.0452 1 1 0
0.107184 26.0352 26.0352 1 1 0
0.107306 26.0252 26.0252 1 1 0
0.107429 26.0152 26.0152 1 1 0
0.107551 26.0052 26.0052 1 1 0
0.107674 25.9952 25.9952 1 1 0
0.107797 25.9852 25.9852 1 1 0
0.107921 25.9752 25.9752 1 1 0
0.108044 25.9652 25.9652 1 1 0
0.108168 25.9552 25.9552 1 1 0
0.108292 25.9452 25.9452 1 1 0
0.108417 25.9352 25.9352 1 1 0
0.108541 25.9252 25.9252 1 1 0
0.108666 25.9152 25.9152 1 1 0
0.108791 25.9052 25.9052 1 1 0
0.108917 25.8952 25.8952 1 1 0
0.109042 25.8852 25.8852 1 1 0
0.109168 25.8752 25.8752 1 1 0
0.109294 25.8652 25.8652 1 1 0
0.109421 25.8552 25.8552 1 1 0
0.109547 25.8453 25.8453 1 1 0
0.109674 25.8353 25.8353 1 1 0
0.109802 25.8253 25.8253 1 1 0
0.109929 25.8153 25.8153 1 1 0
0.110057 25.8053 25.8053 1 1 0
0.110185 25.7953 25.7953 1 1 0
0.110313 25.7853 25.7853 1 1 0
0.110442 25.7753 25.7753 1 1 0
0.11057 25.7653 25.7653 1 1 0
0.1107 25.7553 25.7553 1 1 0
0.110829 25.7453 25.7453 1 1 0
0.110959 25.7353 25.7353 1 1 0
0.111088 25.7253 25.7253 1 1 0
0.111219 25.7153 25.7153 1 1 0
0.111349 25.7053 25.7053 1 1 0
0.11148 25.6953 25.6953 1 1 0
0.111611 25.6853 25.6853 1 1 0
0.111742 25.6753 25.6753 1 1 0
0.111874 25.6653 25.6653 1 1 0
0.112006 25.6553 25.6553 1 1 0
0.112138 25.6453 25.6453 1 1 0
0.11227 25.6353 25.6353 1 1 0
0.112403 25.6254 25.6254 1 1 0
0.112536 25.6154 25.6154 1 1 0
0.112669 25.6054 25.6054 1 1 0
0.112803 25.5954 25.5954 1 1 0
0.112937 25.5854 25.5854 1 1 0
0.113071 25.5754 25.5754 1 1 0
0.113205 25.5654 25.5654 1 1 0
0.11334 25.5554 25.5554 1 1 0
0.113475 25.5454 25.5454 1 1 0
0.11361 25.5354 25.5354 1 1 0
0.113746 25.5254 25.5254 1 1 0
0.113882 25.5154 25.5154 1 1 0
0.114018 25.5054 25.5054 1 1 0
0.114155 25.4954 25.4954 1 1 0
0.114292 25.4854 25.4854 1 1 0
0.114429 25.4754 25.4754 1 1 0
0.114566 25.4654 25.4654 1 1 0
0.114704 25.4554 25.4554 1 1 0
0.114842 25.4454 25.4454 1 1 0
0.11498 25.4354 25.4354 1 1 0
0.115119 25.4254 25.4254 1 1 0
0.115258 25.4155 25.4155 1 1 0
0.115397 25.4055 25.4055 1 1 0
0.115537 25.3955 25.3955 1 1 0
0.115677 25.3855 25.3855 1 1 0
0.115817 25.3755 25.3755 1 1 0
0.115958 25.3655 25.3655 1 1 0
0.116099 25.3555 25.3555 1 1 0
0.11624 25.3455 25.3455 1 1 0
0.116381 25.3355 25.3355 1 1 0
0.116523 25.3255 25.3255 1 1 0
0.116665 25.3155 25.3155 1 1 0
0.116808 25.3055 25.3055 1 1 0
0.116951 25.2955 25.2955 1 1 0
0.117094 25.2855 25.2855 1 1 0
0.117237 25.2755 25.2755 1 1 0
0.117381 25.2655 25.2655 1 1 0
0.117525 25.2555 25.2555 1 1 0
0.11767 25.2455 25.2455 1 1 0
0.117815 25.2355 25.2355 1 1 0
0.11796 25.2255 25.2255 1 1 0
0.118105 25.2156 25.2156 1 1 0
0.118251 25.2056 25.2056 1 1 0
0.118397 25.1956 25.1956 1 1 0
0.118544 25.1856 25.1856 1 1 0
0.118691 25.1756 25.1756 1 1 0
0.118838 25.1656 25.1656 1 1 0
0.118985 25.1556 25.1556 1 1 0
0.119133 25.1456 25.1456 1 1 0
0.119282 25.1356 25.1356 1 1 0
0.11943 25.1256 25.1256 1 1 0
0.119579 25.1156 25.1156 1 1 0
0.119596 25.1145 25.1145 2 1 0
0.119746 25.1045 25.1045 2 1 0
0.119895 25.0945 25.0945 2 1 0
0.120045 25.0845 25.0845 2 1 0
0.120196 25.0745 25.0745 2 1 0
0.120346 25.0645 25.0645 2 1 0
0.120498 25.0545 25.0545 2 1 0
0.120649 25.0445 25.0445 2 1 0
0.120801 25.0345 25.0345 2 1 0
0.120953 25.0245 25.0245 2 1 0
0.121106 25.0145 25.0145 2 1 0
0.121259 25.0045 25.0045 2 1 0
0.121412 24.9945 24.9945 2 1 0
0.121566 24.9845 24.9845 2 1 0
0.12172 24.9745 24.9745 2 1 0
0.121874 24.9645 24.9645 2 1 0
0.122029 24.9545 24.9545 2 1 0
0.122184 24.9446 24.9446 2 1 0
0.12234 24.9346 24.9346 2 1 0
0.122496 24.9246 24.9246 2 1 0
0.122652 24.9146 24.9146 2 1 0
0.122809 24.9046 24.9046 2 1 0
0.122966 24.8946 24.8946 2 1 0
0.123123 24.8846 24.8846 2 1 0
0.123281 24.8746 24.8746 2 1 0
0.123439 24.8646 24.8646 2 1 0
0.123598 24.8546 24.8546 2 1 0
0.123757 24.8446 24.8446 2 1 0
0.123917 24.8346 24.8346 2 1 0
0.124076 24.8246 24.8246 2 1 0
0.124237 24.8146 24.8146 2 1 0
0.124397 24.8046 24.8046 2 1 0
0.124558 24.7946 24.7946 2 1 0
0.12472 24.7846 24.7846 2 1 0
0.124881 24.7746 24.7746 2 1 0
0.125044 24.7647 24.7647 2 1 0
0.125206 24.7547 24.7547 2 1 0
0.125369 24.7447 24.7447 2 1 0
0.125533 24.7347 24.7347 2 1 0
0.125697 24.7247 24.7247 2 1 0
0.125861 24.7147 24.7147 2 1 0
0.126026 24.7047 24.7047 2 1 0
0.126191 24.6947 24.6947 2 1 0
0.126356 24.6847 24.6847 2 1 0
0.126522 24.6747 24.6747 2 1 0
0.126689 24.6647 24.6647 2 1 0
0.126856 24.6547 24.6547 2 1 0
0.127023 24.6447 24.6447 2 1 0
0.12719 24.6347 24.6347 2 1 0
0.127359 24.6247 24.6247 2 1 0
0.127527 24.6147 24.6147 2 1 0
0.127696 24.6047 24.6047 2 1 0
0.127865 24.5948 24.5948 2 1 0
0.128035 24.5848 24.5848 2 1 0
0.128205 24.5748 24.5748 2 1 0
0.128376 24.5648 24.5648 2 1 0
0.128547 24.5548 24.5548 2 1 0
0.128719 24.5448 24.5448 2 1 0
0.128891 24.5348 24.5348 2 1 0
0.129063 24.5248 24.5248 2 1 0
0.129063 24.5248 24.5248 2 1 0
0.129236 24.5148 24.5148 2 1 0
0.12941 24.5048 24.5048 2 1 0
0.129584 24.4948 24.4948 2 1 0
0.129758 24.4848 24.4848 2 1 0
0.129933 24.4748 24.4748 2 1 0
0.130108 24.4648 24.4648 2 1 0
0.130283 24.4548 24.4548 2 1 0
0.13046 24.4448 24.4448 2 1 0
0.130636 24.4349 24.4349 2 1 0
0.130813 24.4249 24.4249 2 1 0
0.130991 24.4149 24.4149 2 1 0
0.131169 24.4049 24.4049 2 1 0
0.131347 24.3949 24.3949 2 1 0
0.131526 24.3849 24.3849 2 1 0
0.131706 24.3749 24.3749 2 1 0
0.131886 24.3649 24.3649 2 1 0
0.132066 24.3549 24.3549 2 1 0
0.132247 24.3449 24.3449 2 1 0
0.132428 24.3349 24.3349 2 1 0
0.13261 24.3249 24.3249 2 1 0
0.132792 24.3149 24.3149 2 1 0
0.132975 24.3049 24.3049 2 1 0
0.133158 24.2949 24.2949 2 1 0
0.133342 24.285 24.285 2 1 0
0.133526 24.275 24.275 2 1 0
0.133711 24.265 24.265 2 1 0
0.133896 24.255 24.255 2 1 0
0.134082 24.245 24.245 2 1 0
0.134269 24.235 24.235 2 1 0
0.134455 24.225 24.225 2 1 0
0.134643 24.215 24.215 2 1 0
0.13483 24.205 24.205 2 1 0
0.135019 24.195 24.195 2 1 0
0.135208 24.185 24.185 2 1 0
0.135397 24.175 24.175 2 1 0
0.135587 24.165 24.165 2 1 0
0.135777 24.155 24.155 2 1 0
0.135968 24.145 24.145 2 1 0
0.13616 24.1351 24.1351 2 1 0
0.136352 24.1251 24.1251 2 1 0
0.136544 24.1151 24.1151 2 1 0
0.136737 24.1051 24.1051 2 1 0
0.136931 24.0951 24.0951 2 1 0
0.137125 24.0851 24.0851 2 1 0
0.137319 24.0751 24.0751 2 1 0
0.137515 24.0651 24.0651 2 1 0
0.13771 24.0551 24.0551 2 1 0
0.137907 24.0451 24.0451 2 1 0
0.138103 24.0351 24.0351 2 1 0
0.138301 24.0251 24.0251 2 1 0
0.138499 24.0151 24.0151 2 1 0
0.138697 24.0051 24.0051 2 1 0
0.138896 23.9951 23.9951 2 1 0
0.139096 23.9852 23.9852 2 1 0
0.139296 23.9752 23.9752 2 1 0
0.139497 23.9652 23.9652 2 1 0
0.139698 23.9552 23.9552 2 1 0
0.1399 23.9452 23.9452 2 1 0
0.140102 23.9352 23.9352 2 1 0
0.140305 23.9252 23.9252 2 1 0
0.140509 23.9152 23.9152 2 1 0
0.140713 23.9052 23.9052 2 1 0
0.140917 23.8952 23.8952 2 1 0
0.141123 23.8852 23.8852 2 1 0
0.141329 23.8752 23.8752 2 1 0
0.141535 23.8652 23.8652 2 1 0
0.141742 23.8553 23.8553 2 1 0
0.14195 23.8453 23.8453 2 1 0
0.142158 23.8353 23.8353 2 1 0
0.142367 23.8253 23.8253 2 1 0
0.142576 23.8153 23.8153 2 1 0
0.142786 23.8053 23.8053 2 1 0
0.142997 23.7953 23.7953 2 1 0
0.143208 23.7853 23.7853 2 1 0
0.14342 23.7753 23.7753 2 1 0
0.143633 23.7653 23.7653 2 1 0
0.143846 23.7553 23.7553 2 1 0
0.144059 23.7453 23.7453 2 1 0
0.144274 23.7353 23.7353 2 1 0
0.144489 23.7254 23.7254 2 1 0
0.144704 23.7154 23.7154 2 1 0
0.14492 23.7054 23.7054 2 1 0
0.145137 23.6954 23.6954 2 1 0
0.145355 23.6854 23.6854 2 1 0
0.145573 23.6754 23.6754 2 1 0
0.145792 23.6654 23.6654 2 1 0
0.146011 23.6554 23.6554 2 1 0
0.146231 23.6454 23.6454 2 1 0
0.146452 23.6354 23.6354 2 1 0
0.146673 23.6254 23.6254 2 1 0
0.146895 23.6154 23.6154 2 1 0
0.147118 23.6054 23.6054 2 1 0
0.147341 23.5955 23.5955 2 1 0
0.147565 23.5855 23.5855 2 1 0
0.147789 23.5755 23.5755 2 1 0
0.148015 23.5655 23.5655 2 1 0
0.14824 23.5555 23.5555 2 1 0
0.148467 23.5455 23.5455 2 1 0
0.148694 23.5355 23.5355 2 1 0
0.148922 23.5255 23.5255 2 1 0
0.149151 23.5155 23.5155 2 1 0
0.14938 23.5055 23.5055 2 1 0
0.14961 23.4955 23.4955 2 1 0
0.149841 23.4855 23.4855 2 1 0
0.150072 23.4756 23.4756 2 1 0
0.150304 23.4656 23.4656 2 1 0
0.150537 23.4556 23.4556 2 1 0
0.150771 23.4456 23.4456 2 1 0
0.151005 23.4356 23.4356 2 1 0
0.15124 23.4256 23.4256 2 1 0
0.151475 23.4156 23.4156 2 1 0
0.151711 23.4056 23.4056 2 1 0
0.151948 23.3956 23.3956 2 1 0
0.152186 23.3856 23.3856 2 1 0
0.152424 23.3756 23.3756 2 1 0
0.152664 23.3656 23.3656 2 1 0
0.152903 23.3557 23.3557 2 1 0
0.153144 23.3457 23.3457 2 1 0
0.153385 23.3357 23.3357 2 1 0
0.153627 23.3257 23.3257 2 1 0
0.15387 23.3157 23.3157 2 1 0
0.154114 23.3057 23.3057 2 1 0
0.154358 23.2957 23.2957 2 1 0
0.154603 23.2857 23.2857 2 1 0
0.154849 23.2757 23.2757 2 1 0
0.155095 23.2657 23.2657 2 1 0
0.155343 23.2557 23.2557 2 1 0
0.155591 23.2458 23.2458 2 1 0
0.15584 23.2358 23.2358 2 1 0
0.156089 23.2258 23.2258 2 1 0
0.156339 23.2158 23.2158 2 1 0
0.156591 23.2058 23.2058 2 1 0
0.156842 23.1958 23.1958 2 1 0
0.157095 23.1858 23.1858 2 1 0
0.157349 23.1758 23.1758 2 1 0
0.157603 23.1658 23.1658 2 1 0
0.157858 23.1558 23.1558 2 1 0
0.158114 23.1458 23.1458 2 1 0
0.15837 23.1359 23.1359 2 1 0
0.158628 23.1259 23.1259 2 1 0
0.158886 23.1159 23.1159 2 1 0
0.159145 23.1059 23.1059 2 1 0
0.159405 23.0959 23.0959 2 1 0
0.159665 23.0859 23.0859 2 1 0
0.159927 23.0759 23.0759 2 1 0
0.160189 23.0659 23.0659 2 1 0
0.160452 23.0559 23.0559 2 1 0
0.160716 23.0459 23.0459 2 1 0
0.160981 23.036 23.036 2 1 0
0.161246 23.026 23.026 2 1 0
0.161513 23.016 23.016 2 1 0
0.16178 23.006 23.006 2 1 0
0.162048 22.996 22.996 2 1 0
0.162317 22.986 22.986 2 1 0
0.162586 22.976 22.976 2 1 0
0.162857 22.966 22.966 2 1 0
0.163129 22.956 22.956 2 1 0
0.163401 22.946 22.946 2 1 0
0.163674 22.9361 22.9361 2 1 0
0.163948 22.9261 22.9261 2 1 0
0.164223 22.9161 22.9161 2 1 0
0.164499 22.9061 22.9061 2 1 0
0.164776 22.8961 22.8961 2 1 0
0.165053 22.8861 22.8861 2 1 0
0.165332 22.8761 22.8761 2 1 0
0.165611 22.8661 22.8661 2 1 0
0.165891 22.8561 22.8561 2 1 0
0.166172 22.8461 22.8461 2 1 0
0.166454 22.8362 22.8362 2 1 0
0.166737 22.8262 22.8262 2 1 0
0.167021 22.8162 22.8162 2 1 0
0.167306 22.8062 22.8062 2 1 0
0.167591 22.7962 22.7962 2 1 0
0.167878 22.7862 22.7862 2 1 0
0.168165 22.7762 22.7762 2 1 0
0.168454 22.7662 22.7662 2 1 0
0.168743 22.7562 22.7562 2 1 0
0.169033 22.7463 22.7463 2 1 0
0.169325 22.7363 22.7363 2 1 0
0.169617 22.7263 22.7263 2 1 0
0.16991 22.7163 22.7163 2 1 0
0.170204 22.7063 22.7063 2 1 0
0.170499 22.6963 22.6963 2 1 0
0.170795 22.6863 22.6863 2 1 0
0.171092 22.6763 22.6763 2 1 0
0.17139 22.6663 22.6663 2 1 0
0.171688 22.6564 22.6564 2 1 0
0.171988 22.6464 22.6464 2 1 0
0.172289 22.6364 22.6364 2 1 0
0.172591 22.6264 22.6264 2 1 0
0.172894 22.6164 22.6164 2 1 0
0.173197 22.6064 22.6064 2 1 0
0.173502 22.5964 22.5964 2 1 0
0.173808 22.5864 22.5864 2 1 0
0.174114 22.5764 22.5764 2 1 0
0.174422 22.5665 22.5665 2 1 0
0.174731 22.5565 22.5565 2 1 0
0.175041 22.5465 22.5465 2 1 0
0.175352 22.5365 22.5365 2 1 0
0.175663 22.5265 22.5265 2 1 0
0.175976 22.5165 22.5165 2 1 0
0.17629 22.5065 22.5065 2 1 0
0.176605 22.4965 22.4965 2 1 0
0.176921 22.4866 22.4866 2 1 0
0.177238 22.4766 22.4766 2 1 0
0.177556 22.4666 22.4666 2 1 0
0.177875 22.4566 22.4566 2 1 0
0.178195 22.4466 22.4466 2 1 0
0.178516 22.4366 22.4366 2 1 0
0.178838 22.4266 22.4266 2 1 0
0.179162 22.4166 22.4166 2 1 0
0.179486 22.4067 22.4067 2 1 0
0.179811 22.3967 22.3967 2 1 0
0.180138 22.3867 22.3867 2 1 0
0.180466 22.3767 22.3767 2 1 0
0.180794 22.3667 22.3667 2 1 0
0.181124 22.3567 22.3567 2 1 0
0.181455 22.3467 22.3467 2 1 0
0.181787 22.3367 22.3367 2 1 0
0.18212 22.3268 22.3268 2 1 0
0.182454 22.3168 22.3168 2 1 0
0.18279 22.3068 22.3068 2 1 0
0.183126 22.2968 22.2968 2 1 0
0.183464 22.2868 22.2868 2 1 0
0.183803 22.2768 22.2768 2 1 0
0.184143 22.2668 22.2668 2 1 0
0.184484 22.2568 22.2568 2 1 0
0.184826 22.2469 22.2469 2 1 0
0.185169 22.2369 22.2369 2 1 0
0.185513 22.2269 22.2269 2 1 0
0.185859 22.2169 22.2169 2 1 0
0.186206 22.2069 22.2069 2 1 0
0.186554 22.1969 22.1969 2 1 0
0.186903 22.1869 22.1869 2 1 0
0.187253 22.177 22.177 2 1 0
0.187605 22.167 22.167 2 1 0
0.187957 22.157 22.157 2 1 0
0.188311 22.147 22.147 2 1 0
0.188666 22.137 22.137 2 1 0
0.189023 22.127 22.127 2 1 0
0.18938 22.117 22.117 2 1 0
0.189739 22.1071 22.1071 2 1 0
0.190099 22.0971 22.0971 2 1 0
0.19046 22.0871 22.0871 2 1 0
0.190822 22.0771 22.0771 2 1 0
0.191186 22.0671 22.0671 2 1 0
0.191551 22.0571 22.0571 2 1 0
0.191917 22.0471 22.0471 2 1 0
0.192284 22.0372 22.0372 2 1 0
0.192652 22.0272 22.0272 2 1 0
0.193022 22.0172 22.0172 2 1 0
0.193393 22.0072 22.0072 2 1 0
0.193766 21.9972 21.9972 2 1 0
0.194139 21.9872 21.9872 2 1 0
0.194514 21.9772 21.9772 2 1 0
0.19489 21.9673 21.9673 2 1 0
0.195268 21.9573 21.9573 2 1 0
0.195647 21.9473 21.9473 2 1 0
0.196027 21.9373 21.9373 2 1 0
0.196408 21.9273 21.9273 2 1 0
0.196791 21.9173 21.9173 2 1 0
0.197175 21.9073 21.9073 2 1 0
0.19756 21.8974 21.8974 2 1 0
0.197947 21.8874 21.8874 2 1 0
0.198335 21.8774 21.8774 2 1 0
0.198724 21.8674 21.8674 2 1 0
0.199115 21.8574 21.8574 2 1 0
0.199507 21.8474 21.8474 2 1 0
0.1999 21.8375 21.8375 2 1 0
0.200295 21.8275 21.8275 2 1 0
0.200691 21.8175 21.8175 2 1 0
0.201088 21.8075 21.8075 2 1 0
0.201487 21.7975 21.7975 2 1 0
0.201887 21.7875 21.7875 2 1 0
0.202289 21.7776 21.7776 2 1 0
0.202692 21.7676 21.7676 2 1 0
0.203096 21.7576 21.7576 2 1 0
0.203502 21.7476 21.7476 2 1 0
0.203909 21.7376 21.7376 2 1 0
0.204318 21.7276 21.7276 2 1 0
0.204728 21.7177 21.7177 2 1 0
0.205139 21.7077 21.7077 2 1 0
0.205552 21.6977 21.6977 2 1 0
0.205966 21.6877 21.6877 2 1 0
0.206382 21.6777 21.6777 2 1 0
0.206799 21.6677 21.6677 2 1 0
0.207218 21.6578 21.6578 2 1 0
0.207638 21.6478 21.6478 2 1 0
0.208059 21.6378 21.6378 2 1 0
0.208482 21.6278 21.6278 2 1 0
0.208907 21.6178 21.6178 2 1 0
0.209333 21.6078 21.6078 2 1 0
0.20976 21.5979 21.5979 2 1 0
0.210189 21.5879 21.5879 2 1 0
0.21062 21.5779 21.5779 2 1 0
0.211052 21.5679 21.5679 2 1 0
0.211485 21.5579 21.5579 2 1 0
0.21192 21.5479 21.5479 2 1 0
0.212357 21.538 21.538 2 1 0
0.212795 21.528 21.528 2 1 0
0.213234 21.518 21.518 2 1 0
0.213676 21.508 21.508 2 1 0
0.214118 21.498 21.498 2 1 0
0.214562 21.4881 21.4881 2 1 0
0.215008 21.4781 21.4781 2 1 0
0.215456 21.4681 21.4681 2 1 0
0.215905 21.4581 21.4581 2 1 0
0.216355 21.4481 21.4481 2 1 0
0.216807 21.4382 21.4382 2 1 0
0.217261 21.4282 21.4282 2 1 0
0.217716 21.4182 21.4182 2 1 0
0.218173 21.4082 21.4082 2 1 0
0.218632 21.3982 21.3982 2 1 0
0.219092 21.3882 21.3882 2 1 0
0.219553 21.3783 21.3783 2 1 0
0.220017 21.3683 21.3683 2 1 0
0.220482 21.3583 21.3583 2 1 0
0.220948 21.3483 21.3483 2 1 0
0.221417 21.3383 21.3383 2 1 0
0.221887 21.3284 21.3284 2 1 0
0.222358 21.3184 21.3184 2 1 0
0.222832 21.3084 21.3084 2 1 0
0.223307 21.2984 21.2984 2 1 0
0.223783 21.2885 21.2885 2 1 0
0.224262 21.2785 21.2785 2 1 0
0.224742 21.2685 21.2685 2 1 0
0.225223 21.2585 21.2585 2 1 0
0.225707 21.2485 21.2485 2 1 0
0.226192 21.2386 21.2386 2 1 0
0.226679 21.2286 21.2286 2 1 0
0.227167 21.2186 21.2186 2 1 0
0.227658 21.2086 21.2086 2 1 0
0.22815 21.1986 21.1986 2 1 0
0.228644 21.1887 21.1887 2 1 0
0.229139 21.1787 21.1787 2 1 0
0.229636 21.1687 21.1687 2 1 0
0.230136 21.1587 21.1587 2 1 0
0.230636 21.1487 21.1487 2 1 0
0.231139 21.1388 21.1388 2 1 0
0.231644 21.1288 21.1288 2 1 0
0.23215 21.1188 21.1188 2 1 0
0.232658 21.1088 21.1088 2 1 0
0.233168 21.0989 21.0989 2 1 0
0.233679 21.0889 21.0889 2 1 0
0.234193 21.0789 21.0789 2 1 0
0.234708 21.0689 21.0689 2 1 0
0.235225 21.059 21.059 2 1 0
0.235744 21.049 21.049 2 1 0
0.236265 21.039 21.039 2 1 0
0.236788 21.029 21.029 2 1 0
0.237313 21.019 21.019 2 1 0
0.237839 21.0091 21.0091 2 1 0
0.238367 20.9991 20.9991 2 1 0
0.238898 20.9891 20.9891 2 1 0
0.23943 20.9791 20.9791 2 1 0
0.239964 20.9692 20.9692 2 1 0
0.2405 20.9592 20.9592 2 1 0
0.241038 20.9492 20.9492 2 1 0
0.241577 20.9392 20.9392 2 1 0
0.242119 20.9293 20.9293 2 1 0
0.242663 20.9193 20.9193 2 1 0
0.243208 20.9093 20.9093 2 1 0
0.243756 20.8993 20.8993 2 1 0
0.244305 20.8894 20.8894 2 1 0
0.244857 20.8794 20.8794 2 1 0
0.24541 20.8694 20.8694 2 1 0
0.245966 20.8594 20.8594 2 1 0
0.246523 20.8495 20.8495 2 1 0
0.247083 20.8395 20.8395 2 1 0
0.247644 20.8295 20.8295 2 1 0
0.248207 20.8195 20.8195 2 1 0
0.248773 20.8096 20.8096 2 1 0
0.24934 20.7996 20.7996 2 1 0
0.24991 20.7896 20.7896 2 1 0
0.250481 20.7796 20.7796 2 1 0
0.251055 20.7697 20.7697 2 1 0
0.251631 20.7597 20.7597 2 1 0
0.252209 20.7497 20.7497 2 1 0
0.252788 20.7398 20.7398 2 1 0
0.25337 20.7298 20.7298 2 1 0
0.253954 20.7198 20.7198 2 1 0
0.25454 20.7098 20.7098 2 1 0
0.255128 20.6999 20.6999 2 1 0
0.255719 20.6899 20.6899 2 1 0
0.256311 20.6799 20.6799 2 1 0
0.256906 20.6699 20.6699 2 1 0
0.257502 20.66 20.66 2 1 0
0.258101 20.65 20.65 2 1 0
0.258702 20.64 20.64 2 1 0
0.259305 20.6301 20.6301 2 1 0
0.259911 20.6201 20.6201 2 1 0
0.260518 20.6101 20.6101 2 1 0
0.261128 20.6002 20.6002 2 1 0
0.26174 20.5902 20.5902 2 1 0
0.262354 20.5802 20.5802 2 1 0
0.26297 20.5702 20.5702 2 1 0
0.263589 20.5603 20.5603 2 1 0
0.264209 20.5503 20.5503 2 1 0
0.264832 20.5403 20.5403 2 1 0
0.265458 20.5304 20.5304 2 1 0
0.266085 20.5204 20.5204 2 1 0
0.266715 20.5104 20.5104 2 1 0
0.267347 20.5005 20.5005 2 1 0
0.267981 20.4905 20.4905 2 1 0
0.268618 20.4805 20.4805 2 1 0
0.269256 20.4705 20.4705 2 1 0
0.269897 20.4606 20.4606 2 1 0
0.27052 20.4509 20.4509 2 1 0
0.271166 20.441 20.441 1 1 0
0.271814 20.431 20.431 1 1 0
0.272464 20.421 20.421 1 1 0
0.273117 20.4111 20.4111 1 1 0
0.273772 20.4011 20.4011 1 1 0
0.274429 20.3911 20.3911 1 1 0
0.275089 20.3812 20.3812 1 1 0
0.275751 20.3712 20.3712 1 1 0
0.276416 20.3612 20.3612 1 1 0
0.277082 20.3513 20.3513 1 1 0
0.277752 20.3413 20.3413 1 1 0
0.278423 20.3313 20.3313 1 1 0
0.279098 20.3214 20.3214 1 1 0
0.279774 20.3114 20.3114 1 1 0
0.280453 20.3014 20.3014 1 1 0
0.281135 20.2915 20.2915 1 1 0
0.281818 20.2815 20.2815 1 1 0
0.282505 20.2715 20.2715 1 1 0
0.283194 20.2616 20.2616 1 1 0
0.283885 20.2516 20.2516 1 1 0
0.284579 20.2416 20.2416 1 1 0
0.285275 20.2317 20.2317 1 1 0
0.285974 20.2217 20.2217 1 1 0
0.286675 20.2117 20.2117 1 1 0
0.287379 20.2018 20.2018 1 1 0
0.288085 20.1918 20.1918 1 1 0
0.288794 20.1819 20.1819 1 1 0
0.289505 20.1719 20.1719 1 1 0
0.290219 20.1619 20.1619 1 1 0
0.290936 20.152 20.152 1 1 0
0.291655 20.142 20.142 1 1 0
0.292377 20.132 20.132 1 1 0
0.293101 20.1221 20.1221 1 1 0
0.293828 20.1121 20.1121 1 1 0
0.294557 20.1022 20.1022 1 1 0
0.29529 20.0922 20.0922 1 1 0
0.296024 20.0822 20.0822 1 1 0
0.296762 20.0723 20.0723 1 1 0
0.297502 20.0623 20.0623 1 1 0
0.298244 20.0524 20.0524 1 1 0
0.29899 20.0424 20.0424 1 1 0
0.299738 20.0324 20.0324 1 1 0
0.300489 20.0225 20.0225 1 1 0
0.301242 20.0125 20.0125 1 1 0
0.301998 20.0026 20.0026 1 1 0
0.302757 19.9926 19.9926 1 1 0
0.303519 19.9826 19.9826 1 1 0
0.304283 19.9727 19.9727 1 1 0
0.30505 19.9627 19.9627 1 1 0
0.30582 19.9528 19.9528 1 1 0
0.306592 19.9428 19.9428 1 1 0
0.307368 19.9329 19.9329 1 1 0
0.308146 19.9229 19.9229 1 1 0
0.308926 19.9129 19.9129 1 1 0
0.30971 19.903 19.903 1 1 0
0.310497 19.893 19.893 1 1 0
0.311286 19.8831 19.8831 1 1 0
0.312078 19.8731 19.8731 1 1 0
0.312873 19.8632 19.8632 1 1 0
0.313671 19.8532 19.8532 1 1 0
0.314471 19.8432 19.8432 1 1 0
0.315275 19.8333 19.8333 1 1 0
0.316081 19.8233 19.8233 1 1 0
0.31689 19.8134 19.8134 1 1 0
0.317703 19.8034 19.8034 1 1 0
0.318518 19.7935 19.7935 1 1 0
0.319336 19.7835 19.7835 1 1 0
0.320156 19.7736 19.7736 1 1 0
0.32098 19.7636 19.7636 1 1 0
0.321807 19.7537 19.7537 1 1 0
0.322637 19.7437 19.7437 1 1 0
0.323469 19.7338 19.7338 1 1 0
0.324305 19.7238 19.7238 1 1 0
0.325144 19.7139 19.7139 1 1 0
0.325985 19.7039 19.7039 1 1 0
0.32683 19.6939 19.6939 1 1 0
0.327677 19.684 19.684 1 1 0
0.328528 19.674 19.674 1 1 0
0.329381 19.6641 19.6641 1 1 0
0.330238 19.6541 19.6541 1 1 0
0.331098 19.6442 19.6442 1 1 0
0.33196 19.6342 19.6342 1 1 0
0.332826 19.6243 19.6243 1 1 0
0.333695 19.6144 19.6144 1 1 0
0.334567 19.6044 19.6044 1 1 0
0.335442 19.5945 19.5945 1 1 0
0.33632 19.5845 19.5845 1 1 0
0.337202 19.5746 19.5746 1 1 0
0.338086 19.5646 19.5646 1 1 0
0.338974 19.5547 19.5547 1 1 0
0.339864 19.5447 19.5447 1 1 0
0.340758 19.5348 19.5348 1 1 0
0.341655 19.5248 19.5248 1 1 0
0.342555 19.5149 19.5149 1 1 0
0.343459 19.5049 19.5049 1 1 0
0.344365 19.495 19.495 1 1 0
0.345275 19.485 19.485 1 1 0
0.346188 19.4751 19.4751 1 1 0
0.347104 19.4652 19.4652 1 1 0
0.348023 19.4552 19.4552 1 1 0
0.348946 19.4453 19.4453 1 1 0
0.349872 19.4353 19.4353 1 1 0
0.350801 19.4254 19.4254 1 1 0
0.351734 19.4154 19.4154 1 1 0
0.352669 19.4055 19.4055 1 1 0
0.353608 19.3956 19.3956 1 1 0
0.354551 19.3856 19.3856 1 1 0
0.355496 19.3757 19.3757 1 1 0
0.356445 19.3657 19.3657 1 1 0
0.357397 19.3558 19.3558 1 1 0
0.358353 19.3459 19.3459 1 1 0
0.359312 19.3359 19.3359 1 1 0
0.360274 19.326 19.326 1 1 0
0.36124 19.316 19.316 1 1 0
0.362209 19.3061 19.3061 1 1 0
0.363182 19.2962 19.2962 1 1 0
0.364158 19.2862 19.2862 1 1 0
0.365137 19.2763 19.2763 1 1 0
0.36612 19.2663 19.2663 1 1 0
0.367106 19.2564 19.2564 1 1 0
0.368095 19.2465 19.2465 1 1 0
0.369088 19.2365 19.2365 1 1 0
0.370085 19.2266 19.2266 1 1 0
0.371085 19.2167 19.2167 1 1 0
0.372088 19.2067 19.2067 1 1 0
0.373095 19.1968 19.1968 1 1 0
0.374106 19.1869 19.1869 1 1 0
0.37512 19.1769 19.1769 1 1 0
0.376137 19.167 19.167 1 1 0
0.377158 19.1571 19.1571 1 1 0
0.378183 19.1471 19.1471 1 1 0
0.379211 19.1372 19.1372 1 1 0
0.380243 19.1273 19.1273 1 1 0
0.381278 19.1173 19.1173 1 1 0
0.382317 19.1074 19.1074 1 1 0
0.383359 19.0975 19.0975 1 1 0
0.384406 19.0875 19.0875 1 1 0
0.385455 19.0776 19.0776 1 1 0
0.386509 19.0677 19.0677 1 1 0
0.387566 19.0578 19.0578 1 1 0
0.388626 19.0478 19.0478 1 1 0
0.38969 19.0379 19.0379 1 1 0
0.390758 19.028 19.028 1 1 0
0.39183 19.018 19.018 1 1 0
0.392905 19.0081 19.0081 1 1 0
0.393984 18.9982 18.9982 1 1 0
0.395067 18.9883 18.9883 1 1 0
0.396153 18.9783 18.9783 1 1 0
0.397244 18.9684 18.9684 1 1 0
0.398338 18.9585 18.9585 1 1 0
0.399435 18.9486 18.9486 1 1 0
0.400537 18.9386 18.9386 1 1 0
0.401642 18.9287 18.9287 1 1 0
0.402751 18.9188 18.9188 1 1 0
0.403863 18.9089 18.9089 1 1 0
0.40498 18.899 18.899 1 1 0
0.4061 18.889 18.889 1 1 0
0.407225 18.8791 18.8791 1 1 0
0.408353 18.8692 18.8692 1 1 0
0.409484 18.8593 18.8593 1 1 0
0.41062 18.8494 18.8494 1 1 0
0.41176 18.8394 18.8394 1 1 0
0.412903 18.8295 18.8295 1 1 0
0.414051 18.8196 18.8196 1 1 0
0.415202 18.8097 18.8097 1 1 0
0.416357 18.7998 18.7998 1 1 0
0.417516 18.7899 18.7899 1 1 0
0.418679 18.7799 18.7799 1 1 0
0.419846 18.77 18.77 1 1 0
0.421017 18.7601 18.7601 1 1 0
0.422191 18.7502 18.7502 1 1 0
0.42337 18.7403 18.7403 1 1 0
0.424553 18.7304 18.7304 1 1 0
0.42574 18.7205 18.7205 1 1 0
0.42693 18.7105 18.7105 1 1 0
0.428125 18.7006 18.7006 1 1 0
0.429324 18.6907 18.6907 1 1 0
0.430527 18.6808 18.6808 1 1 0
0.431733 18.6709 18.6709 1 1 0
0.432944 18.661 18.661 1 1 0
0.434159 18.6511 18.6511 1 1 0
0.435378 18.6412 18.6412 1 1 0
0.436601 18.6313 18.6313 1 1 0
0.437828 18.6214 18.6214 1 1 0
0.439059 18.6114 18.6114 1 1 0
0.440295 18.6015 18.6015 1 1 0
0.441534 18.5916 18.5916 1 1 0
0.442778 18.5817 18.5817 1 1 0
0.444025 18.5718 18.5718 1 1 0
0.445277 18.5619 18.5619 1 1 0
0.446533 18.552 18.552 1 1 0
0.447793 18.5421 18.5421 1 1 0
0.449058 18.5322 18.5322 1 1 0
0.450326 18.5223 18.5223 1 1 0
0.451599 18.5124 18.5124 1 1 0
0.452876 18.5025 18.5025 1 1 0
0.454157 18.4926 18.4926 1 1 0
0.455442 18.4827 18.4827 1 1 0
0.456732 18.4728 18.4728 1 1 0
0.458026 18.4629 18.4629 1 1 0
0.459324 18.453 18.453 1 1 0
0.460626 18.4431 18.4431 1 1 0
0.461933 18.4332 18.4332 1 1 0
0.463244 18.4233 18.4233 1 1 0
0.464559 18.4134 18.4134 1 1 0
0.465878 18.4035 18.4035 1 1 0
0.467202 18.3936 18.3936 1 1 0
0.46853 18.3837 18.3837 1 1 0
0.469863 18.3739 18.3739 1 1 0
0.4712 18.364 18.364 1 1 0
0.472541 18.3541 18.3541 1 1 0
0.473886 18.3442 18.3442 1 1 0
0.475236 18.3343 18.3343 1 1 0
0.47659 18.3244 18.3244 1 1 0
0.477949 18.3145 18.3145 1 1 0
0.479312 18.3046 18.3046 1 1 0
0.48068 18.2947 18.2947 1 1 0
0.482052 18.2848 18.2848 1 1 0
0.483428 18.275 18.275 1 1 0
0.484809 18.2651 18.2651 1 1 0
0.486194 18.2552 18.2552 1 1 0
0.487583 18.2453 18.2453 1 1 0
0.488978 18.2354 18.2354 1 1 0
0.490376 18.2255 18.2255 1 1 0
0.491779 18.2157 18.2157 1 1 0
0.493187 18.2058 18.2058 1 1 0
0.494599 18.1959 18.1959 1 1 0
0.496016 18.186 18.186 1 1 0
0.497437 18.1761 18.1761 1 1 0
0.498862 18.1663 18.1663 1 1 0
0.500293 18.1564 18.1564 1 1 0
0.501727 18.1465 18.1465 1 1 0
0.503167 18.1366 18.1366 1 1 0
0.50461 18.1267 18.1267 1 1 0
0.506059 18.1169 18.1169 1 1 0
0.507512 18.107 18.107 1 1 0
0.50897 18.0971 18.0971 1 1 0
0.510432 18.0872 18.0872 1 1 0
0.511899 18.0774 18.0774 1 1 0
0.51337 18.0675 18.0675 1 1 0
0.514846 18.0576 18.0576 1 1 0
0.516327 18.0478 18.0478 1 1 0
0.517812 18.0379 18.0379 1 1 0
0.519302 18.028 18.028 1 1 0
0.520797 18.0182 18.0182 1 1 0
0.522297 18.0083 18.0083 1 1 0
0.523801 17.9984 17.9984 1 1 0
0.525309 17.9886 17.9886 1 1 0
0.526823 17.9787 17.9787 1 1 0
0.528341 17.9688 17.9688 1 1 0
0.529864 17.959 17.959 1 1 0
0.531392 17.9491 17.9491 1 1 0
0.532924 17.9392 17.9392 1 1 0
0.534461 17.9294 17.9294 1 1 0
0.536003 17.9195 17.9195 1 1 0
0.53755 17.9097 17.9097 1 1 0
0.539101 17.8998 17.8998 1 1 0
0.540657 17.8899 17.8899 1 1 0
0.542218 17.8801 17.8801 1 1 0
0.543784 17.8702 17.8702 1 1 0
0.545354 17.8604 17.8604 1 1 0
0.54693 17.8505 17.8505 1 1 0
0.54851 17.8407 17.8407 1 1 0
0.550095 17.8308 17.8308 1 1 0
0.551685 17.821 17.821 1 1 0
0.55328 17.8111 17.8111 1 1 0
0.554879 17.8013 17.8013 1 1 0
0.556484 17.7914 17.7914 1 1 0
0.558093 17.7816 17.7816 1 1 0
0.559707 17.7717 17.7717 1 1 0
0.561326 17.7619 17.7619 1 1 0
0.56295 17.752 17.752 1 1 0
0.564579 17.7422 17.7422 1 1 0
0.566213 17.7323 17.7323 1 1 0
0.567852 17.7225 17.7225 1 1 0
0.569495 17.7126 17.7126 1 1 0
0.571144 17.7028 17.7028 1 1 0
0.572797 17.693 17.693 1 1 0
0.574456 17.6831 17.6831 1 1 0
0.576119 17.6733 17.6733 1 1 0
0.577787 17.6634 17.6634 1 1 0
0.579461 17.6536 17.6536 1 1 0
0.581139 17.6438 17.6438 1 1 0
0.582822 17.6339 17.6339 1 1 0
0.584511 17.6241 17.6241 1 1 0
0.586204 17.6143 17.6143 1 1 0
0.587902 17.6044 17.6044 1 1 0
0.589605 17.5946 17.5946 1 1 0
0.591314 17.5848 17.5848 1 1 0
0.593027 17.5749 17.5749 1 1 0
0.594746 17.5651 17.5651 1 1 0
0.596469 17.5553 17.5553 1 1 0
0.598197 17.5454 17.5454 1 1 0
0.599931 17.5356 17.5356 1 1 0
0.60167 17.5258 17.5258 1 1 0
0.603413 17.516 17.516 1 1 0
0.605162 17.5061 17.5061 1 1 0
0.606916 17.4963 17.4963 1 1 0
0.608675 17.4865 17.4865 1 1 0
0.610439 17.4767 17.4767 1 1 0
0.612208 17.4669 17.4669 1 1 0
0.613982 17.457 17.457 1 1 0
0.615762 17.4472 17.4472 1 1 0
0.617546 17.4374 17.4374 1 1 0
0.619336 17.4276 17.4276 1 1 0
0.621131 17.4178 17.4178 1 1 0
0.62293 17.408 17.408 1 1 0
0.624736 17.3981 17.3981 1 1 0
0.626546 17.3883 17.3883 1 1 0
0.628361 17.3785 17.3785 1 1 0
0.630182 17.3687 17.3687 1 1 0
0.632007 17.3589 17.3589 1 1 0
0.633838 17.3491 17.3491 1 1 0
0.635674 17.3393 17.3393 1 1 0
0.637516 17.3295 17.3295 1 1 0
0.639362 17.3197 17.3197 1 1 0
0.641214 17.3099 17.3099 1 1 0
0.643071 17.3001 17.3001 1 1 0
0.644933 17.2903 17.2903 1 1 0
0.6468 17.2805 17.2805 1 1 0
0.648673 17.2707 17.2707 1 1 0
0.650551 17.2609 17.2609 1 1 0
0.652434 17.2511 17.2511 1 1 0
0.654322 17.2413 17.2413 1 1 0
0.656216 17.2315 17.2315 1 1 0
0.658114 17.2217 17.2217 1 1 0
0.660018 17.2119 17.2119 1 1 0
0.661928 17.2021 17.2021 1 1 0
0.663842 17.1923 17.1923 1 1 0
0.665762 17.1825 17.1825 1 1 0
0.667687 17.1727 17.1727 1 1 0
0.669618 17.1629 17.1629 1 1 0
0.671554 17.1532 17.1532 1 1 0
0.673495 17.1434 17.1434 1 1 0
0.675441 17.1336 17.1336 1 1 0
0.677393 17.1238 17.1238 1 1 0
0.67935 17.114 17.114 1 1 0
0.681312 17.1042 17.1042 1 1 0
0.683279 17.0945 17.0945 1 1 0
0.685252 17.0847 17.0847 1 1 0
0.687231 17.0749 17.0749 1 1 0
0.689214 17.0651 17.0651 1 1 0
0.691203 17.0554 17.0554 1 1 0
0.693197 17.0456 17.0456 1 1 0
0.695197 17.0358 17.0358 1 1 0
0.697202 17.026 17.026 1 1 0
0.699212 17.0163 17.0163 1 1 0
0.701228 17.0065 17.0065 1 1 0
0.703249 16.9967 16.9967 1 1 0
0.705275 16.987 16.987 1 1 0
0.707307 16.9772 16.9772 1 1 0
0.709344 16.9674 16.9674 1 1 0
0.711387 16.9577 16.9577 1 1 0
0.713435 16.9479 16.9479 1 1 0
0.715488 16.9381 16.9381 1 1 0
0.717547 16.9284 16.9284 1 1 0
0.719611 16.9186 16.9186 1 1 0
0.721681 16.9089 16.9089 1 1 0
0.723755 16.8991 16.8991 1 1 0
0.725836 16.8893 16.8893 1 1 0
0.727921 16.8796 16.8796 1 1 0
0.730013 16.8698 16.8698 1 1 0
0.732109 16.8601 16.8601 1 1 0
0.734211 16.8503 16.8503 1 1 0
0.736318 16.8406 16.8406 1 1 0
0.738431 16.8308 16.8308 1 1 0
0.74055 16.8211 16.8211 1 1 0
0.742673 16.8114 16.8114 1 1 0
0.744802 16.8016 16.8016 1 1 0
0.746937 16.7919 16.7919 1 1 0
0.749077 16.7821 16.7821 1 1 0
0.751222 16.7724 16.7724 1 1 0
0.753373 16.7626 16.7626 1 1 0
0.755529 16.7529 16.7529 1 1 0
0.757691 16.7432 16.7432 1 1 0
0.759858 16.7334 16.7334 1 1 0
0.762031 16.7237 16.7237 1 1 0
0.764209 16.714 16.714 1 1 0
0.766393 16.7042 16.7042 1 1 0
0.768582 16.6945 16.6945 1 1 0
0.770776 16.6848 16.6848 1 1 0
0.772976 16.675 16.675 1 1 0
0.775181 16.6653 16.6653 1 1 0
0.777392 16.6556 16.6556 1 1 0
0.779609 16.6459 16.6459 1 1 0
0.781831 16.6361 16.6361 1 1 0
0.784058 16.6264 16.6264 1 1 0
0.786291 16.6167 16.6167 1 1 0
0.788529 16.607 16.607 1 1 0
0.790773 16.5973 16.5973 1 1 0
0.793022 16.5876 16.5876 1 1 0
0.795277 16.5778 16.5778 1 1 0
0.797537 16.5681 16.5681 1 1 0
0.799802 16.5584 16.5584 1 1 0
0.802073 16.5487 16.5487 1 1 0
0.80435 16.539 16.539 1 1 0
0.806632 16.5293 16.5293 1 1 0
0.80892 16.5196 16.5196 1 1 0
0.811213 16.5099 16.5099 1 1 0
0.813511 16.5002 16.5002 1 1 0
0.815815 16.4905 16.4905 1 1 0
0.818125 16.4808 16.4808 1 1 0
0.82044 16.4711 16.4711 1 1 0
0.822761 16.4614 16.4614 1 1 0
0.825087 16.4517 16.4517 1 1 0
0.827418 16.442 16.442 1 1 0
0.829755 16.4323 16.4323 1 1 0
0.832098 16.4226 16.4226 1 1 0
0.834446 16.4129 16.4129 1 1 0
0.836799 16.4032 16.4032 1 1 0
0.839158 16.3935 16.3935 1 1 0
0.841523 16.3838 16.3838 1 1 0
0.843893 16.3742 16.3742 1 1 0
0.846268 16.3645 16.3645 1 1 0
0.848649 16.3548 16.3548 1 1 0
0.851035 16.3451 16.3451 1 1 0
0.853427 16.3354 16.3354 1 1 0
0.855825 16.3257 16.3257 1 1 0
0.858228 16.3161 16.3161 1 1 0
0.860636 16.3064 16.3064 1 1 0
0.86305 16.2967 16.2967 1 1 0
0.865469 16.287 16.287 1 1 0
0.867894 16.2774 16.2774 1 1 0
0.870325 16.2677 16.2677 1 1 0
0.872761 16.258 16.258 1 1 0
0.875202 16.2484 16.2484 1 1 0
0.877649 16.2387 16.2387 1 1 0
0.880101 16.229 16.229 1 1 0
0.882559 16.2194 16.2194 1 1 0
0.885022 16.2097 16.2097 1 1 0
0.887491 16.2001 16.2001 1 1 0
0.889965 16.1904 16.1904 1 1 0
0.892445 16.1807 16.1807 1 1 0
0.89493 16.1711 16.1711 1 1 0
0.897421 16.1614 16.1614 1 1 0
0.899917 16.1518 16.1518 1 1 0
0.902418 16.1421 16.1421 1 1 0
0.904926 16.1325 16.1325 1 1 0
0.907438 16.1228 16.1228 1 1 0
0.909956 16.1132 16.1132 1 1 0
0.91248 16.1035 16.1035 1 1 0
0.915009 16.0939 16.0939 1 1 0
0.917543 16.0843 16.0843 1 1 0
0.920083 16.0746 16.0746 1 1 0
0.922628 16.065 16.065 1 1 0
0.925179 16.0553 16.0553 1 1 0
0.927735 16.0457 16.0457 1 1 0
0.930297 16.0361 16.0361 1 1 0
0.932864 16.0264 16.0264 1 1 0
0.935437 16.0168 16.0168 1 1 0
0.938015 16.0072 16.0072 1 1 0
0.940598 15.9975 15.9975 1 1 0
0.943187 15.9879 15.9879 1 1 0
0.945781 15.9783 15.9783 1 1 0
0.948381 15.9687 15.9687 1 1 0
0.950986 15.9591 15.9591 1 1 0
0.953597 15.9494 15.9494 1 1 0
0.956213 15.9398 15.9398 1 1 0
0.958835 15.9302 15.9302 1 1 0
0.961461 15.9206 15.9206 1 1 0
0.964094 15.911 15.911 1 1 0
0.966731 15.9014 15.9014 1 1 0
0.969375 15.8917 15.8917 1 1 0
0.972023 15.8821 15.8821 1 1 0
0.974677 15.8725 15.8725 1 1 0
0.977336 15.8629 15.8629 1 1 0
0.980001 15.8533 15.8533 1 1 0
0.982671 15.8437 15.8437 1 1 0
0.985347 15.8341 15.8341 1 1 0
0.988028 15.8245 15.8245 1 1 0
0.990714 15.8149 15.8149 1 1 0
0.993405 15.8053 15.8053 1 1 0
0.996102 15.7957 15.7957 1 1 0
0.998805 15.7861 15.7861 1 1 0
1.00151 15.7765 15.7765 1 1 0
0.119596 25.1145 25.1145 4 3 0
0.119678 25.1142 25.105 3 3 0
0.119808 25.1094 25.0946 3 3 0
0.119974 25.1023 25.0823 3 3 0
0.120142 25.0943 25.0706 3 3 0
0.120311 25.0861 25.0591 3 3 0
0.120482 25.0777 25.0477 3 3 0
0.120654 25.0692 25.0364 3 3 0
0.120826 25.0605 25.0252 3 3 0
0.121 25.0517 25.0141 3 3 0
0.121175 25.0429 25.0031 3 3 0
0.12135 25.0339 24.9921 3 3 0
0.121526 25.025 24.9811 3 3 0
0.121703 25.0159 24.9702 3 3 0
0.121881 25.0069 24.9593 3 3 0
0.12206 24.9977 24.9484 3 3 0
0.122239 24.9886 24.9376 3 3 0
0.122419 24.9794 24.9268 3 3 0
0.1226 24.9702 24.916 3 3 0
0.122782 24.961 24.9053 3 3 0
0.122964 24.9517 24.8946 3 3 0
0.123147 24.9424 24.8839 3 3 0
0.123331 24.9331 24.8732 3 3 0
0.123516 24.9238 24.8625 3 3 0
0.123701 24.9145 24.8519 3 3 0
0.123887 24.9051 24.8412 3 3 0
0.124074 24.8958 24.8306 3 3 0
0.124262 24.8864 24.82 3 3 0
0.12445 24.877 24.8094 3 3 0
0.124639 24.8676 24.7988 3 3 0
0.124829 24.8582 24.7882 3 3 0
0.12502 24.8487 24.7777 3 3 0
0.125211 24.8393 24.7671 3 3 0
0.125403 24.8298 24.7566 3 3 0
0.125596 24.8204 24.746 3 3 0
0.12579 24.8109 24.7355 3 3 0
0.125984 24.8014 24.725 3 3 0
0.126179 24.7919 24.7145 3 3 0
0.126375 24.7824 24.704 3 3 0
0.126572 24.7729 24.6935 3 3 0
0.12677 24.7634 24.683 3 3 0
0.126968 24.7539 24.6725 3 3 0
0.127167 24.7444 24.6621 3 3 0
0.127367 24.7348 24.6516 3 3 0
0.127567 24.7253 24.6411 3 3 0
0.127769 24.7157 24.6307 3 3 0
0.127971 24.7062 24.6203 3 3 0
0.128174 24.6966 24.6099 3 3 0
0.128377 24.687 24.5994 3 3 0
0.128582 24.6774 24.589 3 3 0
0.128787 24.6679 24.5786 3 3 0
0.128993 24.6583 24.5681 3 3 0
0.1292 24.6487 24.5577 3 3 0
0.129407 24.6391 24.5473 3 3 0
0.129616 24.6295 24.537 3 3 0
0.129825 24.6199 24.5266 3 3 0
0.130035 24.6102 24.5162 3 3 0
0.130245 24.6006 24.5058 3 3 0
0.130457 24.591 24.4954 3 3 0
0.130669 24.5814 24.4851 3 3 0
0.130882 24.5717 24.4747 3 3 0
0.131096 24.5621 24.4644 3 3 0
0.131311 24.5525 24.454 3 3 0
0.131526 24.5428 24.4437 3 3 0
0.131743 24.5332 24.4333 3 3 0
0.13196 24.5235 24.423 3 3 0
0.132177 24.5139 24.4126 3 3 0
0.132396 24.5042 24.4023 3 3 0
0.132616 24.4945 24.392 3 3 0
0.132836 24.4849 24.3817 3 3 0
0.133057 24.4752 24.3713 3 3 0
0.133279 24.4655 24.361 3 3 0
0.133501 24.4558 24.3507 3 3 0
0.133725 24.4461 24.3404 3 3 0
0.133949 24.4365 24.3301 3 3 0
0.134174 24.4268 24.3198 3 3 0
0.1344 24.4171 24.3095 3 3 0
0.134627 24.4074 24.2992 3 3 0
0.134854 24.3977 24.2889 3 3 0
0.135083 24.388 24.2787 3 3 0
0.135312 24.3783 24.2684 3 3 0
0.135542 24.3686 24.2581 3 3 0
0.135773 24.3589 24.2478 3 3 0
0.136004 24.3492 24.2376 3 3 0
0.136237 24.3394 24.2273 3 3 0
0.13647 24.3297 24.217 3 3 0
0.136704 24.32 24.2068 3 3 0
0.136939 24.3103 24.1965 3 3 0
0.137175 24.3006 24.1862 3 3 0
0.137411 24.2908 24.176 3 3 0
0.137649 24.2811 24.1657 3 3 0
0.137887 24.2714 24.1555 3 3 0
0.138126 24.2616 24.1453 3 3 0
0.138366 24.2519 24.135 3 3 0
0.138607 24.2422 24.1248 3 3 0
0.138848 24.2324 24.1145 3 3 0
0.13909 24.2227 24.1043 3 3 0
0.139334 24.2129 24.0941 3 3 0
0.139578 24.2032 24.0838 3 3 0
0.139822 24.1934 24.0736 3 3 0
0.140068 24.1837 24.0634 3 3 0
0.140315 24.1739 24.0532 3 3 0
0.140562 24.1642 24.0429 3 3 0
0.14081 24.1544 24.0327 3 3 0
0.141059 24.1447 24.0225 3 3 0
0.141309 24.1349 24.0123 3 3 0
0.14156 24.1251 24.0021 3 3 0
0.141811 24.1154 23.9919 3 3 0
0.142064 24.1056 23.9817 3 3 0
0.142317 24.0958 23.9715 3 3 0
0.142571 24.086 23.9613 3 3 0
0.142826 24.0763 23.9511 3 3 0
0.143082 24.0665 23.9409 3 3 0
0.143339 24.0567 23.9307 3 3 0
0.143596 24.0469 23.9205 3 3 0
0.143854 24.0372 23.9103 3 3 0
0.144114 24.0274 23.9001 3 3 0
0.144374 24.0176 23.8899 3 3 0
0.144635 24.0078 23.8797 3 3 0
0.144896 23.998 23.8696 3 3 0
0.145159 23.9882 23.8594 3 3 0
0.145422 23.9784 23.8492 3 3 0
0.145687 23.9686 23.839 3 3 0
0.145952 23.9588 23.8289 3 3 0
0.146218 23.949 23.8187 3 3 0
0.146485 23.9392 23.8085 3 3 0
0.146753 23.9295 23.7984 3 3 0
0.147021 23.9196 23.7882 3 3 0
0.147291 23.9098 23.778 3 3 0
0.147561 23.9 23.7679 3 3 0
0.147832 23.8902 23.7577 3 3 0
0.148104 23.8804 23.7476 3 3 0
0.148377 23.8706 23.7374 3 3 0
0.148651 23.8608 23.7272 3 3 0
0.148926 23.851 23.7171 3 3 0
0.149201 23.8412 23.7069 3 3 0
0.149478 23.8314 23.6968 3 3 0
0.149755 23.8216 23.6866 3 3 0
0.150033 23.8117 23.6765 3 3 0
0.150312 23.8019 23.6664 3 3 0
0.150592 23.7921 23.6562 3 3 0
0.150872 23.7823 23.6461 3 3 0
0.151154 23.7725 23.6359 3 3 0
0.151436 23.7626 23.6258 3 3 0
0.15172 23.7528 23.6157 3 3 0
0.152004 23.743 23.6055 3 3 0
0.152289 23.7331 23.5954 3 3 0
0.152575 23.7233 23.5853 3 3 0
0.152862 23.7135 23.5751 3 3 0
0.153149 23.7037 23.565 3 3 0
0.153438 23.6938 23.5549 3 3 0
0.153727 23.684 23.5448 3 3 0
0.154018 23.6742 23.5346 3 3 0
0.154309 23.6643 23.5245 3 3 0
0.154601 23.6545 23.5144 3 3 0
0.154894 23.6446 23.5043 3 3 0
0.155188 23.6348 23.4942 3 3 0
0.155482 23.625 23.4841 3 3 0
0.155778 23.6151 23.4739 3 3 0
0.156074 23.6053 23.4638 3 3 0
0.156372 23.5954 23.4537 3 3 0
0.15667 23.5856 23.4436 3 3 0
0.156969 23.5757 23.4335 3 3 0
0.157269 23.5659 23.4234 3 3 0
0.15757 23.556 23.4133 3 3 0
0.157871 23.5462 23.4032 3 3 0
0.158174 23.5363 23.3931 3 3 0
0.158477 23.5265 23.383 3 3 0
0.158782 23.5166 23.3729 3 3 0
0.159087 23.5068 23.3628 3 3 0
0.159393 23.4969 23.3527 3 3 0
0.1597 23.487 23.3426 3 3 0
0.160008 23.4772 23.3325 3 3 0
0.160317 23.4673 23.3224 3 3 0
0.160626 23.4575 23.3123 3 3 0
0.160937 23.4476 23.3022 3 3 0
0.161248 23.4377 23.2921 3 3 0
0.16156 23.4279 23.282 3 3 0
0.161873 23.418 23.272 3 3 0
0.162187 23.4081 23.2619 3 3 0
0.162502 23.3983 23.2518 3 3 0
0.162818 23.3884 23.2417 3 3 0
0.163135 23.3785 23.2316 3 3 0
0.163452 23.3687 23.2215 3 3 0
0.163771 23.3588 23.2115 3 3 0
0.16409 23.3489 23.2014 3 3 0
0.16441 23.339 23.1913 3 3 0
0.164731 23.3292 23.1812 3 3 0
0.165053 23.3193 23.1712 3 3 0
0.165376 23.3094 23.1611 3 3 0
0.165699 23.2995 23.151 3 3 0
0.166024 23.2897 23.141 3 3 0
0.166349 23.2798 23.1309 3 3 0
0.166675 23.2699 23.1208 3 3 0
0.167002 23.26 23.1108 3 3 0
0.16733 23.2501 23.1007 3 3 0
0.167659 23.2402 23.0906 3 3 0
0.167989 23.2304 23.0806 3 3 0
0.16832 23.2205 23.0705 3 3 0
0.168651 23.2106 23.0604 3 3 0
0.168983 23.2007 23.0504 3 3 0
0.169317 23.1908 23.0403 3 3 0
0.169651 23.1809 23.0303 3 3 0
0.169986 23.171 23.0202 3 3 0
0.170321 23.1611 23.0101 3 3 0
0.170658 23.1512 23.0001 3 3 0
0.170996 23.1413 22.99 3 3 0
0.171334 23.1314 22.98 3 3 0
0.171673 23.1215 22.97 3 3 0
0.172013 23.1116 22.9599 3 3 0
0.172354 23.1017 22.9499 3 3 0
0.172696 23.0918 22.9398 3 3 0
0.173039 23.0819 22.9298 3 3 0
0.173382 23.072 22.9198 3 3 0
0.173727 23.0621 22.9097 3 3 0
0.174072 23.0522 22.8997 3 3 0
0.174418 23.0423 22.8896 3 3 0
0.174765 23.0324 22.8796 3 3 0
0.175113 23.0225 22.8696 3 3 0
0.175461 23.0126 22.8595 3 3 0
0.175811 23.0027 22.8495 3 3 0
0.176161 22.9928 22.8395 3 3 0
0.176512 22.9829 22.8294 3 3 0
0.176864 22.973 22.8194 3 3 0
0.177217 22.963 22.8094 3 3 0
0.17757 22.9531 22.7994 3 3 0
0.177925 22.9432 22.7893 3 3 0
0.17828 22.9333 22.7793 3 3 0
0.178636 22.9234 22.7693 3 3 0
0.178993 22.9135 22.7593 3 3 0
0.179351 22.9035 22.7492 3 3 0
0.17971 22.8936 22.7392 3 3 0
0.180069 22.8837 22.7292 3 3 0
0.180429 22.8738 22.7192 3 3 0
0.18079 22.8639 22.7092 3 3 0
0.181152 22.8539 22.6991 3 3 0
0.181515 22.844 22.6891 3 3 0
0.181878 22.8341 22.6791 3 3 0
0.182242 22.8241 22.6691 3 3 0
0.182607 22.8142 22.6591 3 3 0
0.182973 22.8043 22.6491 3 3 0
0.18334 22.7943 22.6391 3 3 0
0.183707 22.7844 22.6291 3 3 0
0.184076 22.7745 22.619 3 3 0
0.184445 22.7645 22.609 3 3 0
0.184814 22.7546 22.599 3 3 0
0.185185 22.7447 22.589 3 3 0
0.185556 22.7347 22.579 3 3 0
0.185929 22.7248 22.569 3 3 0
0.186301 22.7149 22.559 3 3 0
0.186675 22.7049 22.549 3 3 0
0.18705 22.695 22.539 3 3 0
0.187425 22.685 22.529 3 3 0
0.187801 22.6751 22.519 3 3 0
0.188177 22.6652 22.509 3 3 0
0.188555 22.6552 22.499 3 3 0
0.188933 22.6453 22.489 3 3 0
0.189312 22.6353 22.479 3 3 0
0.189692 22.6254 22.469 3 3 0
0.190072 22.6154 22.459 3 3 0
0.190453 22.6055 22.449 3 3 0
0.190835 22.5955 22.439 3 3 0
0.191218 22.5856 22.429 3 3 0
0.191601 22.5756 22.419 3 3 0
0.191985 22.5656 22.409 3 3 0
0.19237 22.5557 22.3991 3 3 0
0.192755 22.5457 22.3891 3 3 0
0.193141 22.5358 22.3791 3 3 0
0.193528 22.5258 22.3691 3 3 0
0.193916 22.5158 22.3591 3 3 0
0.194304 22.5059 22.3491 3 3 0
0.194693 22.4959 22.3392 3 3 0
0.195082 22.4859 22.3292 3 3 0
0.195472 22.476 22.3192 3 3 0
0.195863 22.466 22.3092 3 3 0
0.196255 22.456 22.2993 3 3 0
0.196647 22.446 22.2893 3 3 0
0.19704 22.4361 22.2793 3 3 0
0.197433 22.4261 22.2693 3 3 0
0.197827 22.4161 22.2594 3 3 0
0.198222 22.4062 22.2494 3 3 0
0.198617 22.3962 22.2394 3 3 0
0.199013 22.3862 22.2295 3 3 0
0.19941 22.3762 22.2195 3 3 0
0.199807 22.3663 22.2095 3 3 0
0.200205 22.3563 22.1996 3 3 0
0.200603 22.3463 22.1896 3 3 0
0.201002 22.3363 22.1796 3 3 0
0.201402 22.3263 22.1697 3 3 0
0.201802 22.3163 22.1597 3 3 0
0.202202 22.3064 22.1498 3 3 0
0.202604 22.2963 22.1399 3 3 0
0.203005 22.2863 22.1299 3 3 0
0.203408 22.2763 22.12 3 3 0
0.203811 22.2664 22.1101 3 3 0
0.204214 22.2564 22.1001 3 3 0
0.204618 22.2464 22.0902 3 3 0
0.205022 22.2364 22.0803 3 3 0
0.205427 22.2264 22.0703 3 3 0
0.205833 22.2164 22.0604 3 3 0
0.206238 22.2064 22.0504 3 3 0
0.206645 22.1964 22.0405 3 3 0
0.207052 22.1864 22.0306 3 3 0
0.207459 22.1764 22.0206 3 3 0
0.207867 22.1663 22.0107 3 3 0
0.208275 22.1563 22.0008 3 3 0
0.208684 22.1463 21.9908 3 3 0
0.209093 22.1363 21.9809 3 3 0
0.209502 22.1263 21.971 3 3 0
0.209912 22.1163 21.9611 3 3 0
0.210323 22.1062 21.9511 3 3 0
0.210733 22.0962 21.9412 3 3 0
0.211145 22.0862 21.9313 3 3 0
0.211556 22.0762 21.9214 3 3 0
0.211968 22.0661 21.9115 3 3 0
0.21238 22.0561 21.9015 3 3 0
0.212793 22.0461 21.8916 3 3 0
0.213206 22.036 21.8817 3 3 0
0.213619 22.026 21.8718 3 3 0
0.214032 22.016 21.8619 3 3 0
0.214446 22.0059 21.852 3 3 0
0.21486 21.9959 21.8421 3 3 0
0.215275 21.9858 21.8322 3 3 0
0.215689 21.9758 21.8223 3 3 0
0.216104 21.9657 21.8124 3 3 0
0.21652 21.9557 21.8025 3 3 0
0.216935 21.9456 21.7926 3 3 0
0.217351 21.9356 21.7827 3 3 0
0.217767 21.9255 21.7728 3 3 0
0.218183 21.9155 21.7629 3 3 0
0.218599 21.9054 21.753 3 3 0
0.219016 21.8953 21.7431 3 3 0
0.219432 21.8853 21.7333 3 3 0
0.219849 21.8752 21.7234 3 3 0
0.220266 21.8651 21.7135 3 3 0
0.220683 21.8551 21.7036 3 3 0
0.2211 21.845 21.6937 3 3 0
0.221518 21.8349 21.6839 3 3 0
0.221935 21.8248 21.674 3 3 0
0.222353 21.8147 21.6641 3 3 0
0.22277 21.8046 21.6542 3 3 0
0.223188 21.7946 21.6444 3 3 0
0.223606 21.7845 21.6346 3 3 0
0.224023 21.7744 21.6247 3 3 0
0.224441 21.7643 21.6149 3 3 0
0.224859 21.7543 21.605 3 3 0
0.225276 21.7442 21.5952 3 3 0
0.225694 21.7341 21.5853 3 3 0
0.226112 21.724 21.5754 3 3 0
0.226529 21.7139 21.5656 3 3 0
0.226947 21.7038 21.5558 3 3 0
0.227364 21.6936 21.5459 3 3 0
0.227782 21.6835 21.5361 3 3 0
0.228199 21.6734 21.5263 3 3 0
0.228616 21.6633 21.5164 3 3 0
0.229033 21.6532 21.5066 3 3 0
0.22945 21.643 21.4968 3 3 0
0.229866 21.6329 21.487 3 3 0
0.230283 21.6228 21.4771 3 3 0
0.230699 21.6126 21.4673 3 3 0
0.231115 21.6025 21.4575 3 3 0
0.231531 21.5924 21.4477 3 3 0
0.231946 21.5822 21.4379 3 3 0
0.232361 21.5721 21.4281 3 3 0
0.232776 21.5619 21.4183 3 3 0
0.233191 21.5518 21.4085 3 3 0
0.233605 21.5416 21.3986 3 3 0
0.234019 21.5315 21.3888 3 3 0
0.234433 21.5213 21.379 3 3 0
0.234846 21.5112 21.3692 3 3 0
0.235259 21.501 21.3595 3 3 0
0.235671 21.4908 21.3497 3 3 0
0.236083 21.4806 21.3399 3 3 0
0.236494 21.4705 21.3301 3 3 0
0.236905 21.4603 21.3204 3 3 0
0.237316 21.4501 21.3106 3 3 0
0.237726 21.4399 21.3008 3 3 0
0.238136 21.4297 21.2911 3 3 0
0.238545 21.4195 21.2813 3 3 0
0.238953 21.4093 21.2715 3 3 0
0.239361 21.3991 21.2618 3 3 0
0.239768 21.3889 21.252 3 3 0
0.240175 21.3787 21.2423 3 3 0
0.240581 21.3685 21.2326 3 3 0
0.240986 21.3583 21.2228 3 3 0
0.241391 21.348 21.2131 3 3 0
0.241795 21.3378 21.2034 3 3 0
0.242198 21.3276 21.1936 3 3 0
0.242601 21.3173 21.1839 3 3 0
0.243003 21.3071 21.1742 3 3 0
0.243404 21.2968 21.1645 3 3 0
0.243804 21.2866 21.1548 3 3 0
0.244203 21.2763 21.1451 3 3 0
0.244602 21.2661 21.1354 3 3 0
0.244999 21.2558 21.1257 3 3 0
0.245396 21.2456 21.116 3 3 0
0.245792 21.2353 21.1063 3 3 0
0.246187 21.225 21.0966 3 3 0
0.246581 21.2147 21.087 3 3 0
0.246974 21.2044 21.0773 3 3 0
0.247366 21.1942 21.0677 3 3 0
0.247757 21.1839 21.058 3 3 0
0.248147 21.1736 21.0483 3 3 0
0.248536 21.1632 21.0387 3 3 0
0.248924 21.1529 21.0291 3 3 0
0.249311 21.1426 21.0194 3 3 0
0.249697 21.1323 21.0098 3 3 0
0.250081 21.122 21.0002 3 3 0
0.250465 21.1116 20.9906 3 3 0
0.250847 21.1013 20.981 3 3 0
0.251228 21.0909 20.9714 3 3 0
0.251608 21.0806 20.9618 3 3 0
0.251986 21.0702 20.9522 3 3 0
0.252363 21.0598 20.9426 3 3 0
0.252739 21.0495 20.9331 3 3 0
0.253114 21.0391 20.9235 3 3 0
0.253487 21.0287 20.9139 3 3 0
0.253859 21.0183 20.9044 3 3 0
0.25423 21.0079 20.8949 3 3 0
0.254599 20.9975 20.8853 3 3 0
0.254966 20.9871 20.8758 3 3 0
0.255332 20.9766 20.8663 3 3 0
0.255697 20.9662 20.8568 3 3 0
0.25606 20.9558 20.8473 3 3 0
0.256422 20.9453 20.8378 3 3 0
0.256782 20.9348 20.8284 3 3 0
0.25714 20.9244 20.8189 3 3 0
0.257497 20.9139 20.8094 3 3 0
0.257852 20.9034 20.8 3 3 0
0.258205 20.8929 20.7906 3 3 0
0.258557 20.8824 20.7812 3 3 0
0.258907 20.8719 20.7718 3 3 0
0.259256 20.8613 20.7624 3 3 0
0.259602 20.8508 20.753 3 3 0
0.259947 20.8402 20.7437 3 3 0
0.26029 20.8297 20.7343 3 3 0
0.260631 20.8191 20.7249 3 3 0
0.26097 20.8085 20.7156 3 3 0
0.261308 20.7979 20.7063 3 3 0
0.261643 20.7872 20.697 3 3 0
0.261976 20.7766 20.6877 3 3 0
0.262308 20.766 20.6785 3 3 0
0.262637 20.7553 20.6693 3 3 0
0.262965 20.7446 20.6601 3 3 0
0.26329 20.7339 20.6509 3 3 0
0.263613 20.7232 20.6417 3 3 0
0.263934 20.7125 20.6326 3 3 0
0.264253 20.7017 20.6235 3 3 0
0.26457 20.6909 20.6144 3 3 0
0.264885 20.6801 20.6053 3 3 0
0.265197 20.6693 20.5963 3 3 0
0.265507 20.6584 20.5873 3 3 0
0.265814 20.6476 20.5784 3 3 0
0.26612 20.6366 20.5695 3 3 0
0.266422 20.6257 20.5607 3 3 0
0.266723 20.6147 20.5519 3 3 0
0.267021 20.6037 20.5431 3 3 0
0.267316 20.5927 20.5345 3 3 0
0.267608 20.5816 20.5259 3 3 0
0.267898 20.5704 20.5173 3 3 0
0.268185 20.5592 20.5089 3 3 0
0.268469 20.548 20.5006 3 3 0
0.268749 20.5366 20.4924 3 3 0
0.269026 20.5252 20.4844 3 3 0
0.269299 20.5137 20.4767 3 3 0
0.269568 20.502 20.4692 3 3 0
0.26983 20.4902 20.4621 3 3 0
0.270085 20.4782 20.4557 3 3 0
0.270327 20.4659 20.4506 3 3 0
0.270515 20.4533 20.4493 3 3 0
0.270456 20.453 20.451 4 3 0
0.270461 20.4562 20.4493 3 3 0
0.27045 20.4581 20.449 3 3 0
0.270234 20.4706 20.4524 3 3 0
0.269984 20.483 20.4582 3 3 0
0.269728 20.4949 20.4649 3 3 0
0.26946 20.5067 20.4721 3 3 0
0.269191 20.5183 20.4798 3 3 0
0.268916 20.5298 20.4876 3 3 0
0.268637 20.5412 20.4957 3 3 0
0.268355 20.5525 20.5039 3 3 0
0.26807 20.5637 20.5123 3 3 0
0.267782 20.5749 20.5207 3 3 0
0.267491 20.5861 20.5293 3 3 0
0.267197 20.5971 20.5379 3 3 0
0.266901 20.6082 20.5466 3 3 0
0.266602 20.6192 20.5554 3 3 0
0.266301 20.6301 20.5643 3 3 0
0.265997 20.641 20.5731 3 3 0
0.265691 20.6519 20.582 3 3 0
0.265383 20.6628 20.591 3 3 0
0.265072 20.6736 20.6 3 3 0
0.264758 20.6845 20.609 3 3 0
0.264443 20.6952 20.6181 3 3 0
0.264125 20.706 20.6272 3 3 0
0.263806 20.7168 20.6363 3 3 0
0.263484 20.7275 20.6454 3 3 0
0.26316 20.7382 20.6546 3 3 0
0.262833 20.7489 20.6638 3 3 0
0.262505 20.7596 20.673 3 3 0
0.262175 20.7702 20.6822 3 3 0
0.261843 20.7809 20.6915 3 3 0
0.261508 20.7915 20.7007 3 3 0
0.261172 20.8021 20.71 3 3 0
0.260834 20.8127 20.7193 3 3 0
0.260494 20.8233 20.7287 3 3 0
0.260152 20.8339 20.738 3 3 0
0.259809 20.8444 20.7474 3 3 0
0.259463 20.855 20.7567 3 3 0
0.259116 20.8655 20.7661 3 3 0
0.258767 20.876 20.7755 3 3 0
0.258416 20.8866 20.7849 3 3 0
0.258064 20.8971 20.7944 3 3 0
0.257709 20.9076 20.8038 3 3 0
0.257354 20.9181 20.8132 3 3 0
0.256996 20.9286 20.8227 3 3 0
0.256637 20.939 20.8322 3 3 0
0.256276 20.9495 20.8416 3 3 0
0.255914 20.96 20.8511 3 3 0
0.255551 20.9704 20.8606 3 3 0
0.255185 20.9808 20.8701 3 3 0
0.254819 20.9913 20.8796 3 3 0
0.25445 21.0017 20.8892 3 3 0
0.254081 21.0121 20.8987 3 3 0
0.25371 21.0225 20.9083 3 3 0
0.253337 21.0329 20.9178 3 3 0
0.252964 21.0433 20.9274 3 3 0
0.252588 21.0536 20.9369 3 3 0
0.252212 21.064 20.9465 3 3 0
0.251834 21.0744 20.9561 3 3 0
0.251455 21.0848 20.9657 3 3 0
0.251075 21.0951 20.9753 3 3 0
0.250694 21.1055 20.9849 3 3 0
0.250311 21.1158 20.9945 3 3 0
0.249927 21.1261 21.0041 3 3 0
0.249542 21.1365 21.0137 3 3 0
0.249156 21.1468 21.0233 3 3 0
0.248769 21.1571 21.033 3 3 0
0.24838 21.1674 21.0426 3 3 0
0.247991 21.1777 21.0523 3 3 0
0.2476 21.188 21.0619 3 3 0
0.247209 21.1983 21.0716 3 3 0
0.246816 21.2086 21.0812 3 3 0
0.246423 21.2189 21.0909 3 3 0
0.246028 21.2292 21.1006 3 3 0
0.245633 21.2395 21.1103 3 3 0
0.245237 21.2497 21.1199 3 3 0
0.24484 21.26 21.1296 3 3 0
0.244442 21.2703 21.1393 3 3 0
0.244043 21.2805 21.149 3 3 0
0.243643 21.2908 21.1587 3 3 0
0.243242 21.301 21.1684 3 3 0
0.242841 21.3112 21.1781 3 3 0
0.242439 21.3215 21.1878 3 3 0
0.242036 21.3317 21.1975 3 3 0
0.241633 21.3419 21.2073 3 3 0
0.241228 21.3522 21.217 3 3 0
0.240823 21.3624 21.2267 3 3 0
0.240418 21.3726 21.2365 3 3 0
0.240012 21.3828 21.2462 3 3 0
0.239605 21.393 21.256 3 3 0
0.239197 21.4032 21.2657 3 3 0
0.238789 21.4134 21.2754 3 3 0
0.23838 21.4236 21.2852 3 3 0
0.237971 21.4338 21.295 3 3 0
0.237561 21.444 21.3047 3 3 0
0.237151 21.4542 21.3145 3 3 0
0.23674 21.4644 21.3243 3 3 0
0.236329 21.4746 21.334 3 3 0
0.235917 21.4847 21.3438 3 3 0
0.235505 21.4949 21.3536 3 3 0
0.235093 21.5051 21.3634 3 3 0
0.23468 21.5152 21.3732 3 3 0
0.234266 21.5254 21.3829 3 3 0
0.233853 21.5356 21.3927 3 3 0
0.233439 21.5457 21.4025 3 3 0
0.233024 21.5559 21.4123 3 3 0
0.232609 21.566 21.4221 3 3 0
0.232194 21.5762 21.4319 3 3 0
0.231779 21.5863 21.4417 3 3 0
0.231364 21.5965 21.4516 3 3 0
0.230948 21.6066 21.4614 3 3 0
0.230532 21.6167 21.4712 3 3 0
0.230115 21.6269 21.481 3 3 0
0.229699 21.637 21.4908 3 3 0
0.229282 21.6471 21.5006 3 3 0
0.228865 21.6572 21.5105 3 3 0
0.228448 21.6674 21.5203 3 3 0
0.228031 21.6775 21.5301 3 3 0
0.227614 21.6876 21.54 3 3 0
0.227197 21.6977 21.5498 3 3 0
0.226779 21.7078 21.5597 3 3 0
0.226362 21.7179 21.5695 3 3 0
0.225944 21.728 21.5793 3 3 0
0.225526 21.7381 21.5892 3 3 0
0.225109 21.7482 21.599 3 3 0
0.224691 21.7583 21.6089 3 3 0
0.224273 21.7684 21.6188 3 3 0
0.223855 21.7785 21.6286 3 3 0
0.223438 21.7886 21.6385 3 3 0
0.22302 21.7987 21.6483 3 3 0
0.222602 21.8088 21.6582 3 3 0
0.222185 21.8188 21.6681 3 3 0
0.221767 21.8289 21.6779 3 3 0
0.22135 21.839 21.6878 3 3 0
0.220933 21.8491 21.6977 3 3 0
0.220516 21.8591 21.7076 3 3 0
0.220099 21.8692 21.7174 3 3 0
0.219682 21.8793 21.7273 3 3 0
0.219265 21.8893 21.7372 3 3 0
0.218848 21.8994 21.7471 3 3 0
0.218432 21.9095 21.757 3 3 0
0.218016 21.9195 21.7669 3 3 0
0.2176 21.9296 21.7768 3 3 0
0.217184 21.9396 21.7866 3 3 0
0.216768 21.9497 21.7965 3 3 0
0.216353 21.9597 21.8064 3 3 0
0.215938 21.9698 21.8163 3 3 0
0.215523 21.9798 21.8262 3 3 0
0.215108 21.9899 21.8361 3 3 0
0.214694 21.9999 21.846 3 3 0
0.21428 22.01 21.8559 3 3 0
0.213866 22.02 21.8658 3 3 0
0.213453 22.03 21.8758 3 3 0
0.21304 22.0401 21.8857 3 3 0
0.212627 22.0501 21.8956 3 3 0
0.212214 22.0601 21.9055 3 3 0
0.211802 22.0702 21.9154 3 3 0
0.211391 22.0802 21.9253 3 3 0
0.210979 22.0902 21.9352 3 3 0
0.210568 22.1003 21.9452 3 3 0
0.210158 22.1103 21.9551 3 3 0
0.209747 22.1203 21.965 3 3 0
0.209338 22.1303 21.9749 3 3 0
0.208928 22.1403 21.9848 3 3 0
0.208519 22.1503 21.9948 3 3 0
0.208111 22.1603 22.0047 3 3 0
0.207703 22.1704 22.0146 3 3 0
0.207295 22.1804 22.0246 3 3 0
0.206888 22.1904 22.0345 3 3 0
0.206481 22.2004 22.0444 3 3 0
0.206075 22.2104 22.0544 3 3 0
0.20567 22.2204 22.0643 3 3 0
0.205264 22.2304 22.0742 3 3 0
0.20486 22.2404 22.0842 3 3 0
0.204455 22.2504 22.0941 3 3 0
0.204052 22.2604 22.1041 3 3 0
0.203649 22.2704 22.114 3 3 0
0.203246 22.2804 22.124 3 3 0
0.202844 22.2904 22.1339 3 3 0
0.202442 22.3004 22.1439 3 3 0
0.202041 22.3104 22.1538 3 3 0
0.201641 22.3204 22.1637 3 3 0
0.201241 22.3303 22.1737 3 3 0
0.200842 22.3403 22.1836 3 3 0
0.200443 22.3503 22.1936 3 3 0
0.200045 22.3603 22.2036 3 3 0
0.199647 22.3703 22.2135 3 3 0
0.19925 22.3803 22.2235 3 3 0
0.198854 22.3903 22.2334 3 3 0
0.198458 22.4002 22.2434 3 3 0
0.198063 22.4102 22.2533 3 3 0
0.197669 22.4202 22.2633 3 3 0
0.197275 22.4302 22.2733 3 3 0
0.196882 22.4401 22.2833 3 3 0
0.196489 22.4501 22.2933 3 3 0
0.196097 22.4601 22.3033 3 3 0
0.195706 22.4701 22.3133 3 3 0
0.195315 22.48 22.3232 3 3 0
0.194925 22.49 22.3332 3 3 0
0.194536 22.5 22.3432 3 3 0
0.194148 22.5099 22.3532 3 3 0
0.19376 22.5199 22.3631 3 3 0
0.193372 22.5298 22.3731 3 3 0
0.192986 22.5398 22.3831 3 3 0
0.1926 22.5498 22.3931 3 3 0
0.192215 22.5597 22.4031 3 3 0
0.191831 22.5697 22.413 3 3 0
0.191447 22.5796 22.423 3 3 0
0.191064 22.5896 22.433 3 3 0
0.190682 22.5995 22.443 3 3 0
0.1903 22.6095 22.453 3 3 0
0.189919 22.6195 22.463 3 3 0
0.189539 22.6294 22.4729 3 3 0
0.18916 22.6394 22.4829 3 3 0
0.188781 22.6493 22.4929 3 3 0
0.188403 22.6592 22.5029 3 3 0
0.188026 22.6692 22.5129 3 3 0
0.18765 22.6791 22.5229 3 3 0
0.187274 22.6891 22.5329 3 3 0
0.186899 22.699 22.5429 3 3 0
0.186525 22.709 22.5529 3 3 0
0.186151 22.7189 22.5629 3 3 0
0.185779 22.7288 22.5729 3 3 0
0.185407 22.7388 22.5829 3 3 0
0.185036 22.7487 22.5929 3 3 0
0.184666 22.7587 22.6029 3 3 0
0.184296 22.7686 22.6129 3 3 0
0.183928 22.7785 22.6229 3 3 0
0.18356 22.7885 22.6329 3 3 0
0.183192 22.7984 22.643 3 3 0
0.182826 22.8083 22.653 3 3 0
0.182461 22.8182 22.663 3 3 0
0.182096 22.8282 22.673 3 3 0
0.181732 22.8381 22.683 3 3 0
0.181369 22.848 22.693 3 3 0
0.181006 22.8579 22.703 3 3 0
0.180645 22.8679 22.7131 3 3 0
0.180284 22.8778 22.7231 3 3 0
0.179924 22.8877 22.7331 3 3 0
0.179565 22.8976 22.7431 3 3 0
0.179207 22.9076 22.7532 3 3 0
0.17885 22.9175 22.7632 3 3 0
0.178493 22.9274 22.7732 3 3 0
0.178137 22.9373 22.7832 3 3 0
0.177782 22.9472 22.7933 3 3 0
0.177428 22.9571 22.8033 3 3 0
0.177075 22.9671 22.8133 3 3 0
0.176722 22.977 22.8234 3 3 0
0.176371 22.9869 22.8334 3 3 0
0.17602 22.9968 22.8434 3 3 0
0.17567 23.0067 22.8535 3 3 0
0.175321 23.0166 22.8635 3 3 0
0.174973 23.0265 22.8735 3 3 0
0.174625 23.0364 22.8836 3 3 0
0.174279 23.0463 22.8936 3 3 0
0.173933 23.0562 22.9037 3 3 0
0.173588 23.0661 22.9137 3 3 0
0.173244 23.076 22.9237 3 3 0
0.172901 23.0859 22.9338 3 3 0
0.172559 23.0958 22.9438 3 3 0
0.172217 23.1057 22.9539 3 3 0
0.171876 23.1156 22.9639 3 3 0
0.171537 23.1255 22.974 3 3 0
0.171198 23.1354 22.984 3 3 0
0.17086 23.1453 22.9941 3 3 0
0.170523 23.1552 23.0041 3 3 0
0.170186 23.1651 23.0142 3 3 0
0.169851 23.175 23.0243 3 3 0
0.169516 23.1849 23.0343 3 3 0
0.169183 23.1948 23.0444 3 3 0
0.16885 23.2047 23.0544 3 3 0
0.168518 23.2146 23.0645 3 3 0
0.168187 23.2245 23.0745 3 3 0
0.167856 23.2343 23.0846 3 3 0
0.167527 23.2442 23.0947 3 3 0
0.167199 23.2541 23.1047 3 3 0
0.166871 23.264 23.1148 3 3 0
0.166544 23.2739 23.1249 3 3 0
0.166218 23.2838 23.1349 3 3 0
0.165893 23.2936 23.145 3 3 0
0.165569 23.3035 23.1551 3 3 0
0.165246 23.3134 23.1652 3 3 0
0.164923 23.3233 23.1752 3 3 0
0.164602 23.3331 23.1853 3 3 0
0.164281 23.343 23.1954 3 3 0
0.163961 23.3529 23.2055 3 3 0
0.163642 23.3628 23.2155 3 3 0
0.163324 23.3726 23.2256 3 3 0
0.163007 23.3825 23.2357 3 3 0
0.162691 23.3924 23.2458 3 3 0
0.162376 23.4022 23.2559 3 3 0
0.162061 23.4121 23.2659 3 3 0
0.161747 23.422 23.276 3 3 0
0.161435 23.4318 23.2861 3 3 0
0.161123 23.4417 23.2962 3 3 0
0.160812 23.4516 23.3063 3 3 0
0.160502 23.4614 23.3164 3 3 0
0.160192 23.4713 23.3265 3 3 0
0.159884 23.4812 23.3366 3 3 0
0.159577 23.491 23.3467 3 3 0
0.15927 23.5009 23.3568 3 3 0
0.158964 23.5107 23.3669 3 3 0
0.158659 23.5206 23.377 3 3 0
0.158355 23.5304 23.387 3 3 0
0.158052 23.5403 23.3971 3 3 0
0.15775 23.5501 23.4073 3 3 0
0.157449 23.56 23.4174 3 3 0
0.157148 23.5698 23.4275 3 3 0
0.156849 23.5797 23.4376 3 3 0
0.15655 23.5895 23.4477 3 3 0
0.156252 23.5993 23.4578 3 3 0
0.155955 23.6092 23.4679 3 3 0
0.155659 23.6191 23.478 3 3 0
0.155364 23.6289 23.4881 3 3 0
0.15507 23.6387 23.4982 3 3 0
0.154776 23.6486 23.5084 3 3 0
0.154484 23.6584 23.5185 3 3 0
0.154192 23.6682 23.5286 3 3 0
0.153901 23.6781 23.5388 3 3 0
0.153611 23.6879 23.5489 3 3 0
0.153322 23.6978 23.559 3 3 0
0.153034 23.7076 23.5692 3 3 0
0.152746 23.7174 23.5793 3 3 0
0.15246 23.7273 23.5894 3 3 0
0.152174 23.7371 23.5995 3 3 0
0.15189 23.7469 23.6097 3 3 0
0.151606 23.7568 23.6198 3 3 0
0.151323 23.7666 23.63 3 3 0
0.151041 23.7764 23.6401 3 3 0
0.150759 23.7862 23.6502 3 3 0
0.150479 23.796 23.6604 3 3 0
0.1502 23.8059 23.6705 3 3 0
0.149921 23.8157 23.6807 3 3 0
0.149643 23.8255 23.6908 3 3 0
0.149366 23.8353 23.701 3 3 0
0.14909 23.8451 23.7111 3 3 0
0.148815 23.8549 23.7213 3 3 0
0.148541 23.8647 23.7314 3 3 0
0.148267 23.8746 23.7416 3 3 0
0.147995 23.8844 23.7517 3 3 0
0.147723 23.8942 23.7619 3 3 0
0.147452 23.904 23.772 3 3 0
0.147182 23.9138 23.7822 3 3 0
0.146913 23.9236 23.7923 3 3 0
0.146645 23.9334 23.8025 3 3 0
0.146378 23.9432 23.8127 3 3 0
0.146111 23.953 23.8228 3 3 0
0.145845 23.9628 23.833 3 3 0
0.14558 23.9726 23.8432 3 3 0
0.145316 23.9824 23.8533 3 3 0
0.145053 23.9921 23.8635 3 3 0
0.144791 24.0019 23.8737 3 3 0
0.14453 24.0117 23.8839 3 3 0
0.144269 24.0215 23.894 3 3 0
0.144009 24.0313 23.9042 3 3 0
0.143751 24.0411 23.9144 3 3 0
0.143493 24.0509 23.9246 3 3 0
0.143235 24.0606 23.9348 3 3 0
0.142979 24.0704 23.945 3 3 0
0.142724 24.0802 23.9552 3 3 0
0.142469 24.09 23.9654 3 3 0
0.142215 24.0997 23.9756 3 3 0
0.141962 24.1095 23.9858 3 3 0
0.14171 24.1193 23.996 3 3 0
0.141459 24.129 24.0062 3 3 0
0.141209 24.1388 24.0164 3 3 0
0.140959 24.1485 24.0266 3 3 0
0.14071 24.1583 24.0368 3 3 0
0.140463 24.1681 24.047 3 3 0
0.140215 24.1778 24.0573 3 3 0
0.139969 24.1876 24.0675 3 3 0
0.139724 24.1973 24.0777 3 3 0
0.139479 24.2071 24.0879 3 3 0
0.139236 24.2168 24.0982 3 3 0
0.138993 24.2265 24.1084 3 3 0
0.138751 24.2363 24.1186 3 3 0
0.13851 24.246 24.1289 3 3 0
0.138269 24.2558 24.1391 3 3 0
0.13803 24.2655 24.1493 3 3 0
0.137791 24.2753 24.1596 3 3 0
0.137553 24.285 24.1698 3 3 0
0.137316 24.2947 24.1801 3 3 0
0.13708 24.3045 24.1903 3 3 0
0.136845 24.3142 24.2006 3 3 0
0.13661 24.3239 24.2109 3 3 0
0.136376 24.3336 24.2211 3 3 0
0.136143 24.3433 24.2314 3 3 0
0.135911 24.3531 24.2417 3 3 0
0.13568 24.3628 24.2519 3 3 0
0.135449 24.3725 24.2622 3 3 0
0.13522 24.3822 24.2725 3 3 0
0.134991 24.3919 24.2828 3 3 0
0.134763 24.4016 24.2931 3 3 0
0.134536 24.4113 24.3034 3 3 0
0.134309 24.421 24.3137 3 3 0
0.134084 24.4307 24.324 3 3 0
0.133859 24.4404 24.3343 3 3 0
0.133635 24.45 24.3446 3 3 0
0.133412 24.4597 24.3549 3 3 0
0.13319 24.4694 24.3652 3 3 0
0.132968 24.4791 24.3755 3 3 0
0.132747 24.4887 24.3858 3 3 0
0.132527 24.4984 24.3961 3 3 0
0.132308 24.5081 24.4065 3 3 0
0.13209 24.5177 24.4168 3 3 0
0.131872 24.5274 24.4271 3 3 0
0.131656 24.537 24.4375 3 3 0
0.13144 24.5467 24.4478 3 3 0
0.131224 24.5563 24.4582 3 3 0
0.13101 24.566 24.4685 3 3 0
0.130797 24.5756 24.4789 3 3 0
0.130584 24.5852 24.4893 3 3 0
0.130372 24.5949 24.4996 3 3 0
0.130161 24.6045 24.51 3 3 0
0.12995 24.6141 24.5204 3 3 0
0.129741 24.6237 24.5308 3 3 0
0.129532 24.6333 24.5411 3 3 0
0.129324 24.6429 24.5515 3 3 0
0.129116 24.6525 24.5619 3 3 0
0.12891 24.6621 24.5723 3 3 0
0.128704 24.6717 24.5828 3 3 0
0.128499 24.6813 24.5932 3 3 0
0.128295 24.6909 24.6036 3 3 0
0.128092 24.7004 24.614 3 3 0
0.127889 24.71 24.6245 3 3 0
0.127688 24.7195 24.6349 3 3 0
0.127487 24.7291 24.6454 3 3 0
0.127286 24.7386 24.6558 3 3 0
0.127087 24.7482 24.6663 3 3 0
0.126888 24.7577 24.6768 3 3 0
0.12669 24.7672 24.6872 3 3 0
0.126493 24.7767 24.6977 3 3 0
0.126296 24.7862 24.7082 3 3 0
0.126101 24.7957 24.7187 3 3 0
0.125906 24.8052 24.7292 3 3 0
0.125712 24.8147 24.7397 3 3 0
0.125518 24.8242 24.7502 3 3 0
0.125326 24.8336 24.7608 3 3 0
0.125134 24.8431 24.7713 3 3 0
0.124943 24.8525 24.7819 3 3 0
0.124753 24.8619 24.7924 3 3 0
0.124563 24.8714 24.803 3 3 0
0.124374 24.8808 24.8136 3 3 0
0.124186 24.8901 24.8242 3 3 0
0.123999 24.8995 24.8349 3 3 0
0.123812 24.9089 24.8455 3 3 0
0.123626 24.9183 24.8561 3 3 0
0.123441 24.9276 24.8668 3 3 0
0.123257 24.9369 24.8775 3 3 0
0.123073 24.9462 24.8882 3 3 0
0.122891 24.9555 24.8989 3 3 0
0.122709 24.9647 24.9096 3 3 0
0.122527 24.9739 24.9204 3 3 0
0.122347 24.9831 24.9312 3 3 0
0.122167 24.9923 24.942 3 3 0
0.121988 25.0014 24.9528 3 3 0
0.12181 25.0105 24.9636 3 3 0
0.121632 25.0196 24.9745 3 3 0
0.121455 25.0286 24.9855 3 3 0
0.12128 25.0375 24.9965 3 3 0
0.121104 25.0464 25.0075 3 3 0
0.12093 25.0552 25.0186 3 3 0
0.120757 25.064 25.0297 3 3 0
0.120584 25.0726 25.041 3 3 0
0.120413 25.0811 25.0523 3 3 0
0.120243 25.0894 25.0637 3 3 0
0.120074 25.0975 25.0753 3 3 0
0.119907 25.1051 25.0872 3 3 0
0.119744 25.112 25.0995 3 3 0
0.119591 25.1172 25.1126 3 3 0
0.119591 25.1172 25.1126 3 3 0
