0.6 0.627592 0.627592 2 1 0
0.59876 0.627321 0.627321 1 1 0
0.597523 0.62705 0.62705 1 1 0
0.596289 0.626778 0.626778 1 1 0
0.595056 0.626506 0.626506 1 1 0
0.593826 0.626233 0.626233 1 1 0
0.592599 0.62596 0.62596 1 1 0
0.591374 0.625686 0.625686 1 1 0
0.590151 0.625412 0.625412 1 1 0
0.588931 0.625137 0.625137 1 1 0
0.587713 0.624862 0.624862 1 1 0
0.586498 0.624587 0.624587 1 1 0
0.585285 0.624311 0.624311 1 1 0
0.584074 0.624034 0.624034 1 1 0
0.582866 0.623757 0.623757 1 1 0
0.58166 0.62348 0.62348 1 1 0
0.580456 0.623202 0.623202 1 1 0
0.579255 0.622924 0.622924 1 1 0
0.578056 0.622645 0.622645 1 1 0
0.57686 0.622366 0.622366 1 1 0
0.575665 0.622086 0.622086 1 1 0
0.574473 0.621806 0.621806 1 1 0
0.573283 0.621525 0.621525 1 1 0
0.572096 0.621244 0.621244 1 1 0
0.570911 0.620962 0.620962 1 1 0
0.569728 0.62068 0.62068 1 1 0
0.568548 0.620397 0.620397 1 1 0
0.567369 0.620114 0.620114 1 1 0
0.566193 0.619831 0.619831 1 1 0
0.565019 0.619547 0.619547 1 1 0
0.563848 0.619262 0.619262 1 1 0
0.562678 0.618978 0.618978 1 1 0
0.561511 0.618692 0.618692 1 1 0
0.560346 0.618406 0.618406 1 1 0
0.559184 0.61812 0.61812 1 1 0
0.558023 0.617833 0.617833 1 1 0
0.556865 0.617546 0.617546 1 1 0
0.555709 0.617259 0.617259 1 1 0
0.554555 0.616971 0.616971 1 1 0
0.553403 0.616682 0.616682 1 1 0
0.552254 0.616393 0.616393 1 1 0
0.551107 0.616103 0.616103 1 1 0
0.549961 0.615814 0.615814 1 1 0
0.548818 0.615523 0.615523 1 1 0
0.547678 0.615232 0.615232 1 1 0
0.546539 0.614941 0.614941 1 1 0
0.545402 0.614649 0.614649 1 1 0
0.544268 0.614357 0.614357 1 1 0
0.543135 0.614065 0.614065 1 1 0
0.542005 0.613771 0.613771 1 1 0
0.540877 0.613478 0.613478 1 1 0
0.539751 0.613184 0.613184 1 1 0
0.538627 0.612889 0.612889 1 1 0
0.537505 0.612595 0.612595 1 1 0
0.536386 0.612299 0.612299 1 1 0
0.535268 0.612004 0.612004 1 1 0
0.534153 0.611707 0.611707 1 1 0
0.533039 0.611411 0.611411 1 1 0
0.531928 0.611114 0.611114 1 1 0
0.530818 0.610816 0.610816 1 1 0
0.529711 0.610518 0.610518 1 1 0
0.528606 0.61022 0.61022 1 1 0
0.527503 0.609921 0.609921 1 1 0
0.526401 0.609621 0.609621 1 1 0
0.525302 0.609322 0.609322 1 1 0
0.524205 0.609021 0.609021 1 1 0
0.52311 0.608721 0.608721 1 1 0
0.522017 0.60842 0.60842 1 1 0
0.520926 0.608118 0.608118 1 1 0
0.519837 0.607816 0.607816 1 1 0
0.51875 0.607514 0.607514 1 1 0
0.517665 0.607211 0.607211 1 1 0
0.516582 0.606908 0.606908 1 1 0
0.5155 0.606604 0.606604 1 1 0
0.514421 0.6063 0.6063 1 1 0
0.513344 0.605995 0.605995 1 1 0
0.512269 0.60569 0.60569 1 1 0
0.511196 0.605385 0.605385 1 1 0
0.510124 0.605079 0.605079 1 1 0
0.509055 0.604773 0.604773 1 1 0
0.507988 0.604466 0.604466 1 1 0
0.506922 0.604159 0.604159 1 1 0
0.505859 0.603852 0.603852 1 1 0
0.504797 0.603544 0.603544 1 1 0
0.503737 0.603235 0.603235 1 1 0
0.50268 0.602927 0.602927 1 1 0
0.501624 0.602617 0.602617 1 1 0
0.50057 0.602308 0.602308 1 1 0
0.499518 0.601998 0.601998 1 1 0
0.498468 0.601687 0.601687 1 1 0
0.497419 0.601376 0.601376 1 1 0
0.496373 0.601065 0.601065 1 1 0
0.495329 0.600753 0.600753 1 1 0
0.494286 0.600441 0.600441 1 1 0
0.493245 0.600128 0.600128 1 1 0
0.492206 0.599815 0.599815 1 1 0
0.49117 0.599502 0.599502 1 1 0
0.490134 0.599188 0.599188 1 1 0
0.489101 0.598874 0.598874 1 1 0
0.48807 0.598559 0.598559 1 1 0
0.48704 0.598244 0.598244 1 1 0
0.486013 0.597929 0.597929 1 1 0
0.484987 0.597613 0.597613 1 1 0
0.483963 0.597297 0.597297 1 1 0
0.48294 0.59698 0.59698 1 1 0
0.48192 0.596663 0.596663 1 1 0
0.480901 0.596345 0.596345 1 1 0
0.479885 0.596027 0.596027 1 1 0
0.47887 0.595709 0.595709 1 1 0
0.477857 0.59539 0.59539 1 1 0
0.476845 0.595071 0.595071 1 1 0
0.475836 0.594752 0.594752 1 1 0
0.474828 0.594432 0.594432 1 1 0
0.473822 0.594111 0.594111 1 1 0
0.472818 0.593791 0.593791 1 1 0
0.471816 0.59347 0.59347 1 1 0
0.470815 0.593148 0.593148 1 1 0
0.469816 0.592826 0.592826 1 1 0
0.468819 0.592504 0.592504 1 1 0
0.467824 0.592181 0.592181 1 1 0
0.46683 0.591858 0.591858 1 1 0
0.465839 0.591535 0.591535 1 1 0
0.464849 0.591211 0.591211 1 1 0
0.46386 0.590887 0.590887 1 1 0
0.462874 0.590562 0.590562 1 1 0
0.461889 0.590237 0.590237 1 1 0
0.460906 0.589912 0.589912 1 1 0
0.459925 0.589586 0.589586 1 1 0
0.458945 0.58926 0.58926 1 1 0
0.457967 0.588933 0.588933 1 1 0
0.456991 0.588606 0.588606 1 1 0
0.456017 0.588279 0.588279 1 1 0
0.455044 0.587951 0.587951 1 1 0
0.454073 0.587623 0.587623 1 1 0
0.453104 0.587294 0.587294 1 1 0
0.452136 0.586966 0.586966 1 1 0
0.451171 0.586636 0.586636 1 1 0
0.450206 0.586307 0.586307 1 1 0
0.449244 0.585977 0.585977 1 1 0
0.448283 0.585646 0.585646 1 1 0
0.447324 0.585316 0.585316 1 1 0
0.446367 0.584985 0.584985 1 1 0
0.445411 0.584653 0.584653 1 1 0
0.444457 0.584321 0.584321 1 1 0
0.443505 0.583989 0.583989 1 1 0
0.442554 0.583657 0.583657 1 1 0
0.441605 0.583324 0.583324 1 1 0
0.440657 0.58299 0.58299 1 1 0
0.439712 0.582657 0.582657 1 1 0
0.438768 0.582323 0.582323 1 1 0
0.437825 0.581988 0.581988 1 1 0
0.436884 0.581653 0.581653 1 1 0
0.435945 0.581318 0.581318 1 1 0
0.435008 0.580983 0.580983 1 1 0
0.434072 0.580647 0.580647 1 1 0
0.433138 0.580311 0.580311 1 1 0
0.432205 0.579974 0.579974 1 1 0
0.431274 0.579637 0.579637 1 1 0
0.430345 0.5793 0.5793 1 1 0
0.429417 0.578963 0.578963 1 1 0
0.428491 0.578625 0.578625 1 1 0
0.427566 0.578286 0.578286 1 1 0
0.426644 0.577948 0.577948 1 1 0
0.425722 0.577609 0.577609 1 1 0
0.424803 0.577269 0.577269 1 1 0
0.423885 0.57693 0.57693 1 1 0
0.422968 0.576589 0.576589 1 1 0
0.422053 0.576249 0.576249 1 1 0
0.42114 0.575908 0.575908 1 1 0
0.420228 0.575567 0.575567 1 1 0
0.419318 0.575226 0.575226 1 1 0
0.41841 0.574884 0.574884 1 1 0
0.417503 0.574542 0.574542 1 1 0
0.416597 0.5742 0.5742 1 1 0
0.415694 0.573857 0.573857 1 1 0
0.414791 0.573514 0.573514 1 1 0
0.413891 0.57317 0.57317 1 1 0
0.412992 0.572826 0.572826 1 1 0
0.412094 0.572482 0.572482 1 1 0
0.411198 0.572138 0.572138 1 1 0
0.410304 0.571793 0.571793 1 1 0
0.409411 0.571448 0.571448 1 1 0
0.40852 0.571103 0.571103 1 1 0
0.40763 0.570757 0.570757 1 1 0
0.406742 0.570411 0.570411 1 1 0
0.405855 0.570064 0.570064 1 1 0
0.40497 0.569718 0.569718 1 1 0
0.404086 0.569371 0.569371 1 1 0
0.403204 0.569023 0.569023 1 1 0
0.402324 0.568675 0.568675 1 1 0
0.401445 0.568327 0.568327 1 1 0
0.400568 0.567979 0.567979 1 1 0
0.399692 0.56763 0.56763 1 1 0
0.398817 0.567282 0.567282 1 1 0
0.397944 0.566932 0.566932 1 1 0
0.397073 0.566583 0.566583 1 1 0
0.396203 0.566233 0.566233 1 1 0
0.395335 0.565883 0.565883 1 1 0
0.394468 0.565532 0.565532 1 1 0
0.393603 0.565181 0.565181 1 1 0
0.392739 0.56483 0.56483 1 1 0
0.391876 0.564479 0.564479 1 1 0
0.391016 0.564127 0.564127 1 1 0
0.390156 0.563775 0.563775 1 1 0
0.389298 0.563422 0.563422 1 1 0
0.388442 0.56307 0.56307 1 1 0
0.387587 0.562717 0.562717 1 1 0
0.386734 0.562364 0.562364 1 1 0
0.385882 0.56201 0.56201 1 1 0
0.385031 0.561656 0.561656 1 1 0
0.384182 0.561302 0.561302 1 1 0
0.383335 0.560948 0.560948 1 1 0
0.382489 0.560593 0.560593 1 1 0
0.381644 0.560238 0.560238 1 1 0
0.380801 0.559883 0.559883 1 1 0
0.37996 0.559527 0.559527 1 1 0
0.37912 0.559171 0.559171 1 1 0
0.378281 0.558815 0.558815 1 1 0
0.377444 0.558458 0.558458 1 1 0
0.376608 0.558102 0.558102 1 1 0
0.375774 0.557745 0.557745 1 1 0
0.374941 0.557387 0.557387 1 1 0
0.374109 0.55703 0.55703 1 1 0
0.373279 0.556672 0.556672 1 1 0
0.372451 0.556314 0.556314 1 1 0
0.371624 0.555955 0.555955 1 1 0
0.370798 0.555596 0.555596 1 1 0
0.369974 0.555237 0.555237 1 1 0
0.369151 0.554878 0.554878 1 1 0
0.36833 0.554519 0.554519 1 1 0
0.36751 0.554159 0.554159 1 1 0
0.366692 0.553799 0.553799 1 1 0
0.365874 0.553438 0.553438 1 1 0
0.365059 0.553078 0.553078 1 1 0
0.364245 0.552717 0.552717 1 1 0
0.363432 0.552356 0.552356 1 1 0
0.36262 0.551994 0.551994 1 1 0
0.361811 0.551633 0.551633 1 1 0
0.361002 0.551271 0.551271 1 1 0
0.360195 0.550909 0.550909 1 1 0
0.359389 0.550546 0.550546 1 1 0
0.358585 0.550183 0.550183 1 1 0
0.357782 0.54982 0.54982 1 1 0
0.35698 0.549457 0.549457 1 1 0
0.35618 0.549094 0.549094 1 1 0
0.355382 0.54873 0.54873 1 1 0
0.354584 0.548366 0.548366 1 1 0
0.353788 0.548002 0.548002 1 1 0
0.352994 0.547637 0.547637 1 1 0
0.352201 0.547273 0.547273 1 1 0
0.351409 0.546908 0.546908 1 1 0
0.350619 0.546542 0.546542 1 1 0
0.34983 0.546177 0.546177 1 1 0
0.349042 0.545811 0.545811 1 1 0
0.348256 0.545445 0.545445 1 1 0
0.347471 0.545079 0.545079 1 1 0
0.346687 0.544713 0.544713 1 1 0
0.345905 0.544346 0.544346 1 1 0
0.345125 0.543979 0.543979 1 1 0
0.344345 0.543612 0.543612 1 1 0
0.343567 0.543245 0.543245 1 1 0
0.342791 0.542877 0.542877 1 1 0
0.342015 0.542509 0.542509 1 1 0
0.341241 0.542141 0.542141 1 1 0
0.340469 0.541773 0.541773 1 1 0
0.339698 0.541404 0.541404 1 1 0
0.338928 0.541035 0.541035 1 1 0
0.338159 0.540666 0.540666 1 1 0
0.337392 0.540297 0.540297 1 1 0
0.336626 0.539928 0.539928 1 1 0
0.335862 0.539558 0.539558 1 1 0
0.335099 0.539188 0.539188 1 1 0
0.334337 0.538818 0.538818 1 1 0
0.333577 0.538448 0.538448 1 1 0
0.332818 0.538077 0.538077 1 1 0
0.33206 0.537707 0.537707 1 1 0
0.331304 0.537336 0.537336 1 1 0
0.330548 0.536965 0.536965 1 1 0
0.329795 0.536593 0.536593 1 1 0
0.329042 0.536222 0.536222 1 1 0
0.328291 0.53585 0.53585 1 1 0
0.327542 0.535478 0.535478 1 1 0
0.326793 0.535106 0.535106 1 1 0
0.326046 0.534733 0.534733 1 1 0
0.3253 0.534361 0.534361 1 1 0
0.324556 0.533988 0.533988 1 1 0
0.323813 0.533615 0.533615 1 1 0
0.323071 0.533241 0.533241 1 1 0
0.32233 0.532868 0.532868 1 1 0
0.321591 0.532494 0.532494 1 1 0
0.320853 0.532121 0.532121 1 1 0
0.320117 0.531747 0.531747 1 1 0
0.319381 0.531372 0.531372 1 1 0
0.318648 0.530998 0.530998 1 1 0
0.317915 0.530623 0.530623 1 1 0
0.317184 0.530249 0.530249 1 1 0
0.316453 0.529874 0.529874 1 1 0
0.315725 0.529499 0.529499 1 1 0
0.314997 0.529123 0.529123 1 1 0
0.314271 0.528748 0.528748 1 1 0
0.313546 0.528372 0.528372 1 1 0
0.312823 0.527996 0.527996 1 1 0
0.3121 0.52762 0.52762 1 1 0
0.311379 0.527244 0.527244 1 1 0
0.31066 0.526867 0.526867 1 1 0
0.309941 0.526491 0.526491 1 1 0
0.309224 0.526114 0.526114 1 1 0
0.308508 0.525737 0.525737 1 1 0
0.307794 0.52536 0.52536 1 1 0
0.30708 0.524983 0.524983 1 1 0
0.306368 0.524605 0.524605 1 1 0
0.305657 0.524228 0.524228 1 1 0
0.304948 0.52385 0.52385 1 1 0
0.30424 0.523472 0.523472 1 1 0
0.303533 0.523094 0.523094 1 1 0
0.302827 0.522715 0.522715 1 1 0
0.302123 0.522337 0.522337 1 1 0
0.30142 0.521958 0.521958 1 1 0
0.300718 0.52158 0.52158 1 1 0
0.300017 0.521201 0.521201 1 1 0
0.299318 0.520821 0.520821 1 1 0
0.298619 0.520442 0.520442 1 1 0
0.297923 0.520063 0.520063 1 1 0
0.297227 0.519683 0.519683 1 1 0
0.296533 0.519304 0.519304 1 1 0
0.29584 0.518924 0.518924 1 1 0
0.295148 0.518544 0.518544 1 1 0
0.294457 0.518164 0.518164 1 1 0
0.293768 0.517783 0.517783 1 1 0
0.29308 0.517403 0.517403 1 1 0
0.292393 0.517022 0.517022 1 1 0
0.291707 0.516641 0.516641 1 1 0
0.291023 0.516261 0.516261 1 1 0
0.290339 0.515879 0.515879 1 1 0
0.289658 0.515498 0.515498 1 1 0
0.288977 0.515117 0.515117 1 1 0
0.288297 0.514736 0.514736 1 1 0
0.287619 0.514354 0.514354 1 1 0
0.286942 0.513972 0.513972 1 1 0
0.286266 0.51359 0.51359 1 1 0
0.285592 0.513208 0.513208 1 1 0
0.284918 0.512826 0.512826 1 1 0
0.284246 0.512444 0.512444 1 1 0
0.283575 0.512062 0.512062 1 1 0
0.282906 0.511679 0.511679 1 1 0
0.282237 0.511297 0.511297 1 1 0
0.28157 0.510914 0.510914 1 1 0
0.280904 0.510531 0.510531 1 1 0
0.280239 0.510148 0.510148 1 1 0
0.279576 0.509765 0.509765 1 1 0
0.278913 0.509382 0.509382 1 1 0
0.278252 0.508998 0.508998 1 1 0
0.277592 0.508615 0.508615 1 1 0
0.276933 0.508231 0.508231 1 1 0
0.276276 0.507848 0.507848 1 1 0
0.275619 0.507464 0.507464 1 1 0
0.274964 0.50708 0.50708 1 1 0
0.27431 0.506696 0.506696 1 1 0
0.273658 0.506312 0.506312 1 1 0
0.273006 0.505928 0.505928 1 1 0
0.272356 0.505543 0.505543 1 1 0
0.271706 0.505159 0.505159 1 1 0
0.271059 0.504774 0.504774 1 1 0
0.270412 0.50439 0.50439 1 1 0
0.269766 0.504005 0.504005 1 1 0
0.269122 0.50362 0.50362 1 1 0
0.268478 0.503235 0.503235 1 1 0
0.267836 0.50285 0.50285 1 1 0
0.267195 0.502465 0.502465 1 1 0
0.266556 0.50208 0.50208 1 1 0
0.265917 0.501694 0.501694 1 1 0
0.26528 0.501309 0.501309 1 1 0
0.264644 0.500924 0.500924 1 1 0
0.264009 0.500538 0.500538 1 1 0
0.263375 0.500152 0.500152 1 1 0
0.262742 0.499767 0.499767 1 1 0
0.262111 0.499381 0.499381 1 1 0
0.261481 0.498995 0.498995 1 1 0
0.260851 0.498609 0.498609 1 1 0
0.260223 0.498223 0.498223 1 1 0
0.259597 0.497836 0.497836 1 1 0
0.258971 0.49745 0.49745 1 1 0
0.258346 0.497064 0.497064 1 1 0
0.257723 0.496677 0.496677 1 1 0
0.257101 0.496291 0.496291 1 1 0
0.25648 0.495904 0.495904 1 1 0
0.25586 0.495518 0.495518 1 1 0
0.255241 0.495131 0.495131 1 1 0
0.254624 0.494744 0.494744 1 1 0
0.254007 0.494357 0.494357 1 1 0
0.253392 0.49397 0.49397 1 1 0
0.252778 0.493583 0.493583 1 1 0
0.252165 0.493196 0.493196 1 1 0
0.251553 0.492809 0.492809 1 1 0
0.250942 0.492422 0.492422 1 1 0
0.250333 0.492035 0.492035 1 1 0
0.249724 0.491647 0.491647 1 1 0
0.249117 0.49126 0.49126 1 1 0
0.248511 0.490873 0.490873 1 1 0
0.247906 0.490485 0.490485 1 1 0
0.247302 0.490098 0.490098 1 1 0
0.246699 0.48971 0.48971 1 1 0
0.246098 0.489322 0.489322 1 1 0
0.245497 0.488935 0.488935 1 1 0
0.244898 0.488547 0.488547 1 1 0
0.2443 0.488159 0.488159 1 1 0
0.243702 0.487771 0.487771 1 1 0
0.243106 0.487383 0.487383 1 1 0
0.242512 0.486995 0.486995 1 1 0
0.241918 0.486607 0.486607 1 1 0
0.241325 0.486219 0.486219 1 1 0
0.240734 0.485831 0.485831 1 1 0
0.240143 0.485443 0.485443 1 1 0
0.239554 0.485055 0.485055 1 1 0
0.238966 0.484667 0.484667 1 1 0
0.238379 0.484279 0.484279 1 1 0
0.237793 0.48389 0.48389 1 1 0
0.237208 0.483502 0.483502 1 1 0
0.236624 0.483114 0.483114 1 1 0
0.236041 0.482725 0.482725 1 1 0
0.23546 0.482337 0.482337 1 1 0
0.234879 0.481949 0.481949 1 1 0
0.2343 0.48156 0.48156 1 1 0
0.233722 0.481172 0.481172 1 1 0
0.233145 0.480783 0.480783 1 1 0
0.232568 0.480395 0.480395 1 1 0
0.231993 0.480006 0.480006 1 1 0
0.23142 0.479618 0.479618 1 1 0
0.230847 0.479229 0.479229 1 1 0
0.230275 0.47884 0.47884 1 1 0
0.229704 0.478452 0.478452 1 1 0
0.229135 0.478063 0.478063 1 1 0
0.228566 0.477674 0.477674 1 1 0
0.227999 0.477286 0.477286 1 1 0
0.227433 0.476897 0.476897 1 1 0
0.226868 0.476508 0.476508 1 1 0
0.226303 0.47612 0.47612 1 1 0
0.22574 0.475731 0.475731 1 1 0
0.225178 0.475342 0.475342 1 1 0
0.224617 0.474953 0.474953 1 1 0
0.224058 0.474564 0.474564 1 1 0
0.223499 0.474176 0.474176 1 1 0
0.222941 0.473787 0.473787 1 1 0
0.222385 0.473398 0.473398 1 1 0
0.221829 0.473009 0.473009 1 1 0
0.221274 0.472621 0.472621 1 1 0
0.220721 0.472232 0.472232 1 1 0
0.220169 0.471843 0.471843 1 1 0
0.219617 0.471454 0.471454 1 1 0
0.219067 0.471065 0.471065 1 1 0
0.218518 0.470677 0.470677 1 1 0
0.21797 0.470288 0.470288 1 1 0
0.217423 0.469899 0.469899 1 1 0
0.216876 0.46951 0.46951 1 1 0
0.216331 0.469122 0.469122 1 1 0
0.215788 0.468733 0.468733 1 1 0
0.215245 0.468344 0.468344 1 1 0
0.214703 0.467955 0.467955 1 1 0
0.214162 0.467567 0.467567 1 1 0
0.213622 0.467178 0.467178 1 1 0
0.213083 0.466789 0.466789 1 1 0
0.212546 0.466401 0.466401 1 1 0
0.212009 0.466012 0.466012 1 1 0
0.211473 0.465623 0.465623 1 1 0
0.210939 0.465235 0.465235 1 1 0
0.210405 0.464846 0.464846 1 1 0
0.209873 0.464458 0.464458 1 1 0
0.209341 0.464069 0.464069 1 1 0
0.208811 0.463681 0.463681 1 1 0
0.208281 0.463292 0.463292 1 1 0
0.207753 0.462904 0.462904 1 1 0
0.207226 0.462515 0.462515 1 1 0
0.206699 0.462127 0.462127 1 1 0
0.206174 0.461739 0.461739 1 1 0
0.20565 0.46135 0.46135 1 1 0
0.205126 0.460962 0.460962 1 1 0
0.204604 0.460574 0.460574 1 1 0
0.204083 0.460185 0.460185 1 1 0
0.203562 0.459797 0.459797 1 1 0
0.203043 0.459409 0.459409 1 1 0
0.202525 0.459021 0.459021 1 1 0
0.202008 0.458633 0.458633 1 1 0
0.201491 0.458245 0.458245 1 1 0
0.200976 0.457857 0.457857 1 1 0
0.200462 0.457469 0.457469 1 1 0
0.199949 0.457081 0.457081 1 1 0
0.199437 0.456693 0.456693 1 1 0
0.198925 0.456305 0.456305 1 1 0
0.198415 0.455918 0.455918 1 1 0
0.197906 0.45553 0.45553 1 1 0
0.197398 0.455142 0.455142 1 1 0
0.19689 0.454755 0.454755 1 1 0
0.196384 0.454367 0.454367 1 1 0
0.195879 0.453979 0.453979 1 1 0
0.195375 0.453592 0.453592 1 1 0
0.194871 0.453205 0.453205 1 1 0
0.194369 0.452817 0.452817 1 1 0
0.193868 0.45243 0.45243 1 1 0
0.193368 0.452043 0.452043 1 1 0
0.192868 0.451655 0.451655 1 1 0
0.19237 0.451268 0.451268 1 1 0
0.191872 0.450881 0.450881 1 1 0
0.191376 0.450494 0.450494 1 1 0
0.190881 0.450107 0.450107 1 1 0
0.190386 0.44972 0.44972 1 1 0
0.189893 0.449334 0.449334 1 1 0
0.1894 0.448947 0.448947 1 1 0
0.188909 0.44856 0.44856 1 1 0
0.188418 0.448173 0.448173 1 1 0
0.187928 0.447787 0.447787 1 1 0
0.18744 0.4474 0.4474 1 1 0
0.186952 0.447014 0.447014 1 1 0
0.186465 0.446628 0.446628 1 1 0
0.18598 0.446241 0.446241 1 1 0
0.185495 0.445855 0.445855 1 1 0
0.185011 0.445469 0.445469 1 1 0
0.184528 0.445083 0.445083 1 1 0
0.184046 0.444697 0.444697 1 1 0
0.183565 0.444311 0.444311 1 1 0
0.183085 0.443925 0.443925 1 1 0
0.182606 0.44354 0.44354 1 1 0
0.182128 0.443154 0.443154 1 1 0
0.181651 0.442768 0.442768 1 1 0
0.181174 0.442383 0.442383 1 1 0
0.180699 0.441998 0.441998 1 1 0
0.180225 0.441612 0.441612 1 1 0
0.179751 0.441227 0.441227 1 1 0
0.179279 0.440842 0.440842 1 1 0
0.178807 0.440457 0.440457 1 1 0
0.178337 0.440072 0.440072 1 1 0
0.177867 0.439687 0.439687 1 1 0
0.177398 0.439302 0.439302 1 1 0
0.17693 0.438918 0.438918 1 1 0
0.176463 0.438533 0.438533 1 1 0
0.175997 0.438148 0.438148 1 1 0
0.175532 0.437764 0.437764 1 1 0
0.175068 0.43738 0.43738 1 1 0
0.174605 0.436996 0.436996 1 1 0
0.174143 0.436611 0.436611 1 1 0
0.173681 0.436227 0.436227 1 1 0
0.173221 0.435843 0.435843 1 1 0
0.172761 0.43546 0.43546 1 1 0
0.172303 0.435076 0.435076 1 1 0
0.171845 0.434692 0.434692 1 1 0
0.171388 0.434309 0.434309 1 1 0
0.170933 0.433925 0.433925 1 1 0
0.170478 0.433542 0.433542 1 1 0
0.170023 0.433159 0.433159 1 1 0
0.16957 0.432776 0.432776 1 1 0
0.169118 0.432393 0.432393 1 1 0
0.168667 0.43201 0.43201 1 1 0
0.168216 0.431627 0.431627 1 1 0
0.167767 0.431245 0.431245 1 1 0
0.167318 0.430862 0.430862 1 1 0
0.16687 0.43048 0.43048 1 1 0
0.166423 0.430097 0.430097 1 1 0
0.165977 0.429715 0.429715 1 1 0
0.165532 0.429333 0.429333 1 1 0
0.165088 0.428951 0.428951 1 1 0
0.164645 0.428569 0.428569 1 1 0
0.164202 0.428187 0.428187 1 1 0
0.163761 0.427806 0.427806 1 1 0
0.16332 0.427424 0.427424 1 1 0
0.162881 0.427043 0.427043 1 1 0
0.162442 0.426662 0.426662 1 1 0
0.162004 0.426281 0.426281 1 1 0
0.161567 0.4259 0.4259 1 1 0
0.16113 0.425519 0.425519 1 1 0
0.160695 0.425138 0.425138 1 1 0
0.16026 0.424757 0.424757 1 1 0
0.159827 0.424377 0.424377 1 1 0
0.159394 0.423996 0.423996 1 1 0
0.158962 0.423616 0.423616 1 1 0
0.158531 0.423236 0.423236 1 1 0
0.158101 0.422856 0.422856 1 1 0
0.157672 0.422476 0.422476 1 1 0
0.157243 0.422097 0.422097 1 1 0
0.156816 0.421717 0.421717 1 1 0
0.156389 0.421338 0.421338 1 1 0
0.155963 0.420958 0.420958 1 1 0
0.155538 0.420579 0.420579 1 1 0
0.155114 0.4202 0.4202 1 1 0
0.154691 0.419821 0.419821 1 1 0
0.154268 0.419442 0.419442 1 1 0
0.153847 0.419064 0.419064 1 1 0
0.153426 0.418685 0.418685 1 1 0
0.153006 0.418307 0.418307 1 1 0
0.152587 0.417929 0.417929 1 1 0
0.152169 0.417551 0.417551 1 1 0
0.151751 0.417173 0.417173 1 1 0
0.151335 0.416795 0.416795 1 1 0
0.150919 0.416417 0.416417 1 1 0
0.150504 0.41604 0.41604 1 1 0
0.15009 0.415662 0.415662 1 1 0
0.149677 0.415285 0.415285 1 1 0
0.149265 0.414908 0.414908 1 1 0
0.148853 0.414531 0.414531 1 1 0
0.148443 0.414155 0.414155 1 1 0
0.148033 0.413778 0.413778 1 1 0
0.147624 0.413401 0.413401 1 1 0
0.147215 0.413025 0.413025 1 1 0
0.146808 0.412649 0.412649 1 1 0
0.146402 0.412273 0.412273 1 1 0
0.145996 0.411897 0.411897 1 1 0
0.145591 0.411522 0.411522 1 1 0
0.145187 0.411146 0.411146 1 1 0
0.144783 0.410771 0.410771 1 1 0
0.144381 0.410395 0.410395 1 1 0
0.143979 0.41002 0.41002 1 1 0
0.143578 0.409645 0.409645 1 1 0
0.143178 0.409271 0.409271 1 1 0
0.142779 0.408896 0.408896 1 1 0
0.142381 0.408522 0.408522 1 1 0
0.141983 0.408148 0.408148 1 1 0
0.141586 0.407773 0.407773 1 1 0
0.14119 0.4074 0.4074 1 1 0
0.140795 0.407026 0.407026 1 1 0
0.140401 0.406652 0.406652 1 1 0
0.140007 0.406279 0.406279 1 1 0
0.139614 0.405905 0.405905 1 1 0
0.139222 0.405532 0.405532 1 1 0
0.138831 0.405159 0.405159 1 1 0
0.138441 0.404787 0.404787 1 1 0
0.138051 0.404414 0.404414 1 1 0
0.137662 0.404042 0.404042 1 1 0
0.137274 0.403669 0.403669 1 1 0
0.136887 0.403297 0.403297 1 1 0
0.1365 0.402925 0.402925 1 1 0
0.136115 0.402554 0.402554 1 1 0
0.13573 0.402182 0.402182 1 1 0
0.135345 0.401811 0.401811 1 1 0
0.134962 0.40144 0.40144 1 1 0
0.134579 0.401069 0.401069 1 1 0
0.134198 0.400698 0.400698 1 1 0
0.133817 0.400327 0.400327 1 1 0
0.133436 0.399957 0.399957 1 1 0
0.133057 0.399586 0.399586 1 1 0
0.132678 0.399216 0.399216 1 1 0
0.1323 0.398846 0.398846 1 1 0
0.131923 0.398476 0.398476 1 1 0
0.131546 0.398107 0.398107 1 1 0
0.131171 0.397737 0.397737 1 1 0
0.130796 0.397368 0.397368 1 1 0
0.130422 0.396999 0.396999 1 1 0
0.130048 0.39663 0.39663 1 1 0
0.129676 0.396262 0.396262 1 1 0
0.129304 0.395893 0.395893 1 1 0
0.128933 0.395525 0.395525 1 1 0
0.128562 0.395157 0.395157 1 1 0
0.128193 0.394789 0.394789 1 1 0
0.127824 0.394421 0.394421 1 1 0
0.127456 0.394054 0.394054 1 1 0
0.127088 0.393686 0.393686 1 1 0
0.126722 0.393319 0.393319 1 1 0
0.126356 0.392952 0.392952 1 1 0
0.125991 0.392585 0.392585 1 1 0
0.125626 0.392219 0.392219 1 1 0
0.125262 0.391852 0.391852 1 1 0
0.124899 0.391486 0.391486 1 1 0
0.124537 0.39112 0.39112 1 1 0
0.124176 0.390754 0.390754 1 1 0
0.123815 0.390389 0.390389 1 1 0
0.123455 0.390023 0.390023 1 1 0
0.123096 0.389658 0.389658 1 1 0
0.122737 0.389293 0.389293 1 1 0
0.122379 0.388928 0.388928 1 1 0
0.122022 0.388563 0.388563 1 1 0
0.121666 0.388199 0.388199 1 1 0
0.12131 0.387835 0.387835 1 1 0
0.120955 0.387471 0.387471 1 1 0
0.120601 0.387107 0.387107 1 1 0
0.120248 0.386743 0.386743 1 1 0
0.119895 0.38638 0.38638 1 1 0
0.119543 0.386017 0.386017 1 1 0
0.119192 0.385654 0.385654 1 1 0
0.118841 0.385291 0.385291 1 1 0
0.118491 0.384928 0.384928 1 1 0
0.118142 0.384566 0.384566 1 1 0
0.117793 0.384204 0.384204 1 1 0
0.117446 0.383842 0.383842 1 1 0
0.117099 0.38348 0.38348 1 1 0
0.116752 0.383118 0.383118 1 1 0
0.116406 0.382757 0.382757 1 1 0
0.116062 0.382396 0.382396 1 1 0
0.115717 0.382035 0.382035 1 1 0
0.115374 0.381674 0.381674 1 1 0
0.115031 0.381313 0.381313 1 1 0
0.114689 0.380953 0.380953 1 1 0
0.114347 0.380593 0.380593 1 1 0
0.114006 0.380233 0.380233 1 1 0
0.113666 0.379873 0.379873 1 1 0
0.113327 0.379514 0.379514 1 1 0
0.112988 0.379155 0.379155 1 1 0
0.11265 0.378796 0.378796 1 1 0
0.112313 0.378437 0.378437 1 1 0
0.111976 0.378078 0.378078 1 1 0
0.11164 0.37772 0.37772 1 1 0
0.111305 0.377362 0.377362 1 1 0
0.11097 0.377004 0.377004 1 1 0
0.110636 0.376646 0.376646 1 1 0
0.110303 0.376288 0.376288 1 1 0
0.10997 0.375931 0.375931 1 1 0
0.109638 0.375574 0.375574 1 1 0
0.109307 0.375217 0.375217 1 1 0
0.108977 0.37486 0.37486 1 1 0
0.108647 0.374504 0.374504 1 1 0
0.108317 0.374148 0.374148 1 1 0
0.107989 0.373792 0.373792 1 1 0
0.107661 0.373436 0.373436 1 1 0
0.107458 0.373216 0.373216 2 1 0
0.107131 0.37286 0.37286 2 1 0
0.106805 0.372505 0.372505 2 1 0
0.10648 0.37215 0.37215 2 1 0
0.106155 0.371796 0.371796 2 1 0
0.105831 0.371441 0.371441 2 1 0
0.105507 0.371087 0.371087 2 1 0
0.105184 0.370733 0.370733 2 1 0
0.104862 0.370379 0.370379 2 1 0
0.104541 0.370025 0.370025 2 1 0
0.10422 0.369672 0.369672 2 1 0
0.103899 0.369319 0.369319 2 1 0
0.10358 0.368966 0.368966 2 1 0
0.103261 0.368613 0.368613 2 1 0
0.102942 0.368261 0.368261 2 1 0
0.102625 0.367908 0.367908 2 1 0
0.102308 0.367556 0.367556 2 1 0
0.101991 0.367205 0.367205 2 1 0
0.101675 0.366853 0.366853 2 1 0
0.10136 0.366502 0.366502 2 1 0
0.101046 0.366151 0.366151 2 1 0
0.100732 0.3658 0.3658 2 1 0
0.100419 0.365449 0.365449 2 1 0
0.100106 0.365099 0.365099 2 1 0
0.0997942 0.364749 0.364749 2 1 0
0.0994829 0.364399 0.364399 2 1 0
0.0991722 0.364049 0.364049 2 1 0
0.0988621 0.3637 0.3637 2 1 0
0.0985526 0.363351 0.363351 2 1 0
0.0982438 0.363002 0.363002 2 1 0
0.0979356 0.362653 0.362653 2 1 0
0.097628 0.362304 0.362304 2 1 0
0.0973211 0.361956 0.361956 2 1 0
0.0970147 0.361608 0.361608 2 1 0
0.096709 0.36126 0.36126 2 1 0
0.0964039 0.360913 0.360913 2 1 0
0.0960994 0.360565 0.360565 2 1 0
0.0957956 0.360218 0.360218 2 1 0
0.0954923 0.359872 0.359872 2 1 0
0.0951896 0.359525 0.359525 2 1 0
0.0948876 0.359179 0.359179 2 1 0
0.0945862 0.358833 0.358833 2 1 0
0.0942854 0.358487 0.358487 2 1 0
0.0939851 0.358141 0.358141 2 1 0
0.0936855 0.357796 0.357796 2 1 0
0.0933865 0.357451 0.357451 2 1 0
0.0930881 0.357106 0.357106 2 1 0
0.0927903 0.356761 0.356761 2 1 0
0.0924931 0.356417 0.356417 2 1 0
0.0921965 0.356073 0.356073 2 1 0
0.0919005 0.355729 0.355729 2 1 0
0.0916051 0.355385 0.355385 2 1 0
0.0913102 0.355042 0.355042 2 1 0
0.091016 0.354698 0.354698 2 1 0
0.0907224 0.354355 0.354355 2 1 0
0.0904293 0.354013 0.354013 2 1 0
0.0901369 0.35367 0.35367 2 1 0
0.089845 0.353328 0.353328 2 1 0
0.0895537 0.352986 0.352986 2 1 0
0.089263 0.352645 0.352645 2 1 0
0.0889729 0.352303 0.352303 2 1 0
0.0886834 0.351962 0.351962 2 1 0
0.0883944 0.351621 0.351621 2 1 0
0.088106 0.35128 0.35128 2 1 0
0.0878182 0.35094 0.35094 2 1 0
0.087531 0.3506 0.3506 2 1 0
0.0872444 0.35026 0.35026 2 1 0
0.0869583 0.34992 0.34992 2 1 0
0.0866728 0.349581 0.349581 2 1 0
0.0863879 0.349241 0.349241 2 1 0
0.0861036 0.348902 0.348902 2 1 0
0.0858198 0.348564 0.348564 2 1 0
0.0855366 0.348225 0.348225 2 1 0
0.0852539 0.347887 0.347887 2 1 0
0.0849719 0.347549 0.347549 2 1 0
0.0846904 0.347212 0.347212 2 1 0
0.0844094 0.346874 0.346874 2 1 0
0.084129 0.346537 0.346537 2 1 0
0.0838492 0.3462 0.3462 2 1 0
0.0835699 0.345863 0.345863 2 1 0
0.0832912 0.345527 0.345527 2 1 0
0.0830131 0.345191 0.345191 2 1 0
0.0827355 0.344855 0.344855 2 1 0
0.0824584 0.344519 0.344519 2 1 0
0.082182 0.344184 0.344184 2 1 0
0.081906 0.343849 0.343849 2 1 0
0.0816306 0.343514 0.343514 2 1 0
0.0813558 0.343179 0.343179 2 1 0
0.0810815 0.342845 0.342845 2 1 0
0.0808078 0.342511 0.342511 2 1 0
0.0805346 0.342177 0.342177 2 1 0
0.080262 0.341844 0.341844 2 1 0
0.0799899 0.34151 0.34151 2 1 0
0.0797183 0.341177 0.341177 2 1 0
0.0794473 0.340844 0.340844 2 1 0
0.0791768 0.340512 0.340512 2 1 0
0.0789069 0.34018 0.34018 2 1 0
0.0786375 0.339848 0.339848 2 1 0
0.0783686 0.339516 0.339516 2 1 0
0.0781003 0.339184 0.339184 2 1 0
0.0778325 0.338853 0.338853 2 1 0
0.0775652 0.338522 0.338522 2 1 0
0.0772985 0.338192 0.338192 2 1 0
0.0770323 0.337861 0.337861 2 1 0
0.0767666 0.337531 0.337531 2 1 0
0.0765015 0.337201 0.337201 2 1 0
0.0762368 0.336871 0.336871 2 1 0
0.0759728 0.336542 0.336542 2 1 0
0.0757092 0.336213 0.336213 2 1 0
0.0754461 0.335884 0.335884 2 1 0
0.0751836 0.335555 0.335555 2 1 0
0.0749216 0.335227 0.335227 2 1 0
0.0746601 0.334899 0.334899 2 1 0
0.0743992 0.334571 0.334571 2 1 0
0.0741387 0.334244 0.334244 2 1 0
0.0738788 0.333916 0.333916 2 1 0
0.0736194 0.333589 0.333589 2 1 0
0.0733605 0.333263 0.333263 2 1 0
0.0731021 0.332936 0.332936 2 1 0
0.0728442 0.33261 0.33261 2 1 0
0.0725869 0.332284 0.332284 2 1 0
0.07233 0.331958 0.331958 2 1 0
0.0720737 0.331633 0.331633 2 1 0
0.0718178 0.331308 0.331308 2 1 0
0.0715625 0.330983 0.330983 2 1 0
0.0713077 0.330658 0.330658 2 1 0
0.0710533 0.330334 0.330334 2 1 0
0.0707995 0.33001 0.33001 2 1 0
0.0705462 0.329686 0.329686 2 1 0
0.0702934 0.329362 0.329362 2 1 0
0.070041 0.329039 0.329039 2 1 0
0.0697892 0.328716 0.328716 2 1 0
0.0695379 0.328393 0.328393 2 1 0
0.0692871 0.328071 0.328071 2 1 0
0.0690367 0.327749 0.327749 2 1 0
0.0687869 0.327427 0.327427 2 1 0
0.0685375 0.327105 0.327105 2 1 0
0.0682887 0.326784 0.326784 2 1 0
0.0680403 0.326463 0.326463 2 1 0
0.0677924 0.326142 0.326142 2 1 0
0.067545 0.325821 0.325821 2 1 0
0.0672981 0.325501 0.325501 2 1 0
0.0670517 0.325181 0.325181 2 1 0
0.0668057 0.324861 0.324861 2 1 0
0.0665603 0.324542 0.324542 2 1 0
0.0663153 0.324222 0.324222 2 1 0
0.0660708 0.323903 0.323903 2 1 0
0.0658268 0.323585 0.323585 2 1 0
0.0655833 0.323266 0.323266 2 1 0
0.0653402 0.322948 0.322948 2 1 0
0.0650976 0.32263 0.32263 2 1 0
0.0648555 0.322313 0.322313 2 1 0
0.0646139 0.321996 0.321996 2 1 0
0.0643727 0.321678 0.321678 2 1 0
0.064132 0.321362 0.321362 2 1 0
0.0638918 0.321045 0.321045 2 1 0
0.0636521 0.320729 0.320729 2 1 0
0.0634128 0.320413 0.320413 2 1 0
0.063174 0.320097 0.320097 2 1 0
0.0629357 0.319782 0.319782 2 1 0
0.0626978 0.319467 0.319467 2 1 0
0.0624604 0.319152 0.319152 2 1 0
0.0622234 0.318837 0.318837 2 1 0
0.061987 0.318523 0.318523 2 1 0
0.0617509 0.318209 0.318209 2 1 0
0.0615154 0.317895 0.317895 2 1 0
0.0612803 0.317582 0.317582 2 1 0
0.0610456 0.317269 0.317269 2 1 0
0.0608115 0.316956 0.316956 2 1 0
0.0605777 0.316643 0.316643 2 1 0
0.0603445 0.316331 0.316331 2 1 0
0.0601116 0.316019 0.316019 2 1 0
0.0598793 0.315707 0.315707 2 1 0
0.0596474 0.315395 0.315395 2 1 0
0.0594159 0.315084 0.315084 2 1 0
0.0591849 0.314773 0.314773 2 1 0
0.0589543 0.314462 0.314462 2 1 0
0.0587242 0.314152 0.314152 2 1 0
0.0584945 0.313842 0.313842 2 1 0
0.0582653 0.313532 0.313532 2 1 0
0.0580365 0.313222 0.313222 2 1 0
0.0578082 0.312913 0.312913 2 1 0
0.0575803 0.312604 0.312604 2 1 0
0.0573529 0.312295 0.312295 2 1 0
0.0571259 0.311986 0.311986 2 1 0
0.0568993 0.311678 0.311678 2 1 0
0.0566732 0.31137 0.31137 2 1 0
0.0564475 0.311063 0.311063 2 1 0
0.0562222 0.310755 0.310755 2 1 0
0.0559974 0.310448 0.310448 2 1 0
0.055773 0.310141 0.310141 2 1 0
0.0555491 0.309835 0.309835 2 1 0
0.0553256 0.309528 0.309528 2 1 0
0.0551025 0.309222 0.309222 2 1 0
0.0548798 0.308917 0.308917 2 1 0
0.0546576 0.308611 0.308611 2 1 0
0.0544358 0.308306 0.308306 2 1 0
0.0542145 0.308001 0.308001 2 1 0
0.0539935 0.307697 0.307697 2 1 0
0.053773 0.307392 0.307392 2 1 0
0.0535529 0.307088 0.307088 2 1 0
0.0533333 0.306784 0.306784 2 1 0
0.053114 0.306481 0.306481 2 1 0
0.0528952 0.306178 0.306178 2 1 0
0.0526768 0.305875 0.305875 2 1 0
0.0524588 0.305572 0.305572 2 1 0
0.0522413 0.30527 0.30527 2 1 0
0.0520241 0.304968 0.304968 2 1 0
0.0518074 0.304666 0.304666 2 1 0
0.0515911 0.304364 0.304364 2 1 0
0.0513752 0.304063 0.304063 2 1 0
0.0511597 0.303762 0.303762 2 1 0
0.0509447 0.303461 0.303461 2 1 0
0.05073 0.303161 0.303161 2 1 0
0.0505158 0.302861 0.302861 2 1 0
0.0503019 0.302561 0.302561 2 1 0
0.0500885 0.302261 0.302261 2 1 0
0.0498755 0.301962 0.301962 2 1 0
0.0496629 0.301663 0.301663 2 1 0
0.0494507 0.301364 0.301364 2 1 0
0.0492389 0.301066 0.301066 2 1 0
0.0490275 0.300768 0.300768 2 1 0
0.0488166 0.30047 0.30047 2 1 0
0.048606 0.300172 0.300172 2 1 0
0.0483958 0.299875 0.299875 2 1 0
0.048186 0.299578 0.299578 2 1 0
0.0479766 0.299281 0.299281 2 1 0
0.0477677 0.298984 0.298984 2 1 0
0.0475591 0.298688 0.298688 2 1 0
0.0473509 0.298392 0.298392 2 1 0
0.0471431 0.298097 0.298097 2 1 0
0.0469357 0.297801 0.297801 2 1 0
0.0467288 0.297506 0.297506 2 1 0
0.0465222 0.297211 0.297211 2 1 0
0.0463159 0.296917 0.296917 2 1 0
0.0461101 0.296623 0.296623 2 1 0
0.0459047 0.296329 0.296329 2 1 0
0.0456997 0.296035 0.296035 2 1 0
0.045495 0.295742 0.295742 2 1 0
0.0452908 0.295448 0.295448 2 1 0
0.0450869 0.295156 0.295156 2 1 0
0.0448834 0.294863 0.294863 2 1 0
0.0446803 0.294571 0.294571 2 1 0
0.0444776 0.294279 0.294279 2 1 0
0.0442753 0.293987 0.293987 2 1 0
0.0440734 0.293696 0.293696 2 1 0
0.0438718 0.293404 0.293404 2 1 0
0.0436706 0.293114 0.293114 2 1 0
0.0434698 0.292823 0.292823 2 1 0
0.0432694 0.292533 0.292533 2 1 0
0.0430694 0.292243 0.292243 2 1 0
0.0428697 0.291953 0.291953 2 1 0
0.0426704 0.291663 0.291663 2 1 0
0.0424715 0.291374 0.291374 2 1 0
0.042273 0.291085 0.291085 2 1 0
0.0420748 0.290797 0.290797 2 1 0
0.041877 0.290508 0.290508 2 1 0
0.0416796 0.29022 0.29022 2 1 0
0.0414826 0.289933 0.289933 2 1 0
0.0412859 0.289645 0.289645 2 1 0
0.0410896 0.289358 0.289358 2 1 0
0.0408937 0.289071 0.289071 2 1 0
0.0406981 0.288784 0.288784 2 1 0
0.0405029 0.288498 0.288498 2 1 0
0.0403081 0.288212 0.288212 2 1 0
0.0401136 0.287926 0.287926 2 1 0
0.0399195 0.287641 0.287641 2 1 0
0.0397258 0.287355 0.287355 2 1 0
0.0395324 0.28707 0.28707 2 1 0
0.0393394 0.286786 0.286786 2 1 0
0.0391467 0.286501 0.286501 2 1 0
0.0389545 0.286217 0.286217 2 1 0
0.0387625 0.285933 0.285933 2 1 0
0.038571 0.28565 0.28565 2 1 0
0.0383798 0.285367 0.285367 2 1 0
0.0381889 0.285084 0.285084 2 1 0
0.0379984 0.284801 0.284801 2 1 0
0.0378083 0.284518 0.284518 2 1 0
0.0376185 0.284236 0.284236 2 1 0
0.0374291 0.283954 0.283954 2 1 0
0.03724 0.283673 0.283673 2 1 0
0.0370513 0.283392 0.283392 2 1 0
0.0368629 0.283111 0.283111 2 1 0
0.0366749 0.28283 0.28283 2 1 0
0.0364872 0.282549 0.282549 2 1 0
0.0362999 0.282269 0.282269 2 1 0
0.0361129 0.281989 0.281989 2 1 0
0.0359263 0.28171 0.28171 2 1 0
0.03574 0.28143 0.28143 2 1 0
0.0355541 0.281151 0.281151 2 1 0
0.0353685 0.280873 0.280873 2 1 0
0.0351833 0.280594 0.280594 2 1 0
0.0349984 0.280316 0.280316 2 1 0
0.0348138 0.280038 0.280038 2 1 0
0.0346296 0.27976 0.27976 2 1 0
0.0344457 0.279483 0.279483 2 1 0
0.0342622 0.279206 0.279206 2 1 0
0.034079 0.278929 0.278929 2 1 0
0.0338961 0.278653 0.278653 2 1 0
0.0337136 0.278376 0.278376 2 1 0
0.0335315 0.2781 0.2781 2 1 0
0.0333496 0.277825 0.277825 2 1 0
0.0331681 0.277549 0.277549 2 1 0
0.032987 0.277274 0.277274 2 1 0
0.0328061 0.276999 0.276999 2 1 0
0.0326256 0.276725 0.276725 2 1 0
0.0324455 0.276451 0.276451 2 1 0
0.0322656 0.276177 0.276177 2 1 0
0.0320861 0.275903 0.275903 2 1 0
0.0319069 0.275629 0.275629 2 1 0
0.0317281 0.275356 0.275356 2 1 0
0.0315496 0.275083 0.275083 2 1 0
0.0313714 0.274811 0.274811 2 1 0
0.0311936 0.274539 0.274539 2 1 0
0.031016 0.274267 0.274267 2 1 0
0.0308388 0.273995 0.273995 2 1 0
0.0306619 0.273723 0.273723 2 1 0
0.0304854 0.273452 0.273452 2 1 0
0.0303092 0.273181 0.273181 2 1 0
0.0301332 0.272911 0.272911 2 1 0
0.0299577 0.27264 0.27264 2 1 0
0.0297824 0.27237 0.27237 2 1 0
0.0296075 0.2721 0.2721 2 1 0
0.0294328 0.271831 0.271831 2 1 0
0.0292585 0.271562 0.271562 2 1 0
0.0290846 0.271293 0.271293 2 1 0
0.0289109 0.271024 0.271024 2 1 0
0.0287375 0.270756 0.270756 2 1 0
0.0285645 0.270488 0.270488 2 1 0
0.0283918 0.27022 0.27022 2 1 0
0.0282194 0.269952 0.269952 2 1 0
0.0280473 0.269685 0.269685 2 1 0
0.0278755 0.269418 0.269418 2 1 0
0.0277041 0.269151 0.269151 2 1 0
0.0275329 0.268885 0.268885 2 1 0
0.0273621 0.268619 0.268619 2 1 0
0.0271916 0.268353 0.268353 2 1 0
0.0270214 0.268087 0.268087 2 1 0
0.0268515 0.267822 0.267822 2 1 0
0.0266819 0.267557 0.267557 2 1 0
0.0265126 0.267292 0.267292 2 1 0
0.0263436 0.267027 0.267027 2 1 0
0.0261749 0.266763 0.266763 2 1 0
0.0260066 0.266499 0.266499 2 1 0
0.0258385 0.266236 0.266236 2 1 0
0.0256707 0.265972 0.265972 2 1 0
0.0255033 0.265709 0.265709 2 1 0
0.0253361 0.265446 0.265446 2 1 0
0.0251693 0.265184 0.265184 2 1 0
0.0250027 0.264922 0.264922 2 1 0
0.0248365 0.26466 0.26466 2 1 0
0.0246705 0.264398 0.264398 2 1 0
0.0245049 0.264136 0.264136 2 1 0
0.0243395 0.263875 0.263875 2 1 0
0.0241745 0.263614 0.263614 2 1 0
0.0240097 0.263354 0.263354 2 1 0
0.0238453 0.263093 0.263093 2 1 0
0.0236811 0.262833 0.262833 2 1 0
0.0235173 0.262574 0.262574 2 1 0
0.0233537 0.262314 0.262314 2 1 0
0.0231904 0.262055 0.262055 2 1 0
0.0230275 0.261796 0.261796 2 1 0
0.0228648 0.261537 0.261537 2 1 0
0.0227024 0.261279 0.261279 2 1 0
0.0225403 0.261021 0.261021 2 1 0
0.0223785 0.260763 0.260763 2 1 0
0.0222169 0.260505 0.260505 2 1 0
0.0220557 0.260248 0.260248 2 1 0
0.0218948 0.259991 0.259991 2 1 0
0.0217341 0.259734 0.259734 2 1 0
0.0215737 0.259478 0.259478 2 1 0
0.0214137 0.259222 0.259222 2 1 0
0.0212539 0.258966 0.258966 2 1 0
0.0210944 0.25871 0.25871 2 1 0
0.0209351 0.258455 0.258455 2 1 0
0.0207762 0.2582 0.2582 2 1 0
0.0206176 0.257945 0.257945 2 1 0
0.0204592 0.25769 0.25769 2 1 0
0.0203011 0.257436 0.257436 2 1 0
0.0201433 0.257182 0.257182 2 1 0
0.0199858 0.256928 0.256928 2 1 0
0.0198285 0.256675 0.256675 2 1 0
0.0196716 0.256422 0.256422 2 1 0
0.0195149 0.256169 0.256169 2 1 0
0.0193585 0.255916 0.255916 2 1 0
0.0192023 0.255664 0.255664 2 1 0
0.0190465 0.255412 0.255412 2 1 0
0.0188909 0.25516 0.25516 2 1 0
0.0187356 0.254909 0.254909 2 1 0
0.0185806 0.254657 0.254657 2 1 0
0.0184258 0.254406 0.254406 2 1 0
0.0182714 0.254156 0.254156 2 1 0
0.0181172 0.253905 0.253905 2 1 0
0.0179632 0.253655 0.253655 2 1 0
0.0178096 0.253405 0.253405 2 1 0
0.0176562 0.253156 0.253156 2 1 0
0.0175031 0.252906 0.252906 2 1 0
0.0173503 0.252657 0.252657 2 1 0
0.0171977 0.252408 0.252408 2 1 0
0.0170454 0.25216 0.25216 2 1 0
0.0168933 0.251912 0.251912 2 1 0
0.0167416 0.251664 0.251664 2 1 0
0.0165901 0.251416 0.251416 2 1 0
0.0164389 0.251168 0.251168 2 1 0
0.0162879 0.250921 0.250921 2 1 0
0.0161372 0.250674 0.250674 2 1 0
0.0159868 0.250428 0.250428 2 1 0
0.0158366 0.250181 0.250181 2 1 0
0.0156867 0.249935 0.249935 2 1 0
0.0155371 0.249689 0.249689 2 1 0
0.0153877 0.249444 0.249444 2 1 0
0.0152386 0.249199 0.249199 2 1 0
0.0150897 0.248954 0.248954 2 1 0
0.0149411 0.248709 0.248709 2 1 0
0.0147928 0.248464 0.248464 2 1 0
0.0146447 0.24822 0.24822 2 1 0
0.0144969 0.247976 0.247976 2 1 0
0.0143493 0.247733 0.247733 2 1 0
0.014202 0.247489 0.247489 2 1 0
0.014055 0.247246 0.247246 2 1 0
0.0139082 0.247003 0.247003 2 1 0
0.0137617 0.246761 0.246761 2 1 0
0.0136154 0.246518 0.246518 2 1 0
0.0134694 0.246276 0.246276 2 1 0
0.0133237 0.246035 0.246035 2 1 0
0.0131781 0.245793 0.245793 2 1 0
0.0130329 0.245552 0.245552 2 1 0
0.0128879 0.245311 0.245311 2 1 0
0.0127431 0.24507 0.24507 2 1 0
0.0125987 0.24483 0.24483 2 1 0
0.0124544 0.24459 0.24459 2 1 0
0.0123104 0.24435 0.24435 2 1 0
0.0121667 0.24411 0.24411 2 1 0
0.0120232 0.243871 0.243871 2 1 0
0.0118799 0.243632 0.243632 2 1 0
0.0117369 0.243393 0.243393 2 1 0
0.0115942 0.243154 0.243154 2 1 0
0.0114517 0.242916 0.242916 2 1 0
0.0113094 0.242678 0.242678 2 1 0
0.0111674 0.24244 0.24244 2 1 0
0.0110257 0.242203 0.242203 2 1 0
0.0108841 0.241965 0.241965 2 1 0
0.0107429 0.241728 0.241728 2 1 0
0.0106018 0.241492 0.241492 2 1 0
0.0104611 0.241255 0.241255 2 1 0
0.0103205 0.241019 0.241019 2 1 0
0.0101802 0.240783 0.240783 2 1 0
0.0100402 0.240548 0.240548 2 1 0
0.00990034 0.240312 0.240312 2 1 0
0.00976076 0.240077 0.240077 2 1 0
0.00962142 0.239842 0.239842 2 1 0
0.00948233 0.239608 0.239608 2 1 0
0.00934347 0.239373 0.239373 2 1 0
0.00920485 0.239139 0.239139 2 1 0
0.00906647 0.238905 0.238905 2 1 0
0.00892832 0.238672 0.238672 2 1 0
0.00879042 0.238439 0.238439 2 1 0
0.00865275 0.238206 0.238206 2 1 0
0.00851531 0.237973 0.237973 2 1 0
0.00837812 0.23774 0.23774 2 1 0
0.00824115 0.237508 0.237508 2 1 0
0.00810442 0.237276 0.237276 2 1 0
0.00796793 0.237045 0.237045 2 1 0
0.00783166 0.236813 0.236813 2 1 0
0.00769563 0.236582 0.236582 2 1 0
0.00755984 0.236351 0.236351 2 1 0
0.00742427 0.23612 0.23612 2 1 0
0.00728894 0.23589 0.23589 2 1 0
0.00715383 0.23566 0.23566 2 1 0
0.00701896 0.23543 0.23543 2 1 0
0.00688432 0.2352 0.2352 2 1 0
0.0067499 0.234971 0.234971 2 1 0
0.00661572 0.234742 0.234742 2 1 0
0.00648176 0.234513 0.234513 2 1 0
0.00634803 0.234285 0.234285 2 1 0
0.00621453 0.234056 0.234056 2 1 0
0.00608125 0.233828 0.233828 2 1 0
0.0059482 0.233601 0.233601 2 1 0
0.00581538 0.233373 0.233373 2 1 0
0.00568278 0.233146 0.233146 2 1 0
0.0055504 0.232919 0.232919 2 1 0
0.00541825 0.232692 0.232692 2 1 0
0.00528633 0.232466 0.232466 2 1 0
0.00515462 0.232239 0.232239 2 1 0
0.00502314 0.232013 0.232013 2 1 0
0.00489188 0.231788 0.231788 2 1 0
0.00476084 0.231562 0.231562 2 1 0
0.00463003 0.231337 0.231337 2 1 0
0.00449943 0.231112 0.231112 2 1 0
0.00436906 0.230887 0.230887 2 1 0
0.0042389 0.230663 0.230663 2 1 0
0.0042389 0.230663 0.230663 2 1 0
0.00410897 0.230439 0.230439 2 1 0
0.00397925 0.230215 0.230215 2 1 0
0.00384975 0.229991 0.229991 2 1 0
0.00372047 0.229768 0.229768 2 1 0
0.0035914 0.229545 0.229545 2 1 0
0.00346255 0.229322 0.229322 2 1 0
0.00333392 0.229099 0.229099 2 1 0
0.00320551 0.228877 0.228877 2 1 0
0.00307731 0.228655 0.228655 2 1 0
0.00294932 0.228433 0.228433 2 1 0
0.00282155 0.228211 0.228211 2 1 0
0.00269399 0.22799 0.22799 2 1 0
0.00256665 0.227769 0.227769 2 1 0
0.00243952 0.227548 0.227548 2 1 0
0.0023126 0.227328 0.227328 2 1 0
0.00218589 0.227107 0.227107 2 1 0
0.0020594 0.226887 0.226887 2 1 0
0.00193311 0.226667 0.226667 2 1 0
0.00180704 0.226448 0.226448 2 1 0
0.00168118 0.226229 0.226229 2 1 0
0.00155553 0.22601 0.22601 2 1 0
0.00143008 0.225791 0.225791 2 1 0
0.00130485 0.225572 0.225572 2 1 0
0.00117982 0.225354 0.225354 2 1 0
0.001055 0.225136 0.225136 2 1 0
0.000930387 0.224918 0.224918 2 1 0
0.000805982 0.224701 0.224701 2 1 0
0.000681783 0.224483 0.224483 2 1 0
0.000557791 0.224266 0.224266 2 1 0
0.000434004 0.224049 0.224049 2 1 0
0.000310422 0.223833 0.223833 2 1 0
0.000187044 0.223617 0.223617 2 1 0
6.38708e-05 0.223401 0.223401 2 1 0
-5.90988e-05 0.223185 0.223185 2 1 0
0.107458 0.373216 0.373216 4 3 0
0.107458 0.377377 0.369065 3 3 0
0.107458 0.377965 0.368479 3 3 0
0.107452 0.386303 0.360218 3 3 0
0.107442 0.39468 0.352004 3 3 0
0.107425 0.403063 0.343864 3 3 0
0.1074 0.411422 0.335841 3 3 0
0.107365 0.419748 0.327917 3 3 0
0.107319 0.427991 0.320084 3 3 0
0.107259 0.436123 0.312444 3 3 0
0.107182 0.444083 0.304981 3 3 0
0.107088 0.451811 0.297772 3 3 0
0.106974 0.459272 0.290979 3 3 0
0.10684 0.466383 0.284366 3 3 0
0.106686 0.473137 0.278094 3 3 0
0.106514 0.479608 0.27231 3 3 0
0.106323 0.485568 0.266807 3 3 0
0.106117 0.491115 0.261641 3 3 0
0.105896 0.496322 0.256748 3 3 0
0.105663 0.501141 0.252298 3 3 0
0.10542 0.505606 0.248153 3 3 0
0.105167 0.509717 0.244246 3 3 0
0.104906 0.513566 0.240625 3 3 0
0.104639 0.517139 0.237236 3 3 0
0.104365 0.520373 0.234171 3 3 0
0.104087 0.523439 0.23119 3 3 0
0.103804 0.526297 0.22838 3 3 0
0.103518 0.529033 0.225572 3 3 0
0.103228 0.531566 0.223054 3 3 0
0.102936 0.533937 0.220667 3 3 0
0.102641 0.536123 0.218535 3 3 0
0.102344 0.538211 0.216379 3 3 0
0.102045 0.540174 0.214324 3 3 0
0.101745 0.541993 0.212326 3 3 0
0.101443 0.543733 0.21045 3 3 0
0.101141 0.545371 0.208652 3 3 0
0.100837 0.546924 0.206916 3 3 0
0.100533 0.548382 0.205262 3 3 0
0.100227 0.549759 0.203673 3 3 0
0.0999215 0.551038 0.202152 3 3 0
0.0996152 0.552268 0.200692 3 3 0
0.0993085 0.553431 0.199285 3 3 0
0.0990015 0.554524 0.197919 3 3 0
0.0986942 0.555566 0.19661 3 3 0
0.0983868 0.556551 0.195348 3 3 0
0.0980793 0.557488 0.194153 3 3 0
0.0977717 0.558371 0.192969 3 3 0
0.0974641 0.559206 0.191802 3 3 0
0.0971566 0.56004 0.190597 3 3 0
0.0968491 0.560788 0.189505 3 3 0
0.0965418 0.561496 0.188446 3 3 0
0.0962346 0.562109 0.187488 3 3 0
0.0959276 0.562743 0.186508 3 3 0
0.0956209 0.563343 0.185556 3 3 0
0.0953143 0.563729 0.184539 3 3 0
0.095008 0.564264 0.183634 3 3 0
0.094702 0.564769 0.182754 3 3 0
0.0943964 0.565186 0.18183 3 3 0
0.094091 0.565634 0.180989 3 3 0
0.093786 0.566057 0.18017 3 3 0
0.0934813 0.56642 0.179354 3 3 0
0.0931771 0.566793 0.178567 3 3 0
0.0928732 0.567143 0.1778 3 3 0
0.0925697 0.567438 0.17709 3 3 0
0.0922666 0.567744 0.176351 3 3 0
0.0919639 0.56803 0.175629 3 3 0
0.0916617 0.568304 0.174943 3 3 0
0.0913599 0.568557 0.174251 3 3 0
0.0910586 0.568793 0.173576 3 3 0
0.0907577 0.569067 0.172925 3 3 0
0.0904573 0.56927 0.172278 3 3 0
0.0901574 0.569457 0.171645 3 3 0
0.0898579 0.569667 0.171026 3 3 0
0.089559 0.569825 0.170421 3 3 0
0.0892605 0.569969 0.16983 3 3 0
0.0889625 0.570103 0.169253 3 3 0
0.088665 0.570221 0.168688 3 3 0
0.0883681 0.570326 0.168135 3 3 0
0.0880716 0.570438 0.167584 3 3 0
0.0877757 0.570519 0.167051 3 3 0
0.0874802 0.570589 0.166528 3 3 0
0.0871853 0.570669 0.166006 3 3 0
0.086891 0.570718 0.1655 3 3 0
0.0865971 0.570756 0.165004 3 3 0
0.0863038 0.570774 0.164518 3 3 0
0.086011 0.570793 0.164035 3 3 0
0.0857187 0.570802 0.163561 3 3 0
0.085427 0.570845 0.163105 3 3 0
0.0851358 0.570836 0.162645 3 3 0
0.0848451 0.570819 0.162193 3 3 0
0.084555 0.570812 0.16176 3 3 0
0.0842655 0.570779 0.161321 3 3 0
0.0839764 0.570738 0.160891 3 3 0
0.0836879 0.570694 0.160479 3 3 0
0.0834 0.570638 0.160061 3 3 0
0.0831126 0.570576 0.15965 3 3 0
0.0828258 0.570505 0.15926 3 3 0
0.0825395 0.570429 0.15886 3 3 0
0.0822537 0.570346 0.158467 3 3 0
0.0819685 0.570251 0.158099 3 3 0
0.0816839 0.570157 0.157716 3 3 0
0.0813998 0.570057 0.157339 3 3 0
0.0811162 0.569937 0.156997 3 3 0
0.0808332 0.569826 0.156628 3 3 0
0.0805507 0.56971 0.156265 3 3 0
0.0802688 0.569551 0.155976 3 3 0
0.0799875 0.569425 0.155617 3 3 0
0.0797067 0.569295 0.155263 3 3 0
0.0794264 0.56914 0.155032 3 3 0
0.0791467 0.569 0.154681 3 3 0
0.0788676 0.568855 0.154335 3 3 0
0.078589 0.568742 0.154036 3 3 0
0.0783109 0.568588 0.153699 3 3 0
0.0780334 0.56843 0.153367 3 3 0
0.0777564 0.568306 0.152994 3 3 0
0.07748 0.568138 0.152678 3 3 0
0.0772041 0.567967 0.152368 3 3 0
0.0769288 0.567787 0.152047 3 3 0
0.076654 0.567608 0.151751 3 3 0
0.0763798 0.567426 0.151461 3 3 0
0.0761061 0.567213 0.15118 3 3 0
0.075833 0.567025 0.150901 3 3 0
0.0755604 0.566833 0.150627 3 3 0
0.0752883 0.566634 0.150388 3 3 0
0.0750168 0.566436 0.150127 3 3 0
0.0747458 0.566236 0.14987 3 3 0
0.0744754 0.566039 0.149559 3 3 0
0.0742055 0.565832 0.149306 3 3 0
0.0739362 0.565622 0.149056 3 3 0
0.0736674 0.565389 0.148853 3 3 0
0.0733991 0.565175 0.148615 3 3 0
0.0731314 0.564958 0.148381 3 3 0
0.0728642 0.564753 0.148068 3 3 0
0.0725975 0.56453 0.147836 3 3 0
0.0723314 0.564304 0.147608 3 3 0
0.0720658 0.564052 0.147413 3 3 0
0.0718007 0.563823 0.147156 3 3 0
0.0715362 0.563592 0.146904 3 3 0
0.0712722 0.563379 0.146661 3 3 0
0.0710087 0.563142 0.146447 3 3 0
0.0707458 0.562902 0.146236 3 3 0
0.0704834 0.562654 0.146015 3 3 0
0.0702215 0.562411 0.145775 3 3 0
0.0699602 0.562167 0.145539 3 3 0
0.0696993 0.561921 0.145307 3 3 0
0.069439 0.561671 0.145105 3 3 0
0.0691792 0.561419 0.144908 3 3 0
0.06892 0.561165 0.144719 3 3 0
0.0686613 0.560909 0.144528 3 3 0
0.068403 0.560652 0.144339 3 3 0
0.0681454 0.560384 0.144055 3 3 0
0.0678882 0.560122 0.143868 3 3 0
0.0676315 0.559859 0.143683 3 3 0
0.0673754 0.5596 0.143449 3 3 0
0.0671198 0.559334 0.143267 3 3 0
0.0668647 0.559066 0.143087 3 3 0
0.0666101 0.558797 0.142866 3 3 0
0.066356 0.558526 0.142689 3 3 0
0.0661024 0.558254 0.142515 3 3 0
0.0658494 0.55799 0.142304 3 3 0
0.0655968 0.557715 0.142133 3 3 0
0.0653448 0.557439 0.141964 3 3 0
0.0650933 0.557171 0.141777 3 3 0
0.0648422 0.556893 0.141612 3 3 0
0.0645917 0.556613 0.141451 3 3 0
0.0643417 0.556355 0.141222 3 3 0
0.0640922 0.556074 0.141033 3 3 0
0.0638432 0.555792 0.140848 3 3 0
0.0635947 0.555488 0.14071 3 3 0
0.0633467 0.555203 0.140526 3 3 0
0.0630992 0.554916 0.140345 3 3 0
0.0628522 0.554668 0.140255 3 3 0
0.0626057 0.554381 0.140072 3 3 0
0.0623597 0.554094 0.139892 3 3 0
0.0621142 0.553796 0.139735 3 3 0
0.0618691 0.553506 0.139559 3 3 0
0.0616246 0.553214 0.139385 3 3 0
0.0613806 0.552935 0.139267 3 3 0
0.061137 0.552642 0.139126 3 3 0
0.060894 0.552348 0.138955 3 3 0
0.0606514 0.552073 0.138772 3 3 0
0.0604094 0.551778 0.138633 3 3 0
0.0601678 0.551482 0.138496 3 3 0
0.0599267 0.551184 0.138337 3 3 0
0.0596861 0.550886 0.138203 3 3 0
0.0594459 0.550588 0.138059 3 3 0
0.0592063 0.550237 0.13788 3 3 0
0.0589671 0.549935 0.137721 3 3 0
0.0587284 0.549632 0.137565 3 3 0
0.0584902 0.54929 0.137411 3 3 0
0.0582525 0.548984 0.137259 3 3 0
0.0580152 0.548678 0.13711 3 3 0
0.0577785 0.548403 0.136958 3 3 0
0.0575422 0.548096 0.136814 3 3 0
0.0573063 0.547788 0.136672 3 3 0
0.057071 0.547526 0.136524 3 3 0
0.0568361 0.547218 0.136389 3 3 0
0.0566017 0.546909 0.136255 3 3 0
0.0563678 0.546554 0.136149 3 3 0
0.0561343 0.546243 0.136012 3 3 0
0.0559013 0.545931 0.135876 3 3 0
0.0556688 0.54565 0.135747 3 3 0
0.0554367 0.545338 0.135615 3 3 0
0.0552051 0.545025 0.135484 3 3 0
0.054974 0.544715 0.135357 3 3 0
0.0547433 0.544401 0.13523 3 3 0
0.0545131 0.544086 0.135106 3 3 0
0.0542834 0.54376 0.134983 3 3 0
0.0540541 0.543443 0.134861 3 3 0
0.0538252 0.543126 0.13474 3 3 0
0.0535969 0.542781 0.134622 3 3 0
0.053369 0.542462 0.134501 3 3 0
0.0531415 0.542143 0.134383 3 3 0
0.0529145 0.541836 0.134266 3 3 0
0.0526879 0.541516 0.13415 3 3 0
0.0524618 0.541195 0.134036 3 3 0
0.0522362 0.540864 0.13392 3 3 0
0.052011 0.540542 0.133807 3 3 0
0.0517863 0.540219 0.133695 3 3 0
0.051562 0.539928 0.133582 3 3 0
0.0513381 0.539605 0.133472 3 3 0
0.0511147 0.539285 0.133364 3 3 0
0.0508917 0.538976 0.133252 3 3 0
0.0506692 0.538677 0.133144 3 3 0
0.0504472 0.538379 0.133039 3 3 0
0.0502255 0.538058 0.13293 3 3 0
0.0500044 0.53776 0.132826 3 3 0
0.0497836 0.537461 0.132723 3 3 0
0.0495633 0.537161 0.132622 3 3 0
0.0493434 0.536862 0.132522 3 3 0
0.049124 0.536562 0.132424 3 3 0
0.048905 0.536188 0.13241 3 3 0
0.0486865 0.535875 0.132321 3 3 0
0.0484684 0.535576 0.132224 3 3 0
0.0482507 0.535359 0.132016 3 3 0
0.0480334 0.535058 0.131922 3 3 0
0.0478166 0.534756 0.131829 3 3 0
0.0476002 0.534435 0.13176 3 3 0
0.0473842 0.534133 0.131671 3 3 0
0.0471687 0.533831 0.131584 3 3 0
0.0469536 0.533557 0.131438 3 3 0
0.0467389 0.533253 0.131349 3 3 0
0.0465247 0.532949 0.131261 3 3 0
0.0463108 0.532623 0.131156 3 3 0
0.0460974 0.532319 0.131069 3 3 0
0.0458844 0.532014 0.130984 3 3 0
0.0456719 0.531696 0.130874 3 3 0
0.0454597 0.531391 0.130789 3 3 0
0.045248 0.531086 0.130704 3 3 0
0.0450367 0.530757 0.130599 3 3 0
0.0448258 0.530451 0.130514 3 3 0
0.0446154 0.530146 0.130431 3 3 0
0.0444053 0.529802 0.130326 3 3 0
0.0441957 0.529497 0.130243 3 3 0
0.0439865 0.529192 0.130161 3 3 0
0.0437777 0.528831 0.13006 3 3 0
0.0435693 0.528526 0.129977 3 3 0
0.0433613 0.528221 0.129895 3 3 0
0.0431537 0.527917 0.129808 3 3 0
0.0429466 0.527611 0.129727 3 3 0
0.0427398 0.527305 0.129648 3 3 0
0.0425335 0.527008 0.129561 3 3 0
0.0423275 0.526701 0.129483 3 3 0
0.042122 0.526394 0.129406 3 3 0
0.0419168 0.526094 0.129334 3 3 0
0.0417121 0.525787 0.12926 3 3 0
0.0415078 0.525479 0.129186 3 3 0
0.0413039 0.525203 0.129077 3 3 0
0.0411004 0.524894 0.129002 3 3 0
0.0408972 0.524585 0.128929 3 3 0
0.0406945 0.524236 0.128895 3 3 0
0.0404922 0.523928 0.128827 3 3 0
0.0402903 0.523619 0.12876 3 3 0
0.0400887 0.523363 0.128603 3 3 0
0.0398876 0.523052 0.12853 3 3 0
0.0396869 0.522741 0.128458 3 3 0
0.0394865 0.522363 0.128417 3 3 0
0.0392866 0.522054 0.12835 3 3 0
0.039087 0.521745 0.128284 3 3 0
0.0388878 0.521473 0.128169 3 3 0
0.038689 0.521162 0.128101 3 3 0
0.0384906 0.520851 0.128034 3 3 0
0.0382926 0.520509 0.127966 3 3 0
0.038095 0.520199 0.127901 3 3 0
0.0378978 0.519888 0.127836 3 3 0
0.037701 0.519595 0.12773 3 3 0
0.0375045 0.519283 0.127664 3 3 0
0.0373084 0.518971 0.127599 3 3 0
0.0371127 0.51861 0.127551 3 3 0
0.0369174 0.5183 0.12749 3 3 0
0.0367225 0.517989 0.127429 3 3 0
0.0365279 0.517712 0.127312 3 3 0
0.0363338 0.5174 0.127248 3 3 0
0.03614 0.517088 0.127185 3 3 0
0.0359465 0.516698 0.127145 3 3 0
0.0357535 0.516388 0.127085 3 3 0
0.0355608 0.516079 0.127027 3 3 0
0.0353685 0.515824 0.126912 3 3 0
0.0351766 0.515512 0.12685 3 3 0
0.0349851 0.515199 0.126788 3 3 0
0.0347939 0.514791 0.126732 3 3 0
0.0346031 0.514483 0.126673 3 3 0
0.0344127 0.514174 0.126615 3 3 0
0.0342226 0.513925 0.126526 3 3 0
0.0340329 0.513614 0.126466 3 3 0
0.0338436 0.513302 0.126406 3 3 0
0.0336547 0.512911 0.126342 3 3 0
0.0334661 0.512603 0.126283 3 3 0
0.0332779 0.512294 0.126225 3 3 0
0.03309 0.512016 0.126155 3 3 0
0.0329025 0.511706 0.126096 3 3 0
0.0327154 0.511396 0.126038 3 3 0
0.0325286 0.511039 0.125976 3 3 0
0.0323422 0.51073 0.125918 3 3 0
0.0321561 0.510421 0.125861 3 3 0
0.0319704 0.51011 0.1258 3 3 0
0.0317851 0.509801 0.125742 3 3 0
0.0316001 0.509492 0.125685 3 3 0
0.0314155 0.509104 0.125631 3 3 0
0.0312313 0.508797 0.125572 3 3 0
0.0310473 0.50849 0.125515 3 3 0
0.0308638 0.508194 0.125458 3 3 0
0.0306806 0.507886 0.125402 3 3 0
0.0304978 0.507578 0.125347 3 3 0
0.0303153 0.507324 0.1253 3 3 0
0.0301331 0.507013 0.125248 3 3 0
0.0299513 0.506702 0.125197 3 3 0
0.0297699 0.506386 0.125131 3 3 0
0.0295888 0.506076 0.12508 3 3 0
0.029408 0.505765 0.125029 3 3 0
0.0292276 0.50544 0.124972 3 3 0
0.0290476 0.50513 0.124922 3 3 0
0.0288679 0.504819 0.124872 3 3 0
0.0286885 0.504517 0.12482 3 3 0
0.0285095 0.504206 0.124771 3 3 0
0.0283308 0.503894 0.124723 3 3 0
0.0281525 0.503578 0.124665 3 3 0
0.0279745 0.503267 0.124618 3 3 0
0.0277968 0.502956 0.124571 3 3 0
0.0276195 0.502646 0.124523 3 3 0
0.0274425 0.502334 0.124477 3 3 0
0.0272659 0.502023 0.124432 3 3 0
0.0270896 0.50171 0.124378 3 3 0
0.0269136 0.501398 0.124334 3 3 0
0.026738 0.501086 0.12429 3 3 0
0.0265627 0.500773 0.124239 3 3 0
0.0263878 0.500461 0.124196 3 3 0
0.0262131 0.500149 0.124154 3 3 0
0.0260388 0.499836 0.124103 3 3 0
0.0258649 0.499524 0.124061 3 3 0
0.0256913 0.499212 0.12402 3 3 0
0.025518 0.498899 0.123966 3 3 0
0.025345 0.498587 0.123925 3 3 0
0.0251724 0.498275 0.123886 3 3 0
0.025 0.497963 0.123832 3 3 0
0.0248281 0.497651 0.123792 3 3 0
0.0246564 0.497339 0.123754 3 3 0
0.0244851 0.497027 0.123699 3 3 0
0.0243141 0.496716 0.12366 3 3 0
0.0241434 0.496404 0.123622 3 3 0
0.023973 0.496089 0.123559 3 3 0
0.023803 0.495779 0.12352 3 3 0
0.0236333 0.495468 0.123483 3 3 0
0.0234639 0.495145 0.123415 3 3 0
0.0232948 0.494836 0.123376 3 3 0
0.023126 0.494527 0.123339 3 3 0
0.0229576 0.494223 0.123316 3 3 0
0.0227895 0.493912 0.123281 3 3 0
0.0226217 0.493601 0.123246 3 3 0
0.0224542 0.49329 0.123227 3 3 0
0.022287 0.492979 0.123194 3 3 0
0.0221202 0.492667 0.123146 3 3 0
0.0219536 0.492356 0.123073 3 3 0
0.0217874 0.492045 0.123025 3 3 0
0.0216215 0.491733 0.122978 3 3 0
0.0214559 0.491425 0.1229 3 3 0
0.0212906 0.491114 0.122858 3 3 0
0.0211256 0.490803 0.122816 3 3 0
0.020961 0.490492 0.122773 3 3 0
0.0207966 0.490181 0.122735 3 3 0
0.0206325 0.489869 0.122697 3 3 0
0.0204688 0.489562 0.12267 3 3 0
0.0203054 0.489251 0.122635 3 3 0
0.0201422 0.48894 0.122601 3 3 0
0.0199794 0.488626 0.122555 3 3 0
0.0198169 0.488314 0.12252 3 3 0
0.0196547 0.488002 0.122487 3 3 0
0.0194928 0.487646 0.122455 3 3 0
0.0193312 0.487331 0.122414 3 3 0
0.0191699 0.487016 0.122373 3 3 0
0.0190089 0.486721 0.122349 3 3 0
0.0188482 0.486407 0.122317 3 3 0
0.0186878 0.486092 0.122286 3 3 0
0.0185277 0.485729 0.122234 3 3 0
0.0183679 0.485412 0.122194 3 3 0
0.0182083 0.485095 0.122155 3 3 0
0.0180491 0.484832 0.122132 3 3 0
0.0178902 0.484516 0.122101 3 3 0
0.0177316 0.4842 0.122071 3 3 0
0.0175733 0.483838 0.122002 3 3 0
0.0174153 0.48352 0.121967 3 3 0
0.0172575 0.483202 0.121932 3 3 0
0.0171001 0.482898 0.121899 3 3 0
0.0169429 0.482579 0.121866 3 3 0
0.0167861 0.482261 0.121833 3 3 0
0.0166295 0.481936 0.121798 3 3 0
0.0164732 0.481617 0.121766 3 3 0
0.0163173 0.481298 0.121734 3 3 0
0.0161616 0.480973 0.121701 3 3 0
0.0160061 0.480653 0.121668 3 3 0
0.015851 0.480333 0.121635 3 3 0
0.0156962 0.480043 0.121604 3 3 0
0.0155416 0.479723 0.121572 3 3 0
0.0153874 0.479403 0.12154 3 3 0
0.0152334 0.479097 0.12151 3 3 0
0.0150797 0.478777 0.121478 3 3 0
0.0149263 0.478457 0.121447 3 3 0
0.0147732 0.478182 0.12142 3 3 0
0.0146203 0.477862 0.121388 3 3 0
0.0144678 0.477542 0.121357 3 3 0
0.0143155 0.477268 0.121329 3 3 0
0.0141635 0.476949 0.121297 3 3 0
0.0140118 0.476629 0.121267 3 3 0
0.0138603 0.476319 0.121239 3 3 0
0.0137092 0.475999 0.121209 3 3 0
0.0135583 0.475679 0.121179 3 3 0
0.0134077 0.475312 0.121149 3 3 0
0.0132573 0.47499 0.12112 3 3 0
0.0131073 0.474668 0.121092 3 3 0
0.0129575 0.474262 0.121063 3 3 0
0.012808 0.473938 0.121035 3 3 0
0.0126588 0.473614 0.121007 3 3 0
0.0125098 0.47322 0.120979 3 3 0
0.0123611 0.472894 0.120951 3 3 0
0.0122127 0.472568 0.120924 3 3 0
0.0120646 0.472202 0.120897 3 3 0
0.0119167 0.471875 0.12087 3 3 0
0.0117691 0.471548 0.120843 3 3 0
0.0116218 0.471202 0.120816 3 3 0
0.0114747 0.470873 0.120789 3 3 0
0.0113279 0.470548 0.120763 3 3 0
0.0111814 0.470258 0.120737 3 3 0
0.0110351 0.469966 0.120711 3 3 0
0.0108891 0.469674 0.120685 3 3 0
0.0107434 0.469378 0.120659 3 3 0
0.0105979 0.469086 0.120634 3 3 0
0.0104527 0.468793 0.120609 3 3 0
0.0103078 0.468492 0.120584 3 3 0
0.0101631 0.468199 0.120559 3 3 0
0.0100187 0.467906 0.120534 3 3 0
0.00987459 0.467603 0.120509 3 3 0
0.00973071 0.467309 0.120485 3 3 0
0.00958708 0.467015 0.120461 3 3 0
0.00944372 0.466711 0.120436 3 3 0
0.00930062 0.466416 0.120412 3 3 0
0.00915777 0.466122 0.120389 3 3 0
0.00901519 0.465816 0.120365 3 3 0
0.00887286 0.465521 0.120342 3 3 0
0.00873079 0.465226 0.120319 3 3 0
0.00858898 0.464918 0.120295 3 3 0
0.00844742 0.464623 0.120272 3 3 0
0.00830612 0.464328 0.12025 3 3 0
0.00816507 0.464019 0.120227 3 3 0
0.00802428 0.463723 0.120205 3 3 0
0.00788374 0.463427 0.120183 3 3 0
0.00774346 0.463117 0.12016 3 3 0
0.00760343 0.462821 0.120138 3 3 0
0.00746365 0.462524 0.120117 3 3 0
0.00732412 0.462213 0.120095 3 3 0
0.00718484 0.461916 0.120073 3 3 0
0.00704581 0.461619 0.120052 3 3 0
0.00690704 0.461306 0.120031 3 3 0
0.00676851 0.461009 0.12001 3 3 0
0.00663023 0.460711 0.119989 3 3 0
0.0064922 0.460397 0.119968 3 3 0
0.00635442 0.460099 0.119948 3 3 0
0.00621688 0.459801 0.119928 3 3 0
0.00607959 0.459484 0.119907 3 3 0
0.00594255 0.459186 0.119887 3 3 0
0.00580575 0.458887 0.119867 3 3 0
0.00566919 0.458565 0.119847 3 3 0
0.00553288 0.458266 0.119828 3 3 0
0.00539682 0.457966 0.119808 3 3 0
0.00526099 0.457628 0.119789 3 3 0
0.00512541 0.457329 0.11977 3 3 0
0.00499007 0.457029 0.119751 3 3 0
0.00485498 0.456738 0.119732 3 3 0
0.00472012 0.456438 0.119713 3 3 0
0.0045855 0.456137 0.119695 3 3 0
0.00445113 0.455852 0.119676 3 3 0
0.00431699 0.45555 0.119659 3 3 0
0.00418309 0.455248 0.119641 3 3 0
0.00404943 0.45496 0.119623 3 3 0
0.00391601 0.454657 0.119606 3 3 0
0.00378282 0.454353 0.119589 3 3 0
0.00364988 0.454055 0.11957 3 3 0
0.00351716 0.453751 0.119554 3 3 0
0.00338469 0.453446 0.119537 3 3 0
0.00325244 0.453145 0.119519 3 3 0
0.00312044 0.45284 0.119503 3 3 0
0.00298866 0.452534 0.119487 3 3 0
0.00285712 0.452246 0.119472 3 3 0
0.00272581 0.451939 0.119457 3 3 0
0.00259474 0.451632 0.119442 3 3 0
0.0024639 0.45134 0.119427 3 3 0
0.00233328 0.451032 0.119413 3 3 0
0.0022029 0.450722 0.119399 3 3 0
0.00207275 0.450425 0.119384 3 3 0
0.00194283 0.450115 0.119371 3 3 0
0.00181314 0.449804 0.119357 3 3 0
0.00168368 0.449503 0.119347 3 3 0
0.00155444 0.449191 0.119334 3 3 0
0.00142544 0.448878 0.119322 3 3 0
0.00129666 0.448576 0.119348 3 3 0
0.0011681 0.44826 0.119337 3 3 0
0.00103978 0.447944 0.119326 3 3 0
0.000911677 0.447603 0.119255 3 3 0
0.000783801 0.447283 0.119237 3 3 0
0.00065615 0.446962 0.119221 3 3 0
0.000528723 0.44659 0.119257 3 3 0
0.00040152 0.446266 0.119246 3 3 0
0.00027454 0.445941 0.119236 3 3 0
0.000147784 0.44567 0.119225 3 3 0
2.12495e-05 0.445346 0.119215 3 3 0
-0.000105063 0.445023 0.119205 3 3 0
