0 0.625531 0.625531 2 1 0
0.00302444 0.633084 0.633084 1 1 0
0.00415194 0.635775 0.635775 1 1 0
0.00536026 0.638568 0.638568 1 1 0
0.00651765 0.641151 0.641151 1 1 0
0.00741347 0.643086 0.643086 1 1 0
0.00815928 0.644654 0.644654 1 1 0
0.00880773 0.645983 0.645983 1 1 0
0.00938426 0.647139 0.647139 1 1 0
0.00990778 0.648167 0.648167 1 1 0
0.0103896 0.649095 0.649095 1 1 0
0.0108376 0.649942 0.649942 1 1 0
0.0112575 0.650721 0.650721 1 1 0
0.0116536 0.651445 0.651445 1 1 0
0.0120293 0.652119 0.652119 1 1 0
0.0123873 0.652752 0.652752 1 1 0
0.0127296 0.653348 0.653348 1 1 0
0.0130581 0.653911 0.653911 1 1 0
0.0133743 0.654445 0.654445 1 1 0
0.0136792 0.654953 0.654953 1 1 0
0.013974 0.655437 0.655437 1 1 0
0.0142596 0.6559 0.6559 1 1 0
0.0145367 0.656343 0.656343 1 1 0
0.0148061 0.656767 0.656767 1 1 0
0.0150683 0.657175 0.657175 1 1 0
0.0153238 0.657567 0.657567 1 1 0
0.0155731 0.657945 0.657945 1 1 0
0.0158166 0.65831 0.65831 1 1 0
0.0160547 0.658662 0.658662 1 1 0
0.0162878 0.659002 0.659002 1 1 0
0.016516 0.659331 0.659331 1 1 0
0.0167398 0.65965 0.65965 1 1 0
0.0169593 0.659959 0.659959 1 1 0
0.0171748 0.660258 0.660258 1 1 0
0.0173865 0.660549 0.660549 1 1 0
0.0175946 0.660831 0.660831 1 1 0
0.0177993 0.661106 0.661106 1 1 0
0.0180006 0.661373 0.661373 1 1 0
0.0181989 0.661632 0.661632 1 1 0
0.0183942 0.661885 0.661885 1 1 0
0.0185866 0.662132 0.662132 1 1 0
0.0187763 0.662372 0.662372 1 1 0
0.0189633 0.662606 0.662606 1 1 0
0.0191479 0.662834 0.662834 1 1 0
0.0193301 0.663057 0.663057 1 1 0
0.0195099 0.663274 0.663274 1 1 0
0.0196875 0.663486 0.663486 1 1 0
0.019863 0.663694 0.663694 1 1 0
0.0200364 0.663896 0.663896 1 1 0
0.0202078 0.664094 0.664094 1 1 0
0.0203773 0.664288 0.664288 1 1 0
0.0205449 0.664477 0.664477 1 1 0
0.0207108 0.664662 0.664662 1 1 0
0.0208749 0.664844 0.664844 1 1 0
0.0210373 0.665021 0.665021 1 1 0
0.0211981 0.665194 0.665194 1 1 0
0.0213573 0.665364 0.665364 1 1 0
0.0215149 0.665531 0.665531 1 1 0
0.0216711 0.665694 0.665694 1 1 0
0.0218259 0.665854 0.665854 1 1 0
0.0219792 0.66601 0.66601 1 1 0
0.0221312 0.666164 0.666164 1 1 0
0.0222819 0.666314 0.666314 1 1 0
0.0224313 0.666461 0.666461 1 1 0
0.0225794 0.666606 0.666606 1 1 0
0.0227263 0.666748 0.666748 1 1 0
0.022872 0.666887 0.666887 1 1 0
0.0230166 0.667023 0.667023 1 1 0
0.02316 0.667157 0.667157 1 1 0
0.0233024 0.667288 0.667288 1 1 0
0.0234437 0.667417 0.667417 1 1 0
0.0235839 0.667543 0.667543 1 1 0
0.0237231 0.667667 0.667667 1 1 0
0.0238613 0.667789 0.667789 1 1 0
0.0239986 0.667908 0.667908 1 1 0
0.0241349 0.668025 0.668025 1 1 0
0.0242702 0.66814 0.66814 1 1 0
0.0244047 0.668253 0.668253 1 1 0
0.0245382 0.668364 0.668364 1 1 0
0.0246709 0.668473 0.668473 1 1 0
0.0248028 0.66858 0.66858 1 1 0
0.0249338 0.668685 0.668685 1 1 0
0.025064 0.668788 0.668788 1 1 0
0.0251934 0.66889 0.66889 1 1 0
0.0253221 0.668989 0.668989 1 1 0
0.0254499 0.669087 0.669087 1 1 0
0.025577 0.669183 0.669183 1 1 0
0.0257034 0.669277 0.669277 1 1 0
0.0258291 0.66937 0.66937 1 1 0
0.0259541 0.669461 0.669461 1 1 0
0.0260783 0.66955 0.66955 1 1 0
0.0262019 0.669638 0.669638 1 1 0
0.0263248 0.669724 0.669724 1 1 0
0.0264471 0.669809 0.669809 1 1 0
0.0265687 0.669892 0.669892 1 1 0
0.0266897 0.669973 0.669973 1 1 0
0.0268101 0.670054 0.670054 1 1 0
0.0269298 0.670132 0.670132 1 1 0
0.027049 0.67021 0.67021 1 1 0
0.0271676 0.670286 0.670286 1 1 0
0.0272856 0.67036 0.67036 1 1 0
0.027403 0.670434 0.670434 1 1 0
0.0275199 0.670506 0.670506 1 1 0
0.0276363 0.670577 0.670577 1 1 0
0.0277521 0.670646 0.670646 1 1 0
0.0278673 0.670714 0.670714 1 1 0
0.0279821 0.670781 0.670781 1 1 0
0.0280963 0.670847 0.670847 1 1 0
0.0282101 0.670912 0.670912 1 1 0
0.0283233 0.670975 0.670975 1 1 0
0.028436 0.671037 0.671037 1 1 0
0.0285483 0.671098 0.671098 1 1 0
0.0286601 0.671158 0.671158 1 1 0
0.0287714 0.671217 0.671217 1 1 0
0.0288823 0.671275 0.671275 1 1 0
0.0289927 0.671331 0.671331 1 1 0
0.0291027 0.671387 0.671387 1 1 0
0.0292122 0.671442 0.671442 1 1 0
0.0293214 0.671495 0.671495 1 1 0
0.02943 0.671548 0.671548 1 1 0
0.0295383 0.671599 0.671599 1 1 0
0.0296462 0.67165 0.67165 1 1 0
0.0297536 0.671699 0.671699 1 1 0
0.0298606 0.671748 0.671748 1 1 0
0.0299673 0.671795 0.671795 1 1 0
0.0300736 0.671842 0.671842 1 1 0
0.0301794 0.671888 0.671888 1 1 0
0.0302849 0.671932 0.671932 1 1 0
0.0303901 0.671976 0.671976 1 1 0
0.0304948 0.672019 0.672019 1 1 0
0.0305992 0.672061 0.672061 1 1 0
0.0307032 0.672103 0.672103 1 1 0
0.0308069 0.672143 0.672143 1 1 0
0.0309102 0.672183 0.672183 1 1 0
0.0310132 0.672221 0.672221 1 1 0
0.0311159 0.672259 0.672259 1 1 0
0.0312182 0.672296 0.672296 1 1 0
0.0313202 0.672332 0.672332 1 1 0
0.0314218 0.672368 0.672368 1 1 0
0.0315231 0.672402 0.672402 1 1 0
0.0316242 0.672436 0.672436 1 1 0
0.0317248 0.672469 0.672469 1 1 0
0.0318252 0.672501 0.672501 1 1 0
0.0319253 0.672533 0.672533 1 1 0
0.0320251 0.672563 0.672563 1 1 0
0.0321246 0.672593 0.672593 1 1 0
0.0322237 0.672623 0.672623 1 1 0
0.0323226 0.672651 0.672651 1 1 0
0.0324212 0.672679 0.672679 1 1 0
0.0325196 0.672706 0.672706 1 1 0
0.0326176 0.672732 0.672732 1 1 0
0.0327154 0.672758 0.672758 1 1 0
0.0328128 0.672783 0.672783 1 1 0
0.03291 0.672807 0.672807 1 1 0
0.033007 0.672831 0.672831 1 1 0
0.0331037 0.672854 0.672854 1 1 0
0.0332001 0.672876 0.672876 1 1 0
0.0332962 0.672898 0.672898 1 1 0
0.0333921 0.672919 0.672919 1 1 0
0.0334878 0.672939 0.672939 1 1 0
0.0335832 0.672959 0.672959 1 1 0
0.0336783 0.672978 0.672978 1 1 0
0.0337732 0.672996 0.672996 1 1 0
0.0338679 0.673014 0.673014 1 1 0
0.0339623 0.673031 0.673031 1 1 0
0.0340565 0.673047 0.673047 1 1 0
0.0341505 0.673063 0.673063 1 1 0
0.0342442 0.673079 0.673079 1 1 0
0.0343377 0.673093 0.673093 1 1 0
0.034431 0.673107 0.673107 1 1 0
0.034524 0.673121 0.673121 1 1 0
0.0346168 0.673134 0.673134 1 1 0
0.0347094 0.673146 0.673146 1 1 0
0.0348018 0.673158 0.673158 1 1 0
0.034894 0.673169 0.673169 1 1 0
0.034986 0.67318 0.67318 1 1 0
0.0350777 0.67319 0.67319 1 1 0
0.0351693 0.6732 0.6732 1 1 0
0.0352606 0.673209 0.673209 1 1 0
0.0353517 0.673217 0.673217 1 1 0
0.0354427 0.673225 0.673225 1 1 0
0.0355334 0.673233 0.673233 1 1 0
0.0356239 0.67324 0.67324 1 1 0
0.0357143 0.673246 0.673246 1 1 0
0.0358044 0.673252 0.673252 1 1 0
0.0358944 0.673257 0.673257 1 1 0
0.0359841 0.673262 0.673262 1 1 0
0.0360737 0.673266 0.673266 1 1 0
0.0361631 0.67327 0.67327 1 1 0
0.0362523 0.673273 0.673273 1 1 0
0.0363414 0.673276 0.673276 1 1 0
0.0364302 0.673278 0.673278 1 1 0
0.0365189 0.67328 0.67328 1 1 0
0.0366074 0.673282 0.673282 1 1 0
0.0366957 0.673283 0.673283 1 1 0
0.0367838 0.673283 0.673283 1 1 0
0.0368718 0.673283 0.673283 1 1 0
0.0369596 0.673282 0.673282 1 1 0
0.0370473 0.673281 0.673281 1 1 0
0.0371347 0.67328 0.67328 1 1 0
0.037222 0.673278 0.673278 1 1 0
0.0373092 0.673275 0.673275 1 1 0
0.0373962 0.673272 0.673272 1 1 0
0.037483 0.673269 0.673269 1 1 0
0.0375697 0.673265 0.673265 1 1 0
0.0376562 0.673261 0.673261 1 1 0
0.0377425 0.673256 0.673256 1 1 0
0.0378287 0.673251 0.673251 1 1 0
0.0379148 0.673246 0.673246 1 1 0
0.0380007 0.67324 0.67324 1 1 0
0.0380864 0.673233 0.673233 1 1 0
0.038172 0.673227 0.673227 1 1 0
0.0382574 0.673219 0.673219 1 1 0
0.0383427 0.673212 0.673212 1 1 0
0.0384279 0.673203 0.673203 1 1 0
0.0385129 0.673195 0.673195 1 1 0
0.0385978 0.673186 0.673186 1 1 0
0.0386825 0.673177 0.673177 1 1 0
0.0387671 0.673167 0.673167 1 1 0
0.0388516 0.673157 0.673157 1 1 0
0.0389359 0.673146 0.673146 1 1 0
0.0390201 0.673135 0.673135 1 1 0
0.0391041 0.673124 0.673124 1 1 0
0.0391881 0.673112 0.673112 1 1 0
0.0392718 0.6731 0.6731 1 1 0
0.0393555 0.673087 0.673087 1 1 0
0.039439 0.673075 0.673075 1 1 0
0.0395224 0.673061 0.673061 1 1 0
0.0396057 0.673047 0.673047 1 1 0
0.0396889 0.673033 0.673033 1 1 0
0.0397719 0.673019 0.673019 1 1 0
0.0398548 0.673004 0.673004 1 1 0
0.0399375 0.672989 0.672989 1 1 0
0.0400202 0.672973 0.672973 1 1 0
0.0401027 0.672957 0.672957 1 1 0
0.0401852 0.672941 0.672941 1 1 0
0.0402674 0.672924 0.672924 1 1 0
0.0403496 0.672907 0.672907 1 1 0
0.0404317 0.67289 0.67289 1 1 0
0.0405136 0.672872 0.672872 1 1 0
0.0405955 0.672854 0.672854 1 1 0
0.0406772 0.672835 0.672835 1 1 0
0.0407588 0.672817 0.672817 1 1 0
0.0408403 0.672797 0.672797 1 1 0
0.0409217 0.672778 0.672778 1 1 0
0.041003 0.672758 0.672758 1 1 0
0.0410841 0.672738 0.672738 1 1 0
0.0411652 0.672717 0.672717 1 1 0
0.0412461 0.672696 0.672696 1 1 0
0.041327 0.672675 0.672675 1 1 0
0.0414077 0.672653 0.672653 1 1 0
0.0414884 0.672631 0.672631 1 1 0
0.0415689 0.672609 0.672609 1 1 0
0.0416494 0.672586 0.672586 1 1 0
0.0417297 0.672563 0.672563 1 1 0
0.0418099 0.67254 0.67254 1 1 0
0.0418901 0.672516 0.672516 1 1 0
0.0419701 0.672492 0.672492 1 1 0
0.04205 0.672468 0.672468 1 1 0
0.0421299 0.672444 0.672444 1 1 0
0.0422096 0.672419 0.672419 1 1 0
0.0422893 0.672393 0.672393 1 1 0
0.0423688 0.672368 0.672368 1 1 0
0.0424483 0.672342 0.672342 1 1 0
0.0425277 0.672316 0.672316 1 1 0
0.042607 0.672289 0.672289 1 1 0
0.0426862 0.672262 0.672262 1 1 0
0.0427653 0.672235 0.672235 1 1 0
0.0428443 0.672208 0.672208 1 1 0
0.0429232 0.67218 0.67218 1 1 0
0.043002 0.672152 0.672152 1 1 0
0.0430808 0.672124 0.672124 1 1 0
0.0431594 0.672095 0.672095 1 1 0
0.043238 0.672066 0.672066 1 1 0
0.0433165 0.672037 0.672037 1 1 0
0.0433949 0.672007 0.672007 1 1 0
0.0434732 0.671977 0.671977 1 1 0
0.0435514 0.671947 0.671947 1 1 0
0.0436296 0.671917 0.671917 1 1 0
0.0437076 0.671886 0.671886 1 1 0
0.0437856 0.671855 0.671855 1 1 0
0.0438635 0.671823 0.671823 1 1 0
0.0439414 0.671792 0.671792 1 1 0
0.0440191 0.67176 0.67176 1 1 0
0.0440968 0.671728 0.671728 1 1 0
0.0441744 0.671695 0.671695 1 1 0
0.0442519 0.671662 0.671662 1 1 0
0.0443294 0.671629 0.671629 1 1 0
0.0444067 0.671596 0.671596 1 1 0
0.044484 0.671562 0.671562 1 1 0
0.0445612 0.671528 0.671528 1 1 0
0.0446384 0.671494 0.671494 1 1 0
0.0447154 0.67146 0.67146 1 1 0
0.0447924 0.671425 0.671425 1 1 0
0.0448694 0.67139 0.67139 1 1 0
0.0449462 0.671354 0.671354 1 1 0
0.045023 0.671319 0.671319 1 1 0
0.0450997 0.671283 0.671283 1 1 0
0.0451764 0.671247 0.671247 1 1 0
0.0452529 0.67121 0.67121 1 1 0
0.0453294 0.671174 0.671174 1 1 0
0.0454059 0.671137 0.671137 1 1 0
0.0454822 0.6711 0.6711 1 1 0
0.0455586 0.671062 0.671062 1 1 0
0.0456348 0.671024 0.671024 1 1 0
0.045711 0.670986 0.670986 1 1 0
0.0457871 0.670948 0.670948 1 1 0
0.0458631 0.670909 0.670909 1 1 0
0.0459391 0.670871 0.670871 1 1 0
0.046015 0.670832 0.670832 1 1 0
0.0460909 0.670792 0.670792 1 1 0
0.0461667 0.670753 0.670753 1 1 0
0.0462424 0.670713 0.670713 1 1 0
0.0463181 0.670673 0.670673 1 1 0
0.0463937 0.670632 0.670632 1 1 0
0.0464692 0.670592 0.670592 1 1 0
0.0465447 0.670551 0.670551 1 1 0
0.0466202 0.67051 0.67051 1 1 0
0.0466955 0.670469 0.670469 1 1 0
0.0467708 0.670427 0.670427 1 1 0
0.0468461 0.670385 0.670385 1 1 0
0.0469213 0.670343 0.670343 1 1 0
0.0469964 0.670301 0.670301 1 1 0
0.0470715 0.670258 0.670258 1 1 0
0.0471466 0.670215 0.670215 1 1 0
0.0472216 0.670172 0.670172 1 1 0
0.0472965 0.670129 0.670129 1 1 0
0.0473713 0.670085 0.670085 1 1 0
0.0474462 0.670041 0.670041 1 1 0
0.0475209 0.669997 0.669997 1 1 0
0.0475956 0.669953 0.669953 1 1 0
0.0476703 0.669908 0.669908 1 1 0
0.0477449 0.669863 0.669863 1 1 0
0.0478195 0.669818 0.669818 1 1 0
0.047894 0.669773 0.669773 1 1 0
0.0479684 0.669728 0.669728 1 1 0
0.0480428 0.669682 0.669682 1 1 0
0.0481172 0.669636 0.669636 1 1 0
0.0481915 0.66959 0.66959 1 1 0
0.0482658 0.669543 0.669543 1 1 0
0.04834 0.669497 0.669497 1 1 0
0.0484141 0.66945 0.66945 1 1 0
0.0484883 0.669403 0.669403 1 1 0
0.0485623 0.669355 0.669355 1 1 0
0.0486363 0.669308 0.669308 1 1 0
0.0487103 0.66926 0.66926 1 1 0
0.0487843 0.669212 0.669212 1 1 0
0.0488581 0.669163 0.669163 1 1 0
0.048932 0.669115 0.669115 1 1 0
0.0490058 0.669066 0.669066 1 1 0
0.0490796 0.669017 0.669017 1 1 0
0.0491533 0.668968 0.668968 1 1 0
0.0492269 0.668918 0.668918 1 1 0
0.0493006 0.668869 0.668869 1 1 0
0.0493742 0.668819 0.668819 1 1 0
0.0494477 0.668769 0.668769 1 1 0
0.0495212 0.668718 0.668718 1 1 0
0.0495947 0.668668 0.668668 1 1 0
0.0496681 0.668617 0.668617 1 1 0
0.0497415 0.668566 0.668566 1 1 0
0.0498148 0.668515 0.668515 1 1 0
0.0498881 0.668464 0.668464 1 1 0
0.0499614 0.668412 0.668412 1 1 0
0.0500346 0.66836 0.66836 1 1 0
0.0501078 0.668308 0.668308 1 1 0
0.050181 0.668256 0.668256 1 1 0
0.0502541 0.668203 0.668203 1 1 0
0.0503272 0.668151 0.668151 1 1 0
0.0504002 0.668098 0.668098 1 1 0
0.0504732 0.668044 0.668044 1 1 0
0.0505462 0.667991 0.667991 1 1 0
0.0506191 0.667938 0.667938 1 1 0
0.050692 0.667884 0.667884 1 1 0
0.0507649 0.66783 0.66783 1 1 0
0.0508377 0.667776 0.667776 1 1 0
0.0509105 0.667721 0.667721 1 1 0
0.0509833 0.667667 0.667667 1 1 0
0.051056 0.667612 0.667612 1 1 0
0.0511287 0.667557 0.667557 1 1 0
0.0512014 0.667501 0.667501 1 1 0
0.051274 0.667446 0.667446 1 1 0
0.0513466 0.66739 0.66739 1 1 0
0.0514192 0.667334 0.667334 1 1 0
0.0514917 0.667278 0.667278 1 1 0
0.0515642 0.667222 0.667222 1 1 0
0.0516367 0.667166 0.667166 1 1 0
0.0517092 0.667109 0.667109 1 1 0
0.0517816 0.667052 0.667052 1 1 0
0.051854 0.666995 0.666995 1 1 0
0.0519263 0.666938 0.666938 1 1 0
0.0519987 0.66688 0.66688 1 1 0
0.052071 0.666823 0.666823 1 1 0
0.0521433 0.666765 0.666765 1 1 0
0.0522155 0.666707 0.666707 1 1 0
0.0522877 0.666648 0.666648 1 1 0
0.0523599 0.66659 0.66659 1 1 0
0.0524321 0.666531 0.666531 1 1 0
0.0525042 0.666472 0.666472 1 1 0
0.0525764 0.666413 0.666413 1 1 0
0.0526485 0.666354 0.666354 1 1 0
0.0527205 0.666294 0.666294 1 1 0
0.0527926 0.666235 0.666235 1 1 0
0.0528646 0.666175 0.666175 1 1 0
0.0529366 0.666115 0.666115 1 1 0
0.0530086 0.666055 0.666055 1 1 0
0.0530805 0.665994 0.665994 1 1 0
0.0531524 0.665934 0.665934 1 1 0
0.0532243 0.665873 0.665873 1 1 0
0.0532962 0.665812 0.665812 1 1 0
0.0533681 0.66575 0.66575 1 1 0
0.0534399 0.665689 0.665689 1 1 0
0.0535117 0.665627 0.665627 1 1 0
0.0535835 0.665566 0.665566 1 1 0
0.0536553 0.665504 0.665504 1 1 0
0.053727 0.665442 0.665442 1 1 0
0.0537988 0.665379 0.665379 1 1 0
0.0538705 0.665317 0.665317 1 1 0
0.0539422 0.665254 0.665254 1 1 0
0.0540138 0.665191 0.665191 1 1 0
0.0540855 0.665128 0.665128 1 1 0
0.0541571 0.665065 0.665065 1 1 0
0.0542287 0.665001 0.665001 1 1 0
0.0543003 0.664937 0.664937 1 1 0
0.0543719 0.664874 0.664874 1 1 0
0.0544435 0.66481 0.66481 1 1 0
0.054515 0.664745 0.664745 1 1 0
0.0545866 0.664681 0.664681 1 1 0
0.0546581 0.664616 0.664616 1 1 0
0.0547296 0.664552 0.664552 1 1 0
0.054801 0.664487 0.664487 1 1 0
0.0548725 0.664422 0.664422 1 1 0
0.054944 0.664356 0.664356 1 1 0
0.0550154 0.664291 0.664291 1 1 0
0.0550868 0.664225 0.664225 1 1 0
0.0551582 0.664159 0.664159 1 1 0
0.0552296 0.664093 0.664093 1 1 0
0.055301 0.664027 0.664027 1 1 0
0.0553723 0.66396 0.66396 1 1 0
0.0554437 0.663894 0.663894 1 1 0
0.055515 0.663827 0.663827 1 1 0
0.0555863 0.66376 0.66376 1 1 0
0.0556576 0.663693 0.663693 1 1 0
0.0557289 0.663626 0.663626 1 1 0
0.0558002 0.663558 0.663558 1 1 0
0.0558715 0.663491 0.663491 1 1 0
0.0559428 0.663423 0.663423 1 1 0
0.056014 0.663355 0.663355 1 1 0
0.0560852 0.663287 0.663287 1 1 0
0.0561565 0.663218 0.663218 1 1 0
0.0562277 0.66315 0.66315 1 1 0
0.0562989 0.663081 0.663081 1 1 0
0.0563701 0.663012 0.663012 1 1 0
0.0564413 0.662943 0.662943 1 1 0
0.0565125 0.662874 0.662874 1 1 0
0.0565836 0.662805 0.662805 1 1 0
0.0566548 0.662735 0.662735 1 1 0
0.056726 0.662665 0.662665 1 1 0
0.0567971 0.662595 0.662595 1 1 0
0.0568682 0.662525 0.662525 1 1 0
0.0569394 0.662455 0.662455 1 1 0
0.0570105 0.662385 0.662385 1 1 0
0.0570816 0.662314 0.662314 1 1 0
0.0571527 0.662243 0.662243 1 1 0
0.0572238 0.662172 0.662172 1 1 0
0.0572949 0.662101 0.662101 1 1 0
0.057366 0.66203 0.66203 1 1 0
0.0574371 0.661958 0.661958 1 1 0
0.0575082 0.661887 0.661887 1 1 0
0.0575792 0.661815 0.661815 1 1 0
0.0576503 0.661743 0.661743 1 1 0
0.0577214 0.661671 0.661671 1 1 0
0.0577924 0.661599 0.661599 1 1 0
0.0578635 0.661526 0.661526 1 1 0
0.0579345 0.661454 0.661454 1 1 0
0.0580056 0.661381 0.661381 1 1 0
0.0580766 0.661308 0.661308 1 1 0
0.0581477 0.661235 0.661235 1 1 0
0.0582187 0.661161 0.661161 1 1 0
0.0582898 0.661088 0.661088 1 1 0
0.0583608 0.661014 0.661014 1 1 0
0.0584318 0.660941 0.660941 1 1 0
0.0585028 0.660867 0.660867 1 1 0
0.0585739 0.660793 0.660793 1 1 0
0.0586449 0.660718 0.660718 1 1 0
0.0587159 0.660644 0.660644 1 1 0
0.058787 0.660569 0.660569 1 1 0
0.058858 0.660495 0.660495 1 1 0
0.058929 0.66042 0.66042 1 1 0
0.059 0.660345 0.660345 1 1 0
0.0590711 0.660269 0.660269 1 1 0
0.0591421 0.660194 0.660194 1 1 0
0.0592131 0.660118 0.660118 1 1 0
0.0592841 0.660043 0.660043 1 1 0
0.0593552 0.659967 0.659967 1 1 0
0.0594262 0.659891 0.659891 1 1 0
0.0594972 0.659815 0.659815 1 1 0
0.0595683 0.659738 0.659738 1 1 0
0.0596393 0.659662 0.659662 1 1 0
0.0597104 0.659585 0.659585 1 1 0
0.0597814 0.659508 0.659508 1 1 0
0.0598524 0.659431 0.659431 1 1 0
0.0599235 0.659354 0.659354 1 1 0
0.0599945 0.659277 0.659277 1 1 0
0.0600656 0.659199 0.659199 1 1 0
0.0601367 0.659122 0.659122 1 1 0
0.0602077 0.659044 0.659044 1 1 0
0.0602788 0.658966 0.658966 1 1 0
0.0603499 0.658888 0.658888 1 1 0
0.060421 0.65881 0.65881 1 1 0
0.060492 0.658731 0.658731 1 1 0
0.0605631 0.658653 0.658653 1 1 0
0.0606342 0.658574 0.658574 1 1 0
0.0607053 0.658495 0.658495 1 1 0
0.0607765 0.658416 0.658416 1 1 0
0.0608476 0.658337 0.658337 1 1 0
0.0609187 0.658257 0.658257 1 1 0
0.0609898 0.658178 0.658178 1 1 0
0.061061 0.658098 0.658098 1 1 0
0.0611321 0.658019 0.658019 1 1 0
0.0612033 0.657939 0.657939 1 1 0
0.0612744 0.657858 0.657858 1 1 0
0.0613456 0.657778 0.657778 1 1 0
0.0614168 0.657698 0.657698 1 1 0
0.061488 0.657617 0.657617 1 1 0
0.0615592 0.657537 0.657537 1 1 0
0.0616304 0.657456 0.657456 1 1 0
0.0617016 0.657375 0.657375 1 1 0
0.0617728 0.657294 0.657294 1 1 0
0.061844 0.657212 0.657212 1 1 0
0.0619153 0.657131 0.657131 1 1 0
0.0619865 0.657049 0.657049 1 1 0
0.0620578 0.656967 0.656967 1 1 0
0.0621291 0.656885 0.656885 1 1 0
0.0622004 0.656803 0.656803 1 1 0
0.0622717 0.656721 0.656721 1 1 0
0.062343 0.656639 0.656639 1 1 0
0.0624143 0.656556 0.656556 1 1 0
0.0624857 0.656474 0.656474 1 1 0
0.062557 0.656391 0.656391 1 1 0
0.0626284 0.656308 0.656308 1 1 0
0.0626997 0.656225 0.656225 1 1 0
0.0627711 0.656142 0.656142 1 1 0
0.0628425 0.656058 0.656058 1 1 0
0.062914 0.655975 0.655975 1 1 0
0.0629854 0.655891 0.655891 1 1 0
0.0630568 0.655807 0.655807 1 1 0
0.0631283 0.655723 0.655723 1 1 0
0.0631998 0.655639 0.655639 1 1 0
0.0632713 0.655555 0.655555 1 1 0
0.0633428 0.65547 0.65547 1 1 0
0.0634143 0.655386 0.655386 1 1 0
0.0634858 0.655301 0.655301 1 1 0
0.0635574 0.655216 0.655216 1 1 0
0.0636289 0.655131 0.655131 1 1 0
0.0637005 0.655046 0.655046 1 1 0
0.0637721 0.654961 0.654961 1 1 0
0.0638437 0.654875 0.654875 1 1 0
0.0639154 0.65479 0.65479 1 1 0
0.063987 0.654704 0.654704 1 1 0
0.0640587 0.654618 0.654618 1 1 0
0.0641304 0.654532 0.654532 1 1 0
0.0642021 0.654446 0.654446 1 1 0
0.0642738 0.65436 0.65436 1 1 0
0.0643456 0.654273 0.654273 1 1 0
0.0644173 0.654187 0.654187 1 1 0
0.0644891 0.6541 0.6541 1 1 0
0.0645609 0.654013 0.654013 1 1 0
0.0646327 0.653926 0.653926 1 1 0
0.0647046 0.653839 0.653839 1 1 0
0.0647764 0.653752 0.653752 1 1 0
0.0648483 0.653665 0.653665 1 1 0
0.0649202 0.653577 0.653577 1 1 0
0.0649921 0.653489 0.653489 1 1 0
0.0650641 0.653401 0.653401 1 1 0
0.065136 0.653314 0.653314 1 1 0
0.065208 0.653225 0.653225 1 1 0
0.06528 0.653137 0.653137 1 1 0
0.0653521 0.653049 0.653049 1 1 0
0.0654241 0.65296 0.65296 1 1 0
0.0654962 0.652872 0.652872 1 1 0
0.0655683 0.652783 0.652783 1 1 0
0.0656404 0.652694 0.652694 1 1 0
0.0657126 0.652605 0.652605 1 1 0
0.0657847 0.652516 0.652516 1 1 0
0.0658569 0.652426 0.652426 1 1 0
0.0659292 0.652337 0.652337 1 1 0
0.0660014 0.652247 0.652247 1 1 0
0.0660737 0.652157 0.652157 1 1 0
0.0661459 0.652067 0.652067 1 1 0
0.0662183 0.651977 0.651977 1 1 0
0.0662906 0.651887 0.651887 1 1 0
0.066363 0.651797 0.651797 1 1 0
0.0664354 0.651707 0.651707 1 1 0
0.0665078 0.651616 0.651616 1 1 0
0.0665802 0.651525 0.651525 1 1 0
0.0666527 0.651434 0.651434 1 1 0
0.0667252 0.651343 0.651343 1 1 0
0.0667977 0.651252 0.651252 1 1 0
0.0668703 0.651161 0.651161 1 1 0
0.0669429 0.65107 0.65107 1 1 0
0.0670155 0.650978 0.650978 1 1 0
0.0670881 0.650886 0.650886 1 1 0
0.0671608 0.650795 0.650795 1 1 0
0.0672335 0.650703 0.650703 1 1 0
0.0673062 0.650611 0.650611 1 1 0
0.0673789 0.650519 0.650519 1 1 0
0.0674517 0.650426 0.650426 1 1 0
0.0675245 0.650334 0.650334 1 1 0
0.0675974 0.650241 0.650241 1 1 0
0.0676702 0.650148 0.650148 1 1 0
0.0677431 0.650056 0.650056 1 1 0
0.0678161 0.649963 0.649963 1 1 0
0.067889 0.64987 0.64987 1 1 0
0.067962 0.649776 0.649776 1 1 0
0.068035 0.649683 0.649683 1 1 0
0.0681081 0.649589 0.649589 1 1 0
0.0681812 0.649496 0.649496 1 1 0
0.0682543 0.649402 0.649402 1 1 0
0.0683274 0.649308 0.649308 1 1 0
0.0684006 0.649214 0.649214 1 1 0
0.0684738 0.64912 0.64912 1 1 0
0.0685471 0.649026 0.649026 1 1 0
0.0686204 0.648931 0.648931 1 1 0
0.0686937 0.648837 0.648837 1 1 0
0.068767 0.648742 0.648742 1 1 0
0.0688404 0.648647 0.648647 1 1 0
0.0689138 0.648552 0.648552 1 1 0
0.0689873 0.648457 0.648457 1 1 0
0.0690608 0.648362 0.648362 1 1 0
0.0691343 0.648267 0.648267 1 1 0
0.0692079 0.648171 0.648171 1 1 0
0.0692815 0.648076 0.648076 1 1 0
0.0693551 0.64798 0.64798 1 1 0
0.0694288 0.647884 0.647884 1 1 0
0.0695025 0.647788 0.647788 1 1 0
0.0695762 0.647692 0.647692 1 1 0
0.06965 0.647596 0.647596 1 1 0
0.0697238 0.6475 0.6475 1 1 0
0.0697976 0.647403 0.647403 1 1 0
0.0698715 0.647307 0.647307 1 1 0
0.0699455 0.64721 0.64721 1 1 0
0.0700194 0.647113 0.647113 1 1 0
0.0700934 0.647016 0.647016 1 1 0
0.0701675 0.646919 0.646919 1 1 0
0.0702416 0.646822 0.646822 1 1 0
0.0703157 0.646725 0.646725 1 1 0
0.0703898 0.646627 0.646627 1 1 0
0.070464 0.64653 0.64653 1 1 0
0.0705383 0.646432 0.646432 1 1 0
0.0706126 0.646334 0.646334 1 1 0
0.0706869 0.646236 0.646236 1 1 0
0.0707612 0.646138 0.646138 1 1 0
0.0708357 0.64604 0.64604 1 1 0
0.0709101 0.645941 0.645941 1 1 0
0.0709846 0.645843 0.645843 1 1 0
0.0710591 0.645744 0.645744 1 1 0
0.0711337 0.645646 0.645646 1 1 0
0.0712083 0.645547 0.645547 1 1 0
0.071283 0.645448 0.645448 1 1 0
0.0713577 0.645349 0.645349 1 1 0
0.0714324 0.64525 0.64525 1 1 0
0.0715072 0.64515 0.64515 1 1 0
0.071582 0.645051 0.645051 1 1 0
0.0716569 0.644951 0.644951 1 1 0
0.0717318 0.644852 0.644852 1 1 0
0.0718068 0.644752 0.644752 1 1 0
0.0718818 0.644652 0.644652 1 1 0
0.0719568 0.644552 0.644552 1 1 0
0.0720319 0.644452 0.644452 1 1 0
0.0721071 0.644352 0.644352 1 1 0
0.0721823 0.644251 0.644251 1 1 0
0.0722575 0.644151 0.644151 1 1 0
0.0723328 0.64405 0.64405 1 1 0
0.0724081 0.643949 0.643949 1 1 0
0.0724835 0.643848 0.643848 1 1 0
0.0725589 0.643747 0.643747 1 1 0
0.0726344 0.643646 0.643646 1 1 0
0.0727099 0.643545 0.643545 1 1 0
0.0727855 0.643444 0.643444 1 1 0
0.0728611 0.643342 0.643342 1 1 0
0.0729368 0.643241 0.643241 1 1 0
0.0730125 0.643139 0.643139 1 1 0
0.0730883 0.643037 0.643037 1 1 0
0.0731641 0.642935 0.642935 1 1 0
0.0732399 0.642833 0.642833 1 1 0
0.0733159 0.642731 0.642731 1 1 0
0.0733918 0.642629 0.642629 1 1 0
0.0734678 0.642526 0.642526 1 1 0
0.0735439 0.642424 0.642424 1 1 0
0.07362 0.642321 0.642321 1 1 0
0.0736962 0.642218 0.642218 1 1 0
0.0737724 0.642116 0.642116 1 1 0
0.0738487 0.642013 0.642013 1 1 0
0.073925 0.641909 0.641909 1 1 0
0.0740014 0.641806 0.641806 1 1 0
0.0740778 0.641703 0.641703 1 1 0
0.0741543 0.641599 0.641599 1 1 0
0.0742309 0.641496 0.641496 1 1 0
0.0743075 0.641392 0.641392 1 1 0
0.0743841 0.641288 0.641288 1 1 0
0.0744608 0.641184 0.641184 1 1 0
0.0745376 0.64108 0.64108 1 1 0
0.0746144 0.640976 0.640976 1 1 0
0.0746913 0.640872 0.640872 1 1 0
0.0747682 0.640768 0.640768 1 1 0
0.0748452 0.640663 0.640663 1 1 0
0.0749222 0.640559 0.640559 1 1 0
0.0749993 0.640454 0.640454 1 1 0
0.0750765 0.640349 0.640349 1 1 0
0.0751537 0.640244 0.640244 1 1 0
0.0752309 0.640139 0.640139 1 1 0
0.0753083 0.640034 0.640034 1 1 0
0.0753856 0.639929 0.639929 1 1 0
0.0754631 0.639823 0.639823 1 1 0
0.0755406 0.639718 0.639718 1 1 0
0.0756181 0.639612 0.639612 1 1 0
0.0756957 0.639506 0.639506 1 1 0
0.0757734 0.639401 0.639401 1 1 0
0.0758512 0.639295 0.639295 1 1 0
0.075929 0.639189 0.639189 1 1 0
0.0760068 0.639082 0.639082 1 1 0
0.0760847 0.638976 0.638976 1 1 0
0.0761627 0.63887 0.63887 1 1 0
0.0762408 0.638763 0.638763 1 1 0
0.0763189 0.638657 0.638657 1 1 0
0.076397 0.63855 0.63855 1 1 0
0.0764753 0.638443 0.638443 1 1 0
0.0765536 0.638336 0.638336 1 1 0
0.0766319 0.638229 0.638229 1 1 0
0.0767103 0.638122 0.638122 1 1 0
0.0767888 0.638015 0.638015 1 1 0
0.0768674 0.637907 0.637907 1 1 0
0.076946 0.6378 0.6378 1 1 0
0.0770246 0.637692 0.637692 1 1 0
0.0771034 0.637584 0.637584 1 1 0
0.0771822 0.637477 0.637477 1 1 0
0.0772611 0.637369 0.637369 1 1 0
0.07734 0.637261 0.637261 1 1 0
0.077419 0.637152 0.637152 1 1 0
0.0774981 0.637044 0.637044 1 1 0
0.0775772 0.636936 0.636936 1 1 0
0.0776564 0.636827 0.636827 1 1 0
0.0777357 0.636719 0.636719 1 1 0
0.077815 0.63661 0.63661 1 1 0
0.0778944 0.636501 0.636501 1 1 0
0.0779739 0.636392 0.636392 1 1 0
0.0780534 0.636283 0.636283 1 1 0
0.0781331 0.636174 0.636174 1 1 0
0.0782127 0.636065 0.636065 1 1 0
0.0782925 0.635956 0.635956 1 1 0
0.0783723 0.635846 0.635846 1 1 0
0.0784522 0.635737 0.635737 1 1 0
0.0785322 0.635627 0.635627 1 1 0
0.0786122 0.635517 0.635517 1 1 0
0.0786923 0.635408 0.635408 1 1 0
0.0787725 0.635298 0.635298 1 1 0
0.0788528 0.635188 0.635188 1 1 0
0.0789331 0.635077 0.635077 1 1 0
0.0790135 0.634967 0.634967 1 1 0
0.0790939 0.634857 0.634857 1 1 0
0.0791745 0.634746 0.634746 1 1 0
0.0792551 0.634636 0.634636 1 1 0
0.0793358 0.634525 0.634525 1 1 0
0.0794166 0.634414 0.634414 1 1 0
0.0794974 0.634303 0.634303 1 1 0
0.0795783 0.634192 0.634192 1 1 0
0.0796593 0.634081 0.634081 1 1 0
0.0797404 0.63397 0.63397 1 1 0
0.0798215 0.633859 0.633859 1 1 0
0.0799028 0.633747 0.633747 1 1 0
0.0799841 0.633636 0.633636 1 1 0
0.0800654 0.633524 0.633524 1 1 0
0.0801469 0.633413 0.633413 1 1 0
0.0802284 0.633301 0.633301 1 1 0
0.08031 0.633189 0.633189 1 1 0
0.0803917 0.633077 0.633077 1 1 0
0.0804735 0.632965 0.632965 1 1 0
0.0805553 0.632853 0.632853 1 1 0
0.0806373 0.63274 0.63274 1 1 0
0.0807193 0.632628 0.632628 1 1 0
0.0808014 0.632515 0.632515 1 1 0
0.0808835 0.632403 0.632403 1 1 0
0.0809658 0.63229 0.63229 1 1 0
0.0810481 0.632177 0.632177 1 1 0
0.0811305 0.632064 0.632064 1 1 0
0.081213 0.631951 0.631951 1 1 0
0.0812956 0.631838 0.631838 1 1 0
0.0813783 0.631725 0.631725 1 1 0
0.081461 0.631612 0.631612 1 1 0
0.0815439 0.631498 0.631498 1 1 0
0.0816268 0.631385 0.631385 1 1 0
0.0817098 0.631271 0.631271 1 1 0
0.0817929 0.631157 0.631157 1 1 0
0.081876 0.631044 0.631044 1 1 0
0.0819593 0.63093 0.63093 1 1 0
0.0820426 0.630816 0.630816 1 1 0
0.0821261 0.630701 0.630701 1 1 0
0.0822096 0.630587 0.630587 1 1 0
0.0822932 0.630473 0.630473 1 1 0
0.0823769 0.630359 0.630359 1 1 0
0.0824607 0.630244 0.630244 1 1 0
0.0825445 0.63013 0.63013 1 1 0
0.0826285 0.630015 0.630015 1 1 0
0.0827126 0.6299 0.6299 1 1 0
0.0827967 0.629785 0.629785 1 1 0
0.0828809 0.62967 0.62967 1 1 0
0.0829652 0.629555 0.629555 1 1 0
0.0830496 0.62944 0.62944 1 1 0
0.0831341 0.629325 0.629325 1 1 0
0.0832187 0.629209 0.629209 1 1 0
0.0833034 0.629094 0.629094 1 1 0
0.0833882 0.628978 0.628978 1 1 0
0.0834731 0.628863 0.628863 1 1 0
0.083558 0.628747 0.628747 1 1 0
0.0836431 0.628631 0.628631 1 1 0
0.0837282 0.628515 0.628515 1 1 0
0.0838135 0.628399 0.628399 1 1 0
0.0838988 0.628283 0.628283 1 1 0
0.0839843 0.628167 0.628167 1 1 0
0.0840698 0.628051 0.628051 1 1 0
0.0841554 0.627934 0.627934 1 1 0
0.0842411 0.627818 0.627818 1 1 0
0.084327 0.627701 0.627701 1 1 0
0.0844129 0.627584 0.627584 1 1 0
0.0844989 0.627468 0.627468 1 1 0
0.084585 0.627351 0.627351 1 1 0
0.0846712 0.627234 0.627234 1 1 0
0.0847575 0.627117 0.627117 1 1 0
0.0848439 0.627 0.627 1 1 0
0.0849304 0.626883 0.626883 1 1 0
0.0850171 0.626765 0.626765 1 1 0
0.0851038 0.626648 0.626648 1 1 0
0.0851906 0.62653 0.62653 1 1 0
0.0852775 0.626413 0.626413 1 1 0
0.0853645 0.626295 0.626295 1 1 0
0.0854516 0.626177 0.626177 1 1 0
0.0855389 0.626059 0.626059 1 1 0
0.0856262 0.625941 0.625941 1 1 0
0.0857136 0.625823 0.625823 1 1 0
0.0858011 0.625705 0.625705 1 1 0
0.0858888 0.625587 0.625587 1 1 0
0.0859765 0.625469 0.625469 1 1 0
0.0860644 0.62535 0.62535 1 1 0
0.0861523 0.625232 0.625232 1 1 0
0.0862404 0.625113 0.625113 1 1 0
0.0863286 0.624995 0.624995 1 1 0
0.0864168 0.624876 0.624876 1 1 0
0.0865052 0.624757 0.624757 1 1 0
0.0865937 0.624638 0.624638 1 1 0
0.0866823 0.624519 0.624519 1 1 0
0.086771 0.6244 0.6244 1 1 0
0.0868598 0.624281 0.624281 1 1 0
0.0869488 0.624161 0.624161 1 1 0
0.0870378 0.624042 0.624042 1 1 0
0.087127 0.623923 0.623923 1 1 0
0.0872162 0.623803 0.623803 1 1 0
0.0873056 0.623683 0.623683 1 1 0
0.0873951 0.623564 0.623564 1 1 0
0.0874847 0.623444 0.623444 1 1 0
0.0875744 0.623324 0.623324 1 1 0
0.0876642 0.623204 0.623204 1 1 0
0.0877542 0.623084 0.623084 1 1 0
0.0878442 0.622964 0.622964 1 1 0
0.0879344 0.622844 0.622844 1 1 0
0.0880247 0.622723 0.622723 1 1 0
0.0881151 0.622603 0.622603 1 1 0
0.0882056 0.622482 0.622482 1 1 0
0.0882962 0.622362 0.622362 1 1 0
0.088387 0.622241 0.622241 1 1 0
0.0884778 0.62212 0.62212 1 1 0
0.0885688 0.622 0.622 1 1 0
0.0886599 0.621879 0.621879 1 1 0
0.0887512 0.621758 0.621758 1 1 0
0.0888425 0.621637 0.621637 1 1 0
0.088934 0.621515 0.621515 1 1 0
0.0890256 0.621394 0.621394 1 1 0
0.0891173 0.621273 0.621273 1 1 0
0.0892091 0.621151 0.621151 1 1 0
0.0893011 0.62103 0.62103 1 1 0
0.0893932 0.620908 0.620908 1 1 0
0.0894854 0.620787 0.620787 1 1 0
0.0895777 0.620665 0.620665 1 1 0
0.0896701 0.620543 0.620543 1 1 0
0.0897627 0.620421 0.620421 1 1 0
0.0898554 0.620299 0.620299 1 1 0
0.0899482 0.620177 0.620177 1 1 0
0.0900412 0.620055 0.620055 1 1 0
0.0901343 0.619933 0.619933 1 1 0
0.0902275 0.619811 0.619811 1 1 0
0.0903208 0.619688 0.619688 1 1 0
0.0904143 0.619566 0.619566 1 1 0
0.0905079 0.619443 0.619443 1 1 0
0.0906016 0.61932 0.61932 1 1 0
0.0906955 0.619198 0.619198 1 1 0
0.0907895 0.619075 0.619075 1 1 0
0.0908836 0.618952 0.618952 1 1 0
0.0909778 0.618829 0.618829 1 1 0
0.0910722 0.618706 0.618706 1 1 0
0.0911667 0.618583 0.618583 1 1 0
0.0912614 0.61846 0.61846 1 1 0
0.0913562 0.618337 0.618337 1 1 0
0.0914511 0.618213 0.618213 1 1 0
0.0915461 0.61809 0.61809 1 1 0
0.0916413 0.617966 0.617966 1 1 0
0.0917366 0.617843 0.617843 1 1 0
0.0918321 0.617719 0.617719 1 1 0
0.0919277 0.617595 0.617595 1 1 0
0.0920234 0.617472 0.617472 1 1 0
0.0921193 0.617348 0.617348 1 1 0
0.0922153 0.617224 0.617224 1 1 0
0.0923115 0.6171 0.6171 1 1 0
0.0924078 0.616976 0.616976 1 1 0
0.0925042 0.616851 0.616851 1 1 0
0.0926008 0.616727 0.616727 1 1 0
0.0926975 0.616603 0.616603 1 1 0
0.0927944 0.616478 0.616478 1 1 0
0.0928914 0.616354 0.616354 1 1 0
0.0929885 0.616229 0.616229 1 1 0
0.0930858 0.616105 0.616105 1 1 0
0.0931832 0.61598 0.61598 1 1 0
0.0932808 0.615855 0.615855 1 1 0
0.0933785 0.61573 0.61573 1 1 0
0.0934764 0.615605 0.615605 1 1 0
0.0935744 0.61548 0.61548 1 1 0
0.0936726 0.615355 0.615355 1 1 0
0.0937709 0.61523 0.61523 1 1 0
0.0938694 0.615105 0.615105 1 1 0
0.093968 0.61498 0.61498 1 1 0
0.0940668 0.614854 0.614854 1 1 0
0.0941657 0.614729 0.614729 1 1 0
0.0942647 0.614603 0.614603 1 1 0
0.094364 0.614478 0.614478 1 1 0
0.0944633 0.614352 0.614352 1 1 0
0.0945629 0.614226 0.614226 1 1 0
0.0946625 0.6141 0.6141 1 1 0
0.0947624 0.613974 0.613974 1 1 0
0.0948624 0.613848 0.613848 1 1 0
0.0949625 0.613722 0.613722 1 1 0
0.0950628 0.613596 0.613596 1 1 0
0.0951633 0.61347 0.61347 1 1 0
0.0952639 0.613344 0.613344 1 1 0
0.0953646 0.613218 0.613218 1 1 0
0.0954656 0.613091 0.613091 1 1 0
0.0955667 0.612965 0.612965 1 1 0
0.0956679 0.612838 0.612838 1 1 0
0.0957693 0.612712 0.612712 1 1 0
0.0958709 0.612585 0.612585 1 1 0
0.0959726 0.612458 0.612458 1 1 0
0.0960745 0.612331 0.612331 1 1 0
0.0961766 0.612205 0.612205 1 1 0
0.0962788 0.612078 0.612078 1 1 0
0.0963812 0.611951 0.611951 1 1 0
0.0964838 0.611824 0.611824 1 1 0
0.0965865 0.611696 0.611696 1 1 0
0.0966894 0.611569 0.611569 1 1 0
0.0967924 0.611442 0.611442 1 1 0
0.0968957 0.611315 0.611315 1 1 0
0.096999 0.611187 0.611187 1 1 0
0.0971026 0.61106 0.61106 1 1 0
0.0972063 0.610932 0.610932 1 1 0
0.0973102 0.610805 0.610805 1 1 0
0.0974143 0.610677 0.610677 1 1 0
0.0975186 0.610549 0.610549 1 1 0
0.097623 0.610421 0.610421 1 1 0
0.0977276 0.610293 0.610293 1 1 0
0.0978323 0.610166 0.610166 1 1 0
0.0979373 0.610038 0.610038 1 1 0
0.0980424 0.609909 0.609909 1 1 0
0.0981477 0.609781 0.609781 1 1 0
0.0982531 0.609653 0.609653 1 1 0
0.0983588 0.609525 0.609525 1 1 0
0.0984646 0.609397 0.609397 1 1 0
0.0985706 0.609268 0.609268 1 1 0
0.0986768 0.60914 0.60914 1 1 0
0.0987832 0.609011 0.609011 1 1 0
0.0988897 0.608883 0.608883 1 1 0
0.0989964 0.608754 0.608754 1 1 0
0.0991034 0.608625 0.608625 1 1 0
0.0992104 0.608496 0.608496 1 1 0
0.0993177 0.608368 0.608368 1 1 0
0.0994252 0.608239 0.608239 1 1 0
0.0995328 0.60811 0.60811 1 1 0
0.0996407 0.607981 0.607981 1 1 0
0.0997487 0.607852 0.607852 1 1 0
0.0998569 0.607722 0.607722 1 1 0
0.0999653 0.607593 0.607593 1 1 0
0.100074 0.607464 0.607464 1 1 0
0.100183 0.607335 0.607335 1 1 0
0.100292 0.607205 0.607205 1 1 0
0.100401 0.607076 0.607076 1 1 0
0.10051 0.606946 0.606946 1 1 0
0.10062 0.606817 0.606817 1 1 0
0.100729 0.606687 0.606687 1 1 0
0.100839 0.606557 0.606557 1 1 0
0.10095 0.606428 0.606428 1 1 0
0.10106 0.606298 0.606298 1 1 0
0.10117 0.606168 0.606168 1 1 0
0.101281 0.606038 0.606038 1 1 0
0.101392 0.605908 0.605908 1 1 0
0.101503 0.605778 0.605778 1 1 0
0.101614 0.605648 0.605648 1 1 0
0.101726 0.605518 0.605518 1 1 0
0.101838 0.605388 0.605388 1 1 0
0.10195 0.605257 0.605257 1 1 0
0.102062 0.605127 0.605127 1 1 0
0.102174 0.604997 0.604997 1 1 0
0.102287 0.604866 0.604866 1 1 0
0.102399 0.604736 0.604736 1 1 0
0.102512 0.604605 0.604605 1 1 0
0.102625 0.604474 0.604474 1 1 0
0.102739 0.604344 0.604344 1 1 0
0.102852 0.604213 0.604213 1 1 0
0.102966 0.604082 0.604082 1 1 0
0.10308 0.603951 0.603951 1 1 0
0.103194 0.603821 0.603821 1 1 0
0.103309 0.60369 0.60369 1 1 0
0.103423 0.603559 0.603559 1 1 0
0.103538 0.603428 0.603428 1 1 0
0.103653 0.603296 0.603296 1 1 0
0.103769 0.603165 0.603165 1 1 0
0.103884 0.603034 0.603034 1 1 0
0.104 0.602903 0.602903 1 1 0
0.104116 0.602771 0.602771 1 1 0
0.104232 0.60264 0.60264 1 1 0
0.104348 0.602509 0.602509 1 1 0
0.104465 0.602377 0.602377 1 1 0
0.104582 0.602246 0.602246 1 1 0
0.104699 0.602114 0.602114 1 1 0
0.104816 0.601982 0.601982 1 1 0
0.104934 0.601851 0.601851 1 1 0
0.105051 0.601719 0.601719 1 1 0
0.105169 0.601587 0.601587 1 1 0
0.105287 0.601455 0.601455 1 1 0
0.105406 0.601323 0.601323 1 1 0
0.105524 0.601191 0.601191 1 1 0
0.105643 0.601059 0.601059 1 1 0
0.105762 0.600927 0.600927 1 1 0
0.105882 0.600795 0.600795 1 1 0
0.106001 0.600663 0.600663 1 1 0
0.106121 0.600531 0.600531 1 1 0
0.106241 0.600399 0.600399 1 1 0
0.106361 0.600266 0.600266 1 1 0
0.106482 0.600134 0.600134 1 1 0
0.106603 0.600002 0.600002 1 1 0
0.106724 0.599869 0.599869 1 1 0
0.106845 0.599737 0.599737 1 1 0
0.106966 0.599604 0.599604 1 1 0
0.107088 0.599472 0.599472 1 1 0
0.10721 0.599339 0.599339 1 1 0
0.107332 0.599206 0.599206 1 1 0
0.107454 0.599074 0.599074 1 1 0
0.107577 0.598941 0.598941 1 1 0
0.1077 0.598808 0.598808 1 1 0
0.107823 0.598675 0.598675 1 1 0
0.107947 0.598542 0.598542 1 1 0
0.10807 0.598409 0.598409 1 1 0
0.108194 0.598276 0.598276 1 1 0
0.108318 0.598143 0.598143 1 1 0
0.108443 0.59801 0.59801 1 1 0
0.108568 0.597877 0.597877 1 1 0
0.108692 0.597744 0.597744 1 1 0
0.108818 0.597611 0.597611 1 1 0
0.108943 0.597477 0.597477 1 1 0
0.109069 0.597344 0.597344 1 1 0
0.109195 0.597211 0.597211 1 1 0
0.109321 0.597077 0.597077 1 1 0
0.109447 0.596944 0.596944 1 1 0
0.109574 0.59681 0.59681 1 1 0
0.109701 0.596677 0.596677 1 1 0
0.109828 0.596543 0.596543 1 1 0
0.109956 0.59641 0.59641 1 1 0
0.110084 0.596276 0.596276 1 1 0
0.110212 0.596142 0.596142 1 1 0
0.11034 0.596008 0.596008 1 1 0
0.110469 0.595875 0.595875 1 1 0
0.110598 0.595741 0.595741 1 1 0
0.110727 0.595607 0.595607 1 1 0
0.110856 0.595473 0.595473 1 1 0
0.110986 0.595339 0.595339 1 1 0
0.111116 0.595205 0.595205 1 1 0
0.111246 0.595071 0.595071 1 1 0
0.111377 0.594937 0.594937 1 1 0
0.111507 0.594803 0.594803 1 1 0
0.111639 0.594669 0.594669 1 1 0
0.11177 0.594535 0.594535 1 1 0
0.111902 0.5944 0.5944 1 1 0
0.112033 0.594266 0.594266 1 1 0
0.112166 0.594132 0.594132 1 1 0
0.112298 0.593997 0.593997 1 1 0
0.112431 0.593863 0.593863 1 1 0
0.112564 0.593729 0.593729 1 1 0
0.112697 0.593594 0.593594 1 1 0
0.112831 0.59346 0.59346 1 1 0
0.112965 0.593325 0.593325 1 1 0
0.113099 0.593191 0.593191 1 1 0
0.113234 0.593056 0.593056 1 1 0
0.113369 0.592921 0.592921 1 1 0
0.113504 0.592787 0.592787 1 1 0
0.113639 0.592652 0.592652 1 1 0
0.113775 0.592517 0.592517 1 1 0
0.113911 0.592382 0.592382 1 1 0
0.114047 0.592248 0.592248 1 1 0
0.114184 0.592113 0.592113 1 1 0
0.114321 0.591978 0.591978 1 1 0
0.114458 0.591843 0.591843 1 1 0
0.114595 0.591708 0.591708 1 1 0
0.114733 0.591573 0.591573 1 1 0
0.114871 0.591438 0.591438 1 1 0
0.11501 0.591303 0.591303 1 1 0
0.115148 0.591168 0.591168 1 1 0
0.115288 0.591033 0.591033 1 1 0
0.115427 0.590897 0.590897 1 1 0
0.115567 0.590762 0.590762 1 1 0
0.115707 0.590627 0.590627 1 1 0
0.115847 0.590492 0.590492 1 1 0
0.115988 0.590357 0.590357 1 1 0
0.116129 0.590221 0.590221 1 1 0
0.11627 0.590086 0.590086 1 1 0
0.116411 0.58995 0.58995 1 1 0
0.116553 0.589815 0.589815 1 1 0
0.116696 0.58968 0.58968 1 1 0
0.116838 0.589544 0.589544 1 1 0
0.116981 0.589409 0.589409 1 1 0
0.117124 0.589273 0.589273 1 1 0
0.117268 0.589138 0.589138 1 1 0
0.117412 0.589002 0.589002 1 1 0
0.117556 0.588866 0.588866 1 1 0
0.1177 0.588731 0.588731 1 1 0
0.117845 0.588595 0.588595 1 1 0
0.117991 0.588459 0.588459 1 1 0
0.118136 0.588324 0.588324 1 1 0
0.118282 0.588188 0.588188 1 1 0
0.118428 0.588052 0.588052 1 1 0
0.118575 0.587916 0.587916 1 1 0
0.118722 0.58778 0.58778 1 1 0
0.118869 0.587645 0.587645 1 1 0
0.119017 0.587509 0.587509 1 1 0
0.119165 0.587373 0.587373 1 1 0
0.119313 0.587237 0.587237 1 1 0
0.119462 0.587101 0.587101 1 1 0
0.119596 0.586978 0.586978 2 1 0
0.119746 0.586842 0.586842 2 1 0
0.119895 0.586706 0.586706 2 1 0
0.120045 0.58657 0.58657 2 1 0
0.120196 0.586434 0.586434 2 1 0
0.120346 0.586298 0.586298 2 1 0
0.120498 0.586161 0.586161 2 1 0
0.120649 0.586025 0.586025 2 1 0
0.120801 0.585889 0.585889 2 1 0
0.120953 0.585753 0.585753 2 1 0
0.121106 0.585617 0.585617 2 1 0
0.121259 0.58548 0.58548 2 1 0
0.121412 0.585344 0.585344 2 1 0
0.121566 0.585208 0.585208 2 1 0
0.12172 0.585071 0.585071 2 1 0
0.121874 0.584935 0.584935 2 1 0
0.122029 0.584799 0.584799 2 1 0
0.122184 0.584662 0.584662 2 1 0
0.12234 0.584526 0.584526 2 1 0
0.122496 0.584389 0.584389 2 1 0
0.122652 0.584253 0.584253 2 1 0
0.122809 0.584117 0.584117 2 1 0
0.122966 0.58398 0.58398 2 1 0
0.123123 0.583844 0.583844 2 1 0
0.123281 0.583707 0.583707 2 1 0
0.123439 0.58357 0.58357 2 1 0
0.123598 0.583434 0.583434 2 1 0
0.123757 0.583297 0.583297 2 1 0
0.123917 0.583161 0.583161 2 1 0
0.124076 0.583024 0.583024 2 1 0
0.124237 0.582887 0.582887 2 1 0
0.124397 0.582751 0.582751 2 1 0
0.124558 0.582614 0.582614 2 1 0
0.12472 0.582477 0.582477 2 1 0
0.124881 0.582341 0.582341 2 1 0
0.125044 0.582204 0.582204 2 1 0
0.125206 0.582067 0.582067 2 1 0
0.125369 0.58193 0.58193 2 1 0
0.125533 0.581794 0.581794 2 1 0
0.125697 0.581657 0.581657 2 1 0
0.125861 0.58152 0.58152 2 1 0
0.126026 0.581383 0.581383 2 1 0
0.126191 0.581246 0.581246 2 1 0
0.126356 0.581109 0.581109 2 1 0
0.126522 0.580973 0.580973 2 1 0
0.126689 0.580836 0.580836 2 1 0
0.126856 0.580699 0.580699 2 1 0
0.127023 0.580562 0.580562 2 1 0
0.12719 0.580425 0.580425 2 1 0
0.127359 0.580288 0.580288 2 1 0
0.127527 0.580151 0.580151 2 1 0
0.127696 0.580014 0.580014 2 1 0
0.127865 0.579877 0.579877 2 1 0
0.128035 0.57974 0.57974 2 1 0
0.128205 0.579603 0.579603 2 1 0
0.128376 0.579466 0.579466 2 1 0
0.128547 0.579329 0.579329 2 1 0
0.128719 0.579192 0.579192 2 1 0
0.128891 0.579055 0.579055 2 1 0
0.129063 0.578918 0.578918 2 1 0
0.129063 0.578918 0.578918 2 1 0
0.129236 0.578781 0.578781 2 1 0
0.12941 0.578644 0.578644 2 1 0
0.129584 0.578507 0.578507 2 1 0
0.129758 0.57837 0.57837 2 1 0
0.129933 0.578233 0.578233 2 1 0
0.130108 0.578095 0.578095 2 1 0
0.130283 0.577958 0.577958 2 1 0
0.13046 0.577821 0.577821 2 1 0
0.130636 0.577684 0.577684 2 1 0
0.130813 0.577547 0.577547 2 1 0
0.130991 0.57741 0.57741 2 1 0
0.131169 0.577273 0.577273 2 1 0
0.131347 0.577135 0.577135 2 1 0
0.131526 0.576998 0.576998 2 1 0
0.131706 0.576861 0.576861 2 1 0
0.131886 0.576724 0.576724 2 1 0
0.132066 0.576587 0.576587 2 1 0
0.132247 0.57645 0.57645 2 1 0
0.132428 0.576312 0.576312 2 1 0
0.13261 0.576175 0.576175 2 1 0
0.132792 0.576038 0.576038 2 1 0
0.132975 0.575901 0.575901 2 1 0
0.133158 0.575764 0.575764 2 1 0
0.133342 0.575626 0.575626 2 1 0
0.133526 0.575489 0.575489 2 1 0
0.133711 0.575352 0.575352 2 1 0
0.133896 0.575215 0.575215 2 1 0
0.134082 0.575077 0.575077 2 1 0
0.134269 0.57494 0.57494 2 1 0
0.134455 0.574803 0.574803 2 1 0
0.134643 0.574666 0.574666 2 1 0
0.13483 0.574528 0.574528 2 1 0
0.135019 0.574391 0.574391 2 1 0
0.135208 0.574254 0.574254 2 1 0
0.135397 0.574117 0.574117 2 1 0
0.135587 0.573979 0.573979 2 1 0
0.135777 0.573842 0.573842 2 1 0
0.135968 0.573705 0.573705 2 1 0
0.13616 0.573568 0.573568 2 1 0
0.136352 0.57343 0.57343 2 1 0
0.136544 0.573293 0.573293 2 1 0
0.136737 0.573156 0.573156 2 1 0
0.136931 0.573019 0.573019 2 1 0
0.137125 0.572881 0.572881 2 1 0
0.137319 0.572744 0.572744 2 1 0
0.137515 0.572607 0.572607 2 1 0
0.13771 0.57247 0.57247 2 1 0
0.137906 0.572332 0.572332 2 1 0
0.138103 0.572195 0.572195 2 1 0
0.138301 0.572058 0.572058 2 1 0
0.138499 0.571921 0.571921 2 1 0
0.138697 0.571784 0.571784 2 1 0
0.138896 0.571646 0.571646 2 1 0
0.139096 0.571509 0.571509 2 1 0
0.139296 0.571372 0.571372 2 1 0
0.139497 0.571235 0.571235 2 1 0
0.139698 0.571097 0.571097 2 1 0
0.1399 0.57096 0.57096 2 1 0
0.140102 0.570823 0.570823 2 1 0
0.140305 0.570686 0.570686 2 1 0
0.140509 0.570549 0.570549 2 1 0
0.140713 0.570412 0.570412 2 1 0
0.140917 0.570274 0.570274 2 1 0
0.141123 0.570137 0.570137 2 1 0
0.141329 0.57 0.57 2 1 0
0.141535 0.569863 0.569863 2 1 0
0.141742 0.569726 0.569726 2 1 0
0.14195 0.569589 0.569589 2 1 0
0.142158 0.569452 0.569452 2 1 0
0.142367 0.569314 0.569314 2 1 0
0.142576 0.569177 0.569177 2 1 0
0.142786 0.56904 0.56904 2 1 0
0.142997 0.568903 0.568903 2 1 0
0.143208 0.568766 0.568766 2 1 0
0.14342 0.568629 0.568629 2 1 0
0.143633 0.568492 0.568492 2 1 0
0.143846 0.568355 0.568355 2 1 0
0.144059 0.568218 0.568218 2 1 0
0.144274 0.568081 0.568081 2 1 0
0.144489 0.567944 0.567944 2 1 0
0.144704 0.567807 0.567807 2 1 0
0.14492 0.56767 0.56767 2 1 0
0.145137 0.567533 0.567533 2 1 0
0.145355 0.567396 0.567396 2 1 0
0.145573 0.567259 0.567259 2 1 0
0.145792 0.567122 0.567122 2 1 0
0.146011 0.566985 0.566985 2 1 0
0.146231 0.566848 0.566848 2 1 0
0.146452 0.566711 0.566711 2 1 0
0.146673 0.566574 0.566574 2 1 0
0.146895 0.566438 0.566438 2 1 0
0.147118 0.566301 0.566301 2 1 0
0.147341 0.566164 0.566164 2 1 0
0.147565 0.566027 0.566027 2 1 0
0.147789 0.56589 0.56589 2 1 0
0.148015 0.565754 0.565754 2 1 0
0.14824 0.565617 0.565617 2 1 0
0.148467 0.56548 0.56548 2 1 0
0.148694 0.565343 0.565343 2 1 0
0.148922 0.565207 0.565207 2 1 0
0.149151 0.56507 0.56507 2 1 0
0.14938 0.564933 0.564933 2 1 0
0.14961 0.564796 0.564796 2 1 0
0.149841 0.56466 0.56466 2 1 0
0.150072 0.564523 0.564523 2 1 0
0.150304 0.564387 0.564387 2 1 0
0.150537 0.56425 0.56425 2 1 0
0.15077 0.564113 0.564113 2 1 0
0.151005 0.563977 0.563977 2 1 0
0.15124 0.56384 0.56384 2 1 0
0.151475 0.563704 0.563704 2 1 0
0.151711 0.563567 0.563567 2 1 0
0.151948 0.563431 0.563431 2 1 0
0.152186 0.563294 0.563294 2 1 0
0.152424 0.563158 0.563158 2 1 0
0.152664 0.563022 0.563022 2 1 0
0.152903 0.562885 0.562885 2 1 0
0.153144 0.562749 0.562749 2 1 0
0.153385 0.562613 0.562613 2 1 0
0.153627 0.562476 0.562476 2 1 0
0.15387 0.56234 0.56234 2 1 0
0.154114 0.562204 0.562204 2 1 0
0.154358 0.562067 0.562067 2 1 0
0.154603 0.561931 0.561931 2 1 0
0.154849 0.561795 0.561795 2 1 0
0.155095 0.561659 0.561659 2 1 0
0.155343 0.561523 0.561523 2 1 0
0.155591 0.561387 0.561387 2 1 0
0.15584 0.56125 0.56125 2 1 0
0.156089 0.561114 0.561114 2 1 0
0.156339 0.560978 0.560978 2 1 0
0.156591 0.560842 0.560842 2 1 0
0.156842 0.560706 0.560706 2 1 0
0.157095 0.56057 0.56057 2 1 0
0.157349 0.560434 0.560434 2 1 0
0.157603 0.560298 0.560298 2 1 0
0.157858 0.560163 0.560163 2 1 0
0.158114 0.560027 0.560027 2 1 0
0.15837 0.559891 0.559891 2 1 0
0.158628 0.559755 0.559755 2 1 0
0.158886 0.559619 0.559619 2 1 0
0.159145 0.559484 0.559484 2 1 0
0.159405 0.559348 0.559348 2 1 0
0.159665 0.559212 0.559212 2 1 0
0.159927 0.559077 0.559077 2 1 0
0.160189 0.558941 0.558941 2 1 0
0.160452 0.558805 0.558805 2 1 0
0.160716 0.55867 0.55867 2 1 0
0.160981 0.558534 0.558534 2 1 0
0.161246 0.558399 0.558399 2 1 0
0.161513 0.558263 0.558263 2 1 0
0.16178 0.558128 0.558128 2 1 0
0.162048 0.557992 0.557992 2 1 0
0.162317 0.557857 0.557857 2 1 0
0.162586 0.557722 0.557722 2 1 0
0.162857 0.557586 0.557586 2 1 0
0.163129 0.557451 0.557451 2 1 0
0.163401 0.557316 0.557316 2 1 0
0.163674 0.557181 0.557181 2 1 0
0.163948 0.557046 0.557046 2 1 0
0.164223 0.55691 0.55691 2 1 0
0.164499 0.556775 0.556775 2 1 0
0.164776 0.55664 0.55664 2 1 0
0.165053 0.556505 0.556505 2 1 0
0.165332 0.55637 0.55637 2 1 0
0.165611 0.556235 0.556235 2 1 0
0.165891 0.5561 0.5561 2 1 0
0.166172 0.555966 0.555966 2 1 0
0.166454 0.555831 0.555831 2 1 0
0.166737 0.555696 0.555696 2 1 0
0.167021 0.555561 0.555561 2 1 0
0.167306 0.555426 0.555426 2 1 0
0.167591 0.555292 0.555292 2 1 0
0.167878 0.555157 0.555157 2 1 0
0.168165 0.555023 0.555023 2 1 0
0.168454 0.554888 0.554888 2 1 0
0.168743 0.554753 0.554753 2 1 0
0.169033 0.554619 0.554619 2 1 0
0.169325 0.554484 0.554484 2 1 0
0.169617 0.55435 0.55435 2 1 0
0.16991 0.554216 0.554216 2 1 0
0.170204 0.554081 0.554081 2 1 0
0.170499 0.553947 0.553947 2 1 0
0.170795 0.553813 0.553813 2 1 0
0.171092 0.553679 0.553679 2 1 0
0.17139 0.553544 0.553544 2 1 0
0.171688 0.55341 0.55341 2 1 0
0.171988 0.553276 0.553276 2 1 0
0.172289 0.553142 0.553142 2 1 0
0.172591 0.553008 0.553008 2 1 0
0.172894 0.552874 0.552874 2 1 0
0.173197 0.55274 0.55274 2 1 0
0.173502 0.552607 0.552607 2 1 0
0.173808 0.552473 0.552473 2 1 0
0.174114 0.552339 0.552339 2 1 0
0.174422 0.552205 0.552205 2 1 0
0.174731 0.552072 0.552072 2 1 0
0.175041 0.551938 0.551938 2 1 0
0.175351 0.551804 0.551804 2 1 0
0.175663 0.551671 0.551671 2 1 0
0.175976 0.551537 0.551537 2 1 0
0.17629 0.551404 0.551404 2 1 0
0.176605 0.551271 0.551271 2 1 0
0.176921 0.551137 0.551137 2 1 0
0.177238 0.551004 0.551004 2 1 0
0.177556 0.550871 0.550871 2 1 0
0.177875 0.550737 0.550737 2 1 0
0.178195 0.550604 0.550604 2 1 0
0.178516 0.550471 0.550471 2 1 0
0.178838 0.550338 0.550338 2 1 0
0.179162 0.550205 0.550205 2 1 0
0.179486 0.550072 0.550072 2 1 0
0.179811 0.549939 0.549939 2 1 0
0.180138 0.549806 0.549806 2 1 0
0.180466 0.549674 0.549674 2 1 0
0.180794 0.549541 0.549541 2 1 0
0.181124 0.549408 0.549408 2 1 0
0.181455 0.549275 0.549275 2 1 0
0.181787 0.549143 0.549143 2 1 0
0.18212 0.54901 0.54901 2 1 0
0.182454 0.548878 0.548878 2 1 0
0.18279 0.548745 0.548745 2 1 0
0.183126 0.548613 0.548613 2 1 0
0.183464 0.548481 0.548481 2 1 0
0.183803 0.548348 0.548348 2 1 0
0.184143 0.548216 0.548216 2 1 0
0.184484 0.548084 0.548084 2 1 0
0.184826 0.547952 0.547952 2 1 0
0.185169 0.54782 0.54782 2 1 0
0.185513 0.547688 0.547688 2 1 0
0.185859 0.547556 0.547556 2 1 0
0.186206 0.547424 0.547424 2 1 0
0.186554 0.547292 0.547292 2 1 0
0.186903 0.54716 0.54716 2 1 0
0.187253 0.547029 0.547029 2 1 0
0.187605 0.546897 0.546897 2 1 0
0.187957 0.546765 0.546765 2 1 0
0.188311 0.546634 0.546634 2 1 0
0.188666 0.546502 0.546502 2 1 0
0.189023 0.546371 0.546371 2 1 0
0.18938 0.54624 0.54624 2 1 0
0.189739 0.546108 0.546108 2 1 0
0.190099 0.545977 0.545977 2 1 0
0.19046 0.545846 0.545846 2 1 0
0.190822 0.545715 0.545715 2 1 0
0.191186 0.545584 0.545584 2 1 0
0.191551 0.545453 0.545453 2 1 0
0.191917 0.545322 0.545322 2 1 0
0.192284 0.545191 0.545191 2 1 0
0.192652 0.54506 0.54506 2 1 0
0.193022 0.544929 0.544929 2 1 0
0.193393 0.544798 0.544798 2 1 0
0.193766 0.544668 0.544668 2 1 0
0.194139 0.544537 0.544537 2 1 0
0.194514 0.544407 0.544407 2 1 0
0.19489 0.544276 0.544276 2 1 0
0.195268 0.544146 0.544146 2 1 0
0.195647 0.544016 0.544016 2 1 0
0.196027 0.543885 0.543885 2 1 0
0.196408 0.543755 0.543755 2 1 0
0.196791 0.543625 0.543625 2 1 0
0.197175 0.543495 0.543495 2 1 0
0.19756 0.543365 0.543365 2 1 0
0.197947 0.543235 0.543235 2 1 0
0.198335 0.543105 0.543105 2 1 0
0.198724 0.542975 0.542975 2 1 0
0.199115 0.542846 0.542846 2 1 0
0.199507 0.542716 0.542716 2 1 0
0.1999 0.542586 0.542586 2 1 0
0.200295 0.542457 0.542457 2 1 0
0.200691 0.542327 0.542327 2 1 0
0.201088 0.542198 0.542198 2 1 0
0.201487 0.542069 0.542069 2 1 0
0.201887 0.541939 0.541939 2 1 0
0.202289 0.54181 0.54181 2 1 0
0.202692 0.541681 0.541681 2 1 0
0.203096 0.541552 0.541552 2 1 0
0.203502 0.541423 0.541423 2 1 0
0.203909 0.541294 0.541294 2 1 0
0.204318 0.541165 0.541165 2 1 0
0.204728 0.541036 0.541036 2 1 0
0.205139 0.540908 0.540908 2 1 0
0.205552 0.540779 0.540779 2 1 0
0.205966 0.54065 0.54065 2 1 0
0.206382 0.540522 0.540522 2 1 0
0.206799 0.540394 0.540394 2 1 0
0.207218 0.540265 0.540265 2 1 0
0.207638 0.540137 0.540137 2 1 0
0.208059 0.540009 0.540009 2 1 0
0.208482 0.539881 0.539881 2 1 0
0.208907 0.539753 0.539753 2 1 0
0.209333 0.539625 0.539625 2 1 0
0.20976 0.539497 0.539497 2 1 0
0.210189 0.539369 0.539369 2 1 0
0.21062 0.539241 0.539241 2 1 0
0.211052 0.539114 0.539114 2 1 0
0.211485 0.538986 0.538986 2 1 0
0.21192 0.538858 0.538858 2 1 0
0.212357 0.538731 0.538731 2 1 0
0.212795 0.538604 0.538604 2 1 0
0.213234 0.538476 0.538476 2 1 0
0.213676 0.538349 0.538349 2 1 0
0.214118 0.538222 0.538222 2 1 0
0.214562 0.538095 0.538095 2 1 0
0.215008 0.537968 0.537968 2 1 0
0.215456 0.537841 0.537841 2 1 0
0.215905 0.537714 0.537714 2 1 0
0.216355 0.537588 0.537588 2 1 0
0.216807 0.537461 0.537461 2 1 0
0.217261 0.537334 0.537334 2 1 0
0.217716 0.537208 0.537208 2 1 0
0.218173 0.537081 0.537081 2 1 0
0.218632 0.536955 0.536955 2 1 0
0.219092 0.536829 0.536829 2 1 0
0.219553 0.536703 0.536703 2 1 0
0.220017 0.536577 0.536577 2 1 0
0.220482 0.536451 0.536451 2 1 0
0.220948 0.536325 0.536325 2 1 0
0.221417 0.536199 0.536199 2 1 0
0.221887 0.536073 0.536073 2 1 0
0.222358 0.535947 0.535947 2 1 0
0.222832 0.535822 0.535822 2 1 0
0.223307 0.535696 0.535696 2 1 0
0.223783 0.535571 0.535571 2 1 0
0.224262 0.535445 0.535445 2 1 0
0.224742 0.53532 0.53532 2 1 0
0.225223 0.535195 0.535195 2 1 0
0.225707 0.53507 0.53507 2 1 0
0.226192 0.534945 0.534945 2 1 0
0.226679 0.53482 0.53482 2 1 0
0.227167 0.534695 0.534695 2 1 0
0.227658 0.53457 0.53457 2 1 0
0.22815 0.534446 0.534446 2 1 0
0.228644 0.534321 0.534321 2 1 0
0.229139 0.534197 0.534197 2 1 0
0.229636 0.534072 0.534072 2 1 0
0.230136 0.533948 0.533948 2 1 0
0.230636 0.533824 0.533824 2 1 0
0.231139 0.5337 0.5337 2 1 0
0.231644 0.533576 0.533576 2 1 0
0.23215 0.533452 0.533452 2 1 0
0.232658 0.533328 0.533328 2 1 0
0.233168 0.533204 0.533204 2 1 0
0.233679 0.53308 0.53308 2 1 0
0.234193 0.532957 0.532957 2 1 0
0.234708 0.532833 0.532833 2 1 0
0.235225 0.53271 0.53271 2 1 0
0.235744 0.532587 0.532587 2 1 0
0.236265 0.532463 0.532463 2 1 0
0.236788 0.53234 0.53234 2 1 0
0.237313 0.532217 0.532217 2 1 0
0.237839 0.532094 0.532094 2 1 0
0.238367 0.531971 0.531971 2 1 0
0.238898 0.531849 0.531849 2 1 0
0.23943 0.531726 0.531726 2 1 0
0.239964 0.531603 0.531603 2 1 0
0.2405 0.531481 0.531481 2 1 0
0.241038 0.531359 0.531359 2 1 0
0.241577 0.531236 0.531236 2 1 0
0.242119 0.531114 0.531114 2 1 0
0.242663 0.530992 0.530992 2 1 0
0.243208 0.53087 0.53087 2 1 0
0.243756 0.530748 0.530748 2 1 0
0.244305 0.530626 0.530626 2 1 0
0.244857 0.530505 0.530505 2 1 0
0.24541 0.530383 0.530383 2 1 0
0.245966 0.530261 0.530261 2 1 0
0.246523 0.53014 0.53014 2 1 0
0.247083 0.530019 0.530019 2 1 0
0.247644 0.529897 0.529897 2 1 0
0.248207 0.529776 0.529776 2 1 0
0.248773 0.529655 0.529655 2 1 0
0.24934 0.529534 0.529534 2 1 0
0.24991 0.529413 0.529413 2 1 0
0.250481 0.529293 0.529293 2 1 0
0.251055 0.529172 0.529172 2 1 0
0.251631 0.529052 0.529052 2 1 0
0.252208 0.528931 0.528931 2 1 0
0.252788 0.528811 0.528811 2 1 0
0.25337 0.528691 0.528691 2 1 0
0.253954 0.528571 0.528571 2 1 0
0.25454 0.52845 0.52845 2 1 0
0.255128 0.528331 0.528331 2 1 0
0.255719 0.528211 0.528211 2 1 0
0.256311 0.528091 0.528091 2 1 0
0.256906 0.527971 0.527971 2 1 0
0.257502 0.527852 0.527852 2 1 0
0.258101 0.527733 0.527733 2 1 0
0.258702 0.527613 0.527613 2 1 0
0.259305 0.527494 0.527494 2 1 0
0.259911 0.527375 0.527375 2 1 0
0.260518 0.527256 0.527256 2 1 0
0.261128 0.527137 0.527137 2 1 0
0.26174 0.527018 0.527018 2 1 0
0.262354 0.5269 0.5269 2 1 0
0.26297 0.526781 0.526781 2 1 0
0.263589 0.526663 0.526663 2 1 0
0.264209 0.526544 0.526544 2 1 0
0.264832 0.526426 0.526426 2 1 0
0.265458 0.526308 0.526308 2 1 0
0.266085 0.52619 0.52619 2 1 0
0.266715 0.526072 0.526072 2 1 0
0.267347 0.525954 0.525954 2 1 0
0.267981 0.525836 0.525836 2 1 0
0.268617 0.525719 0.525719 2 1 0
0.269256 0.525601 0.525601 2 1 0
0.269897 0.525484 0.525484 2 1 0
0.27052 0.52537 0.52537 2 1 0
0.271166 0.525253 0.525253 1 1 0
0.271814 0.525136 0.525136 1 1 0
0.272464 0.525019 0.525019 1 1 0
0.273117 0.524902 0.524902 1 1 0
0.273772 0.524786 0.524786 1 1 0
0.274429 0.524669 0.524669 1 1 0
0.275089 0.524553 0.524553 1 1 0
0.275751 0.524436 0.524436 1 1 0
0.276416 0.52432 0.52432 1 1 0
0.277082 0.524204 0.524204 1 1 0
0.277752 0.524088 0.524088 1 1 0
0.278423 0.523972 0.523972 1 1 0
0.279098 0.523856 0.523856 1 1 0
0.279774 0.52374 0.52374 1 1 0
0.280453 0.523625 0.523625 1 1 0
0.281135 0.523509 0.523509 1 1 0
0.281818 0.523394 0.523394 1 1 0
0.282505 0.523279 0.523279 1 1 0
0.283194 0.523164 0.523164 1 1 0
0.283885 0.523049 0.523049 1 1 0
0.284579 0.522934 0.522934 1 1 0
0.285275 0.522819 0.522819 1 1 0
0.285974 0.522704 0.522704 1 1 0
0.286675 0.52259 0.52259 1 1 0
0.287379 0.522475 0.522475 1 1 0
0.288085 0.522361 0.522361 1 1 0
0.288794 0.522247 0.522247 1 1 0
0.289505 0.522133 0.522133 1 1 0
0.290219 0.522019 0.522019 1 1 0
0.290936 0.521905 0.521905 1 1 0
0.291655 0.521791 0.521791 1 1 0
0.292377 0.521678 0.521678 1 1 0
0.293101 0.521564 0.521564 1 1 0
0.293828 0.521451 0.521451 1 1 0
0.294557 0.521337 0.521337 1 1 0
0.29529 0.521224 0.521224 1 1 0
0.296024 0.521111 0.521111 1 1 0
0.296762 0.520998 0.520998 1 1 0
0.297502 0.520886 0.520886 1 1 0
0.298244 0.520773 0.520773 1 1 0
0.29899 0.520661 0.520661 1 1 0
0.299738 0.520548 0.520548 1 1 0
0.300489 0.520436 0.520436 1 1 0
0.301242 0.520324 0.520324 1 1 0
0.301998 0.520212 0.520212 1 1 0
0.302757 0.5201 0.5201 1 1 0
0.303519 0.519988 0.519988 1 1 0
0.304283 0.519876 0.519876 1 1 0
0.30505 0.519765 0.519765 1 1 0
0.30582 0.519654 0.519654 1 1 0
0.306592 0.519542 0.519542 1 1 0
0.307368 0.519431 0.519431 1 1 0
0.308146 0.51932 0.51932 1 1 0
0.308926 0.519209 0.519209 1 1 0
0.30971 0.519098 0.519098 1 1 0
0.310497 0.518988 0.518988 1 1 0
0.311286 0.518877 0.518877 1 1 0
0.312078 0.518767 0.518767 1 1 0
0.312873 0.518657 0.518657 1 1 0
0.313671 0.518546 0.518546 1 1 0
0.314471 0.518436 0.518436 1 1 0
0.315275 0.518327 0.518327 1 1 0
0.316081 0.518217 0.518217 1 1 0
0.31689 0.518107 0.518107 1 1 0
0.317703 0.517998 0.517998 1 1 0
0.318518 0.517888 0.517888 1 1 0
0.319336 0.517779 0.517779 1 1 0
0.320156 0.51767 0.51767 1 1 0
0.32098 0.517561 0.517561 1 1 0
0.321807 0.517452 0.517452 1 1 0
0.322637 0.517343 0.517343 1 1 0
0.323469 0.517235 0.517235 1 1 0
0.324305 0.517126 0.517126 1 1 0
0.325144 0.517018 0.517018 1 1 0
0.325985 0.51691 0.51691 1 1 0
0.32683 0.516802 0.516802 1 1 0
0.327677 0.516694 0.516694 1 1 0
0.328528 0.516586 0.516586 1 1 0
0.329381 0.516479 0.516479 1 1 0
0.330238 0.516371 0.516371 1 1 0
0.331098 0.516264 0.516264 1 1 0
0.33196 0.516156 0.516156 1 1 0
0.332826 0.516049 0.516049 1 1 0
0.333695 0.515942 0.515942 1 1 0
0.334567 0.515835 0.515835 1 1 0
0.335442 0.515729 0.515729 1 1 0
0.33632 0.515622 0.515622 1 1 0
0.337202 0.515516 0.515516 1 1 0
0.338086 0.515409 0.515409 1 1 0
0.338974 0.515303 0.515303 1 1 0
0.339864 0.515197 0.515197 1 1 0
0.340758 0.515091 0.515091 1 1 0
0.341655 0.514985 0.514985 1 1 0
0.342555 0.51488 0.51488 1 1 0
0.343459 0.514774 0.514774 1 1 0
0.344365 0.514669 0.514669 1 1 0
0.345275 0.514564 0.514564 1 1 0
0.346188 0.514459 0.514459 1 1 0
0.347104 0.514354 0.514354 1 1 0
0.348023 0.514249 0.514249 1 1 0
0.348946 0.514144 0.514144 1 1 0
0.349872 0.51404 0.51404 1 1 0
0.350801 0.513936 0.513936 1 1 0
0.351734 0.513831 0.513831 1 1 0
0.352669 0.513727 0.513727 1 1 0
0.353608 0.513623 0.513623 1 1 0
0.354551 0.513519 0.513519 1 1 0
0.355496 0.513416 0.513416 1 1 0
0.356445 0.513312 0.513312 1 1 0
0.357397 0.513209 0.513209 1 1 0
0.358353 0.513106 0.513106 1 1 0
0.359312 0.513003 0.513003 1 1 0
0.360274 0.5129 0.5129 1 1 0
0.36124 0.512797 0.512797 1 1 0
0.362209 0.512694 0.512694 1 1 0
0.363182 0.512592 0.512592 1 1 0
0.364158 0.512489 0.512489 1 1 0
0.365137 0.512387 0.512387 1 1 0
0.36612 0.512285 0.512285 1 1 0
0.367106 0.512183 0.512183 1 1 0
0.368095 0.512081 0.512081 1 1 0
0.369088 0.511979 0.511979 1 1 0
0.370085 0.511878 0.511878 1 1 0
0.371085 0.511777 0.511777 1 1 0
0.372088 0.511675 0.511675 1 1 0
0.373095 0.511574 0.511574 1 1 0
0.374106 0.511473 0.511473 1 1 0
0.37512 0.511373 0.511373 1 1 0
0.376137 0.511272 0.511272 1 1 0
0.377158 0.511171 0.511171 1 1 0
0.378183 0.511071 0.511071 1 1 0
0.379211 0.510971 0.510971 1 1 0
0.380243 0.510871 0.510871 1 1 0
0.381278 0.510771 0.510771 1 1 0
0.382317 0.510671 0.510671 1 1 0
0.383359 0.510572 0.510572 1 1 0
0.384406 0.510472 0.510472 1 1 0
0.385455 0.510373 0.510373 1 1 0
0.386509 0.510274 0.510274 1 1 0
0.387566 0.510175 0.510175 1 1 0
0.388626 0.510076 0.510076 1 1 0
0.38969 0.509977 0.509977 1 1 0
0.390758 0.509879 0.509879 1 1 0
0.39183 0.50978 0.50978 1 1 0
0.392905 0.509682 0.509682 1 1 0
0.393984 0.509584 0.509584 1 1 0
0.395067 0.509486 0.509486 1 1 0
0.396153 0.509388 0.509388 1 1 0
0.397244 0.509291 0.509291 1 1 0
0.398338 0.509193 0.509193 1 1 0
0.399435 0.509096 0.509096 1 1 0
0.400537 0.508999 0.508999 1 1 0
0.401642 0.508902 0.508902 1 1 0
0.402751 0.508805 0.508805 1 1 0
0.403863 0.508708 0.508708 1 1 0
0.40498 0.508612 0.508612 1 1 0
0.4061 0.508515 0.508515 1 1 0
0.407225 0.508419 0.508419 1 1 0
0.408353 0.508323 0.508323 1 1 0
0.409484 0.508227 0.508227 1 1 0
0.41062 0.508131 0.508131 1 1 0
0.41176 0.508036 0.508036 1 1 0
0.412903 0.50794 0.50794 1 1 0
0.414051 0.507845 0.507845 1 1 0
0.415202 0.50775 0.50775 1 1 0
0.416357 0.507655 0.507655 1 1 0
0.417516 0.50756 0.50756 1 1 0
0.418679 0.507465 0.507465 1 1 0
0.419846 0.507371 0.507371 1 1 0
0.421017 0.507276 0.507276 1 1 0
0.422191 0.507182 0.507182 1 1 0
0.42337 0.507088 0.507088 1 1 0
0.424553 0.506994 0.506994 1 1 0
0.42574 0.5069 0.5069 1 1 0
0.42693 0.506807 0.506807 1 1 0
0.428125 0.506714 0.506714 1 1 0
0.429324 0.50662 0.50662 1 1 0
0.430527 0.506527 0.506527 1 1 0
0.431733 0.506434 0.506434 1 1 0
0.432944 0.506342 0.506342 1 1 0
0.434159 0.506249 0.506249 1 1 0
0.435378 0.506156 0.506156 1 1 0
0.436601 0.506064 0.506064 1 1 0
0.437828 0.505972 0.505972 1 1 0
0.439059 0.50588 0.50588 1 1 0
0.440295 0.505788 0.505788 1 1 0
0.441534 0.505697 0.505697 1 1 0
0.442778 0.505605 0.505605 1 1 0
0.444025 0.505514 0.505514 1 1 0
0.445277 0.505423 0.505423 1 1 0
0.446533 0.505332 0.505332 1 1 0
0.447793 0.505241 0.505241 1 1 0
0.449058 0.50515 0.50515 1 1 0
0.450326 0.50506 0.50506 1 1 0
0.451599 0.50497 0.50497 1 1 0
0.452876 0.50488 0.50488 1 1 0
0.454157 0.50479 0.50479 1 1 0
0.455442 0.5047 0.5047 1 1 0
0.456732 0.50461 0.50461 1 1 0
0.458026 0.504521 0.504521 1 1 0
0.459324 0.504431 0.504431 1 1 0
0.460626 0.504342 0.504342 1 1 0
0.461933 0.504253 0.504253 1 1 0
0.463244 0.504164 0.504164 1 1 0
0.464559 0.504076 0.504076 1 1 0
0.465878 0.503987 0.503987 1 1 0
0.467202 0.503899 0.503899 1 1 0
0.46853 0.503811 0.503811 1 1 0
0.469863 0.503723 0.503723 1 1 0
0.4712 0.503635 0.503635 1 1 0
0.472541 0.503547 0.503547 1 1 0
0.473886 0.50346 0.50346 1 1 0
0.475236 0.503373 0.503373 1 1 0
0.47659 0.503285 0.503285 1 1 0
0.477949 0.503198 0.503198 1 1 0
0.479312 0.503112 0.503112 1 1 0
0.48068 0.503025 0.503025 1 1 0
0.482052 0.502939 0.502939 1 1 0
0.483428 0.502852 0.502852 1 1 0
0.484809 0.502766 0.502766 1 1 0
0.486194 0.50268 0.50268 1 1 0
0.487583 0.502594 0.502594 1 1 0
0.488978 0.502509 0.502509 1 1 0
0.490376 0.502423 0.502423 1 1 0
0.491779 0.502338 0.502338 1 1 0
0.493187 0.502253 0.502253 1 1 0
0.494599 0.502168 0.502168 1 1 0
0.496016 0.502083 0.502083 1 1 0
0.497437 0.501999 0.501999 1 1 0
0.498862 0.501915 0.501915 1 1 0
0.500293 0.50183 0.50183 1 1 0
0.501727 0.501746 0.501746 1 1 0
0.503167 0.501662 0.501662 1 1 0
0.50461 0.501579 0.501579 1 1 0
0.506059 0.501495 0.501495 1 1 0
0.507512 0.501412 0.501412 1 1 0
0.50897 0.501329 0.501329 1 1 0
0.510432 0.501246 0.501246 1 1 0
0.511899 0.501163 0.501163 1 1 0
0.51337 0.50108 0.50108 1 1 0
0.514846 0.500998 0.500998 1 1 0
0.516327 0.500915 0.500915 1 1 0
0.517812 0.500833 0.500833 1 1 0
0.519302 0.500751 0.500751 1 1 0
0.520797 0.50067 0.50067 1 1 0
0.522297 0.500588 0.500588 1 1 0
0.523801 0.500507 0.500507 1 1 0
0.525309 0.500425 0.500425 1 1 0
0.526823 0.500344 0.500344 1 1 0
0.528341 0.500263 0.500263 1 1 0
0.529864 0.500183 0.500183 1 1 0
0.531392 0.500102 0.500102 1 1 0
0.532924 0.500022 0.500022 1 1 0
0.534461 0.499942 0.499942 1 1 0
0.536003 0.499862 0.499862 1 1 0
0.53755 0.499782 0.499782 1 1 0
0.539101 0.499702 0.499702 1 1 0
0.540657 0.499623 0.499623 1 1 0
0.542218 0.499544 0.499544 1 1 0
0.543784 0.499465 0.499465 1 1 0
0.545354 0.499386 0.499386 1 1 0
0.54693 0.499307 0.499307 1 1 0
0.54851 0.499228 0.499228 1 1 0
0.550095 0.49915 0.49915 1 1 0
0.551685 0.499072 0.499072 1 1 0
0.55328 0.498994 0.498994 1 1 0
0.554879 0.498916 0.498916 1 1 0
0.556484 0.498838 0.498838 1 1 0
0.558093 0.498761 0.498761 1 1 0
0.559707 0.498684 0.498684 1 1 0
0.561326 0.498607 0.498607 1 1 0
0.56295 0.49853 0.49853 1 1 0
0.564579 0.498453 0.498453 1 1 0
0.566213 0.498376 0.498376 1 1 0
0.567852 0.4983 0.4983 1 1 0
0.569495 0.498224 0.498224 1 1 0
0.571144 0.498148 0.498148 1 1 0
0.572797 0.498072 0.498072 1 1 0
0.574456 0.497996 0.497996 1 1 0
0.576119 0.497921 0.497921 1 1 0
0.577787 0.497846 0.497846 1 1 0
0.579461 0.497771 0.497771 1 1 0
0.581139 0.497696 0.497696 1 1 0
0.582822 0.497621 0.497621 1 1 0
0.584511 0.497547 0.497547 1 1 0
0.586204 0.497472 0.497472 1 1 0
0.587902 0.497398 0.497398 1 1 0
0.589605 0.497324 0.497324 1 1 0
0.591314 0.49725 0.49725 1 1 0
0.593027 0.497177 0.497177 1 1 0
0.594746 0.497103 0.497103 1 1 0
0.596469 0.49703 0.49703 1 1 0
0.598197 0.496957 0.496957 1 1 0
0.599931 0.496884 0.496884 1 1 0
0.60167 0.496812 0.496812 1 1 0
0.603413 0.496739 0.496739 1 1 0
0.605162 0.496667 0.496667 1 1 0
0.606916 0.496595 0.496595 1 1 0
0.608675 0.496523 0.496523 1 1 0
0.610439 0.496451 0.496451 1 1 0
0.612208 0.49638 0.49638 1 1 0
0.613982 0.496308 0.496308 1 1 0
0.615762 0.496237 0.496237 1 1 0
0.617546 0.496166 0.496166 1 1 0
0.619336 0.496095 0.496095 1 1 0
0.621131 0.496025 0.496025 1 1 0
0.62293 0.495954 0.495954 1 1 0
0.624736 0.495884 0.495884 1 1 0
0.626546 0.495814 0.495814 1 1 0
0.628361 0.495744 0.495744 1 1 0
0.630182 0.495675 0.495675 1 1 0
0.632007 0.495605 0.495605 1 1 0
0.633838 0.495536 0.495536 1 1 0
0.635674 0.495467 0.495467 1 1 0
0.637516 0.495398 0.495398 1 1 0
0.639362 0.495329 0.495329 1 1 0
0.641214 0.495261 0.495261 1 1 0
0.643071 0.495193 0.495193 1 1 0
0.644933 0.495124 0.495124 1 1 0
0.6468 0.495057 0.495057 1 1 0
0.648673 0.494989 0.494989 1 1 0
0.650551 0.494921 0.494921 1 1 0
0.652434 0.494854 0.494854 1 1 0
0.654322 0.494787 0.494787 1 1 0
0.656216 0.49472 0.49472 1 1 0
0.658114 0.494653 0.494653 1 1 0
0.660018 0.494586 0.494586 1 1 0
0.661928 0.49452 0.49452 1 1 0
0.663842 0.494454 0.494454 1 1 0
0.665762 0.494388 0.494388 1 1 0
0.667687 0.494322 0.494322 1 1 0
0.669618 0.494257 0.494257 1 1 0
0.671554 0.494191 0.494191 1 1 0
0.673495 0.494126 0.494126 1 1 0
0.675441 0.494061 0.494061 1 1 0
0.677393 0.493996 0.493996 1 1 0
0.67935 0.493931 0.493931 1 1 0
0.681312 0.493867 0.493867 1 1 0
0.683279 0.493803 0.493803 1 1 0
0.685252 0.493739 0.493739 1 1 0
0.687231 0.493675 0.493675 1 1 0
0.689214 0.493611 0.493611 1 1 0
0.691203 0.493548 0.493548 1 1 0
0.693197 0.493484 0.493484 1 1 0
0.695197 0.493421 0.493421 1 1 0
0.697202 0.493358 0.493358 1 1 0
0.699212 0.493296 0.493296 1 1 0
0.701228 0.493233 0.493233 1 1 0
0.703249 0.493171 0.493171 1 1 0
0.705275 0.493109 0.493109 1 1 0
0.707307 0.493047 0.493047 1 1 0
0.709344 0.492985 0.492985 1 1 0
0.711387 0.492924 0.492924 1 1 0
0.713435 0.492862 0.492862 1 1 0
0.715488 0.492801 0.492801 1 1 0
0.717547 0.49274 0.49274 1 1 0
0.719611 0.49268 0.49268 1 1 0
0.721681 0.492619 0.492619 1 1 0
0.723755 0.492559 0.492559 1 1 0
0.725836 0.492499 0.492499 1 1 0
0.727921 0.492439 0.492439 1 1 0
0.730013 0.492379 0.492379 1 1 0
0.732109 0.492319 0.492319 1 1 0
0.734211 0.49226 0.49226 1 1 0
0.736318 0.492201 0.492201 1 1 0
0.738431 0.492142 0.492142 1 1 0
0.74055 0.492083 0.492083 1 1 0
0.742673 0.492025 0.492025 1 1 0
0.744802 0.491966 0.491966 1 1 0
0.746937 0.491908 0.491908 1 1 0
0.749077 0.49185 0.49185 1 1 0
0.751222 0.491793 0.491793 1 1 0
0.753373 0.491735 0.491735 1 1 0
0.755529 0.491678 0.491678 1 1 0
0.757691 0.491621 0.491621 1 1 0
0.759858 0.491564 0.491564 1 1 0
0.762031 0.491507 0.491507 1 1 0
0.764209 0.49145 0.49145 1 1 0
0.766393 0.491394 0.491394 1 1 0
0.768582 0.491338 0.491338 1 1 0
0.770776 0.491282 0.491282 1 1 0
0.772976 0.491226 0.491226 1 1 0
0.775181 0.491171 0.491171 1 1 0
0.777392 0.491115 0.491115 1 1 0
0.779609 0.49106 0.49106 1 1 0
0.781831 0.491005 0.491005 1 1 0
0.784058 0.490951 0.490951 1 1 0
0.786291 0.490896 0.490896 1 1 0
0.788529 0.490842 0.490842 1 1 0
0.790773 0.490787 0.490787 1 1 0
0.793022 0.490734 0.490734 1 1 0
0.795277 0.49068 0.49068 1 1 0
0.797537 0.490626 0.490626 1 1 0
0.799802 0.490573 0.490573 1 1 0
0.802073 0.49052 0.49052 1 1 0
0.80435 0.490467 0.490467 1 1 0
0.806632 0.490414 0.490414 1 1 0
0.80892 0.490362 0.490362 1 1 0
0.811213 0.490309 0.490309 1 1 0
0.813511 0.490257 0.490257 1 1 0
0.815815 0.490205 0.490205 1 1 0
0.818125 0.490154 0.490154 1 1 0
0.82044 0.490102 0.490102 1 1 0
0.822761 0.490051 0.490051 1 1 0
0.825087 0.49 0.49 1 1 0
0.827418 0.489949 0.489949 1 1 0
0.829755 0.489898 0.489898 1 1 0
0.832098 0.489848 0.489848 1 1 0
0.834446 0.489797 0.489797 1 1 0
0.836799 0.489747 0.489747 1 1 0
0.839158 0.489697 0.489697 1 1 0
0.841523 0.489648 0.489648 1 1 0
0.843893 0.489598 0.489598 1 1 0
0.846268 0.489549 0.489549 1 1 0
0.848649 0.4895 0.4895 1 1 0
0.851035 0.489451 0.489451 1 1 0
0.853427 0.489402 0.489402 1 1 0
0.855825 0.489354 0.489354 1 1 0
0.858228 0.489306 0.489306 1 1 0
0.860636 0.489258 0.489258 1 1 0
0.86305 0.48921 0.48921 1 1 0
0.865469 0.489162 0.489162 1 1 0
0.867894 0.489115 0.489115 1 1 0
0.870325 0.489068 0.489068 1 1 0
0.872761 0.489021 0.489021 1 1 0
0.875202 0.488974 0.488974 1 1 0
0.877649 0.488927 0.488927 1 1 0
0.880101 0.488881 0.488881 1 1 0
0.882559 0.488835 0.488835 1 1 0
0.885022 0.488789 0.488789 1 1 0
0.887491 0.488743 0.488743 1 1 0
0.889965 0.488697 0.488697 1 1 0
0.892445 0.488652 0.488652 1 1 0
0.89493 0.488607 0.488607 1 1 0
0.897421 0.488562 0.488562 1 1 0
0.899917 0.488517 0.488517 1 1 0
0.902418 0.488472 0.488472 1 1 0
0.904926 0.488428 0.488428 1 1 0
0.907438 0.488384 0.488384 1 1 0
0.909956 0.48834 0.48834 1 1 0
0.91248 0.488296 0.488296 1 1 0
0.915009 0.488253 0.488253 1 1 0
0.917543 0.488209 0.488209 1 1 0
0.920083 0.488166 0.488166 1 1 0
0.922628 0.488123 0.488123 1 1 0
0.925179 0.488081 0.488081 1 1 0
0.927735 0.488038 0.488038 1 1 0
0.930297 0.487996 0.487996 1 1 0
0.932864 0.487954 0.487954 1 1 0
0.935437 0.487912 0.487912 1 1 0
0.938015 0.48787 0.48787 1 1 0
0.940598 0.487829 0.487829 1 1 0
0.943187 0.487787 0.487787 1 1 0
0.945781 0.487746 0.487746 1 1 0
0.948381 0.487706 0.487706 1 1 0
0.950986 0.487665 0.487665 1 1 0
0.953597 0.487625 0.487625 1 1 0
0.956213 0.487584 0.487584 1 1 0
0.958835 0.487544 0.487544 1 1 0
0.961461 0.487504 0.487504 1 1 0
0.964094 0.487465 0.487465 1 1 0
0.966731 0.487425 0.487425 1 1 0
0.969375 0.487386 0.487386 1 1 0
0.972023 0.487347 0.487347 1 1 0
0.974677 0.487309 0.487309 1 1 0
0.977336 0.48727 0.48727 1 1 0
0.980001 0.487232 0.487232 1 1 0
0.982671 0.487194 0.487194 1 1 0
0.985347 0.487156 0.487156 1 1 0
0.988028 0.487118 0.487118 1 1 0
0.990714 0.48708 0.48708 1 1 0
0.993405 0.487043 0.487043 1 1 0
0.996102 0.487006 0.487006 1 1 0
0.998805 0.486969 0.486969 1 1 0
1.00151 0.486932 0.486932 1 1 0
0.119596 0.586978 0.586978 4 3 0
0.119678 0.58722 0.586616 3 3 0
0.119808 0.587311 0.586334 3 3 0
0.119974 0.587357 0.586047 3 3 0
0.120142 0.587356 0.5858 3 3 0
0.120311 0.587342 0.58557 3 3 0
0.120482 0.587317 0.585347 3 3 0
0.120654 0.587281 0.585137 3 3 0
0.120826 0.587239 0.584931 3 3 0
0.121 0.587192 0.58473 3 3 0
0.121175 0.587139 0.584535 3 3 0
0.12135 0.587082 0.584344 3 3 0
0.121526 0.587022 0.584156 3 3 0
0.121703 0.586959 0.583971 3 3 0
0.121881 0.586893 0.583788 3 3 0
0.12206 0.586825 0.583609 3 3 0
0.122239 0.586754 0.583431 3 3 0
0.122419 0.586682 0.583255 3 3 0
0.1226 0.586608 0.583082 3 3 0
0.122782 0.586532 0.582909 3 3 0
0.122964 0.586455 0.582738 3 3 0
0.123147 0.586376 0.582569 3 3 0
0.123331 0.586296 0.5824 3 3 0
0.123516 0.586215 0.582233 3 3 0
0.123701 0.586133 0.582068 3 3 0
0.123887 0.586049 0.581904 3 3 0
0.124074 0.585965 0.58174 3 3 0
0.124262 0.585879 0.581576 3 3 0
0.12445 0.585793 0.581414 3 3 0
0.124639 0.585707 0.581254 3 3 0
0.124829 0.585619 0.581094 3 3 0
0.12502 0.58553 0.580935 3 3 0
0.125211 0.585441 0.580777 3 3 0
0.125403 0.585353 0.580619 3 3 0
0.125596 0.585263 0.580462 3 3 0
0.12579 0.585171 0.580306 3 3 0
0.125984 0.58508 0.580153 3 3 0
0.126179 0.584988 0.579998 3 3 0
0.126375 0.584895 0.579843 3 3 0
0.126572 0.584802 0.57969 3 3 0
0.12677 0.584708 0.579537 3 3 0
0.126968 0.584614 0.579384 3 3 0
0.127167 0.584519 0.57923 3 3 0
0.127367 0.584423 0.579079 3 3 0
0.127567 0.584328 0.578928 3 3 0
0.127769 0.584231 0.578777 3 3 0
0.127971 0.584135 0.578627 3 3 0
0.128174 0.584038 0.578478 3 3 0
0.128377 0.58394 0.578331 3 3 0
0.128582 0.583843 0.578182 3 3 0
0.128787 0.583744 0.578034 3 3 0
0.128993 0.583646 0.577887 3 3 0
0.1292 0.583547 0.57774 3 3 0
0.129407 0.583448 0.577593 3 3 0
0.129616 0.583348 0.577444 3 3 0
0.129825 0.583248 0.577298 3 3 0
0.130035 0.583148 0.577152 3 3 0
0.130245 0.583047 0.577008 3 3 0
0.130457 0.582947 0.576862 3 3 0
0.130669 0.582845 0.576718 3 3 0
0.130882 0.582744 0.576575 3 3 0
0.131096 0.582642 0.576431 3 3 0
0.131311 0.58254 0.576287 3 3 0
0.131526 0.582438 0.576145 3 3 0
0.131743 0.582335 0.576002 3 3 0
0.13196 0.582232 0.575859 3 3 0
0.132177 0.582129 0.575715 3 3 0
0.132396 0.582026 0.575573 3 3 0
0.132616 0.581922 0.575431 3 3 0
0.132836 0.581818 0.575289 3 3 0
0.133057 0.581714 0.575148 3 3 0
0.133279 0.58161 0.575007 3 3 0
0.133501 0.581505 0.574866 3 3 0
0.133725 0.581401 0.574725 3 3 0
0.133949 0.581296 0.574585 3 3 0
0.134174 0.58119 0.574445 3 3 0
0.1344 0.581085 0.574305 3 3 0
0.134627 0.580979 0.574165 3 3 0
0.134854 0.580873 0.574026 3 3 0
0.135083 0.580767 0.573887 3 3 0
0.135312 0.580661 0.573748 3 3 0
0.135542 0.580555 0.573609 3 3 0
0.135773 0.580448 0.573471 3 3 0
0.136004 0.580341 0.573332 3 3 0
0.136237 0.580234 0.573194 3 3 0
0.13647 0.580127 0.573056 3 3 0
0.136704 0.580019 0.572918 3 3 0
0.136939 0.579912 0.572781 3 3 0
0.137175 0.579804 0.572643 3 3 0
0.137411 0.579696 0.572506 3 3 0
0.137649 0.579588 0.572369 3 3 0
0.137887 0.57948 0.572233 3 3 0
0.138126 0.579371 0.572096 3 3 0
0.138366 0.579263 0.571961 3 3 0
0.138607 0.579154 0.571824 3 3 0
0.138848 0.579045 0.571689 3 3 0
0.13909 0.578936 0.571553 3 3 0
0.139334 0.578826 0.571417 3 3 0
0.139578 0.578717 0.571282 3 3 0
0.139822 0.578607 0.571147 3 3 0
0.140068 0.578498 0.571012 3 3 0
0.140315 0.578388 0.570877 3 3 0
0.140562 0.578278 0.570742 3 3 0
0.14081 0.578167 0.570608 3 3 0
0.141059 0.578057 0.570473 3 3 0
0.141309 0.577947 0.570338 3 3 0
0.14156 0.577836 0.570204 3 3 0
0.141811 0.577725 0.57007 3 3 0
0.142064 0.577614 0.569935 3 3 0
0.142317 0.577503 0.569801 3 3 0
0.142571 0.577392 0.569668 3 3 0
0.142826 0.577281 0.569536 3 3 0
0.143082 0.577169 0.569403 3 3 0
0.143339 0.577058 0.569269 3 3 0
0.143596 0.576946 0.56914 3 3 0
0.143854 0.576834 0.569007 3 3 0
0.144114 0.576722 0.568874 3 3 0
0.144374 0.57661 0.568739 3 3 0
0.144635 0.576497 0.568607 3 3 0
0.144896 0.576385 0.568474 3 3 0
0.145159 0.576272 0.568341 3 3 0
0.145422 0.57616 0.568209 3 3 0
0.145687 0.576047 0.568077 3 3 0
0.145952 0.575934 0.567944 3 3 0
0.146218 0.575821 0.567812 3 3 0
0.146485 0.575707 0.567681 3 3 0
0.146753 0.575594 0.567549 3 3 0
0.147021 0.575481 0.567417 3 3 0
0.147291 0.575367 0.567286 3 3 0
0.147561 0.575253 0.567154 3 3 0
0.147832 0.57514 0.567023 3 3 0
0.148104 0.575026 0.566892 3 3 0
0.148377 0.574912 0.566761 3 3 0
0.148651 0.574797 0.56663 3 3 0
0.148926 0.574683 0.566499 3 3 0
0.149201 0.574569 0.566368 3 3 0
0.149478 0.574454 0.566238 3 3 0
0.149755 0.574339 0.566107 3 3 0
0.150033 0.574225 0.565977 3 3 0
0.150312 0.57411 0.565846 3 3 0
0.150592 0.573995 0.565716 3 3 0
0.150872 0.57388 0.565586 3 3 0
0.151154 0.573765 0.565456 3 3 0
0.151436 0.573649 0.565326 3 3 0
0.15172 0.573534 0.565196 3 3 0
0.152004 0.573418 0.565067 3 3 0
0.152289 0.573303 0.564937 3 3 0
0.152575 0.573187 0.564808 3 3 0
0.152862 0.573071 0.564678 3 3 0
0.153149 0.572955 0.564548 3 3 0
0.153438 0.572839 0.56442 3 3 0
0.153727 0.572723 0.56429 3 3 0
0.154018 0.572607 0.564161 3 3 0
0.154309 0.572491 0.564033 3 3 0
0.154601 0.572374 0.563904 3 3 0
0.154894 0.572257 0.563775 3 3 0
0.155188 0.572141 0.563644 3 3 0
0.155482 0.572024 0.563515 3 3 0
0.155778 0.571907 0.563386 3 3 0
0.156074 0.57179 0.563258 3 3 0
0.156372 0.571673 0.563129 3 3 0
0.15667 0.571556 0.563 3 3 0
0.156969 0.571438 0.562872 3 3 0
0.157269 0.571321 0.562743 3 3 0
0.15757 0.571203 0.562615 3 3 0
0.157871 0.571086 0.56249 3 3 0
0.158174 0.570968 0.562361 3 3 0
0.158477 0.57085 0.562233 3 3 0
0.158782 0.570732 0.562099 3 3 0
0.159087 0.570614 0.561971 3 3 0
0.159393 0.570496 0.561843 3 3 0
0.1597 0.570378 0.561716 3 3 0
0.160008 0.570259 0.561588 3 3 0
0.160317 0.570141 0.56146 3 3 0
0.160626 0.570022 0.561332 3 3 0
0.160937 0.569904 0.561204 3 3 0
0.161248 0.569785 0.561076 3 3 0
0.16156 0.569666 0.560947 3 3 0
0.161873 0.569547 0.56082 3 3 0
0.162187 0.569428 0.560692 3 3 0
0.162502 0.569309 0.560565 3 3 0
0.162818 0.569189 0.560437 3 3 0
0.163135 0.56907 0.560309 3 3 0
0.163452 0.56895 0.560182 3 3 0
0.163771 0.568831 0.560054 3 3 0
0.16409 0.568711 0.559927 3 3 0
0.16441 0.568591 0.559799 3 3 0
0.164731 0.568472 0.559672 3 3 0
0.165053 0.568351 0.559545 3 3 0
0.165376 0.568232 0.559418 3 3 0
0.165699 0.568111 0.55929 3 3 0
0.166024 0.567991 0.559163 3 3 0
0.166349 0.567871 0.559036 3 3 0
0.166675 0.56775 0.558909 3 3 0
0.167002 0.56763 0.558782 3 3 0
0.16733 0.567509 0.558656 3 3 0
0.167659 0.567388 0.558529 3 3 0
0.167989 0.567267 0.558402 3 3 0
0.16832 0.567146 0.558277 3 3 0
0.168651 0.567025 0.55815 3 3 0
0.168983 0.566904 0.558023 3 3 0
0.169317 0.566783 0.557897 3 3 0
0.169651 0.566661 0.55777 3 3 0
0.169986 0.56654 0.557643 3 3 0
0.170321 0.566418 0.557514 3 3 0
0.170658 0.566296 0.557387 3 3 0
0.170996 0.566174 0.55726 3 3 0
0.171334 0.566052 0.557131 3 3 0
0.171673 0.565929 0.557004 3 3 0
0.172013 0.565807 0.556877 3 3 0
0.172354 0.565684 0.55675 3 3 0
0.172696 0.565562 0.556623 3 3 0
0.173039 0.565439 0.556497 3 3 0
0.173382 0.565317 0.55637 3 3 0
0.173727 0.565194 0.556244 3 3 0
0.174072 0.565071 0.556117 3 3 0
0.174418 0.564948 0.555991 3 3 0
0.174765 0.564825 0.555864 3 3 0
0.175113 0.564702 0.555738 3 3 0
0.175461 0.564578 0.555612 3 3 0
0.175811 0.564455 0.555485 3 3 0
0.176161 0.564331 0.555359 3 3 0
0.176512 0.564208 0.555233 3 3 0
0.176864 0.564084 0.555107 3 3 0
0.177217 0.56396 0.55498 3 3 0
0.17757 0.563837 0.554854 3 3 0
0.177925 0.563713 0.554728 3 3 0
0.17828 0.563589 0.554602 3 3 0
0.178636 0.563465 0.554476 3 3 0
0.178993 0.56334 0.55435 3 3 0
0.179351 0.563216 0.554224 3 3 0
0.17971 0.563092 0.554098 3 3 0
0.180069 0.562967 0.553972 3 3 0
0.180429 0.562842 0.553846 3 3 0
0.18079 0.562718 0.55372 3 3 0
0.181152 0.562593 0.553594 3 3 0
0.181515 0.562467 0.553468 3 3 0
0.181878 0.562343 0.553342 3 3 0
0.182242 0.562217 0.553216 3 3 0
0.182607 0.562092 0.55309 3 3 0
0.182973 0.561966 0.552965 3 3 0
0.18334 0.561841 0.552839 3 3 0
0.183707 0.561715 0.552713 3 3 0
0.184076 0.561589 0.552588 3 3 0
0.184445 0.561463 0.552462 3 3 0
0.184814 0.561337 0.552336 3 3 0
0.185185 0.561211 0.552209 3 3 0
0.185556 0.561084 0.552082 3 3 0
0.185929 0.560957 0.551956 3 3 0
0.186301 0.56083 0.55183 3 3 0
0.186675 0.560703 0.551704 3 3 0
0.18705 0.560576 0.551578 3 3 0
0.187425 0.560449 0.551452 3 3 0
0.187801 0.560321 0.551326 3 3 0
0.188177 0.560194 0.5512 3 3 0
0.188555 0.560066 0.551074 3 3 0
0.188933 0.559938 0.550947 3 3 0
0.189312 0.55981 0.550821 3 3 0
0.189692 0.559682 0.550694 3 3 0
0.190072 0.559554 0.550568 3 3 0
0.190453 0.559426 0.550441 3 3 0
0.190835 0.559298 0.550315 3 3 0
0.191218 0.559169 0.550188 3 3 0
0.191601 0.55904 0.550062 3 3 0
0.191985 0.558912 0.549935 3 3 0
0.19237 0.558783 0.549809 3 3 0
0.192755 0.558654 0.549683 3 3 0
0.193141 0.558524 0.549556 3 3 0
0.193528 0.558395 0.549429 3 3 0
0.193916 0.558265 0.549303 3 3 0
0.194304 0.558136 0.549176 3 3 0
0.194693 0.558006 0.54905 3 3 0
0.195082 0.557876 0.548923 3 3 0
0.195472 0.557746 0.548796 3 3 0
0.195863 0.557615 0.54867 3 3 0
0.196255 0.557485 0.548543 3 3 0
0.196647 0.557354 0.548416 3 3 0
0.19704 0.557224 0.54829 3 3 0
0.197433 0.557093 0.548163 3 3 0
0.197827 0.556961 0.548036 3 3 0
0.198222 0.55683 0.54791 3 3 0
0.198617 0.556699 0.547783 3 3 0
0.199013 0.556567 0.547656 3 3 0
0.19941 0.556435 0.54753 3 3 0
0.199807 0.556303 0.547403 3 3 0
0.200205 0.55617 0.547276 3 3 0
0.200603 0.556038 0.547149 3 3 0
0.201002 0.555906 0.547023 3 3 0
0.201402 0.555773 0.546896 3 3 0
0.201802 0.55564 0.546769 3 3 0
0.202202 0.555507 0.546643 3 3 0
0.202604 0.555374 0.546517 3 3 0
0.203005 0.555241 0.546391 3 3 0
0.203408 0.555107 0.546264 3 3 0
0.203811 0.554973 0.546139 3 3 0
0.204214 0.554839 0.546012 3 3 0
0.204618 0.554704 0.545886 3 3 0
0.205022 0.554569 0.545759 3 3 0
0.205427 0.554435 0.545632 3 3 0
0.205833 0.5543 0.545505 3 3 0
0.206238 0.554165 0.545378 3 3 0
0.206645 0.55403 0.545251 3 3 0
0.207052 0.553895 0.545124 3 3 0
0.207459 0.553759 0.544997 3 3 0
0.207867 0.553623 0.54487 3 3 0
0.208275 0.553487 0.544743 3 3 0
0.208684 0.553351 0.544616 3 3 0
0.209093 0.553215 0.544489 3 3 0
0.209502 0.553078 0.544361 3 3 0
0.209912 0.552942 0.544234 3 3 0
0.210323 0.552805 0.544107 3 3 0
0.210733 0.552667 0.543979 3 3 0
0.211145 0.55253 0.543852 3 3 0
0.211556 0.552393 0.543725 3 3 0
0.211968 0.552255 0.543597 3 3 0
0.21238 0.552117 0.54347 3 3 0
0.212793 0.551979 0.543342 3 3 0
0.213206 0.55184 0.543215 3 3 0
0.213619 0.551701 0.543087 3 3 0
0.214032 0.551562 0.542959 3 3 0
0.214446 0.551423 0.542832 3 3 0
0.21486 0.551284 0.542704 3 3 0
0.215275 0.551144 0.542576 3 3 0
0.215689 0.551005 0.542448 3 3 0
0.216104 0.550865 0.542321 3 3 0
0.21652 0.550724 0.542193 3 3 0
0.216935 0.550584 0.542065 3 3 0
0.217351 0.550443 0.541938 3 3 0
0.217767 0.550302 0.54181 3 3 0
0.218183 0.550161 0.541682 3 3 0
0.218599 0.55002 0.541554 3 3 0
0.219016 0.549878 0.541426 3 3 0
0.219432 0.549736 0.541298 3 3 0
0.219849 0.549594 0.541169 3 3 0
0.220266 0.549451 0.541041 3 3 0
0.220683 0.549308 0.540913 3 3 0
0.2211 0.549165 0.540785 3 3 0
0.221518 0.549021 0.540657 3 3 0
0.221935 0.548878 0.540528 3 3 0
0.222353 0.548734 0.5404 3 3 0
0.22277 0.54859 0.540272 3 3 0
0.223188 0.548445 0.540143 3 3 0
0.223606 0.5483 0.540017 3 3 0
0.224023 0.548155 0.539889 3 3 0
0.224441 0.54801 0.53976 3 3 0
0.224859 0.547863 0.539634 3 3 0
0.225276 0.547717 0.539506 3 3 0
0.225694 0.547571 0.539377 3 3 0
0.226112 0.547422 0.539249 3 3 0
0.226529 0.547275 0.53912 3 3 0
0.226947 0.547128 0.538992 3 3 0
0.227364 0.546981 0.538863 3 3 0
0.227782 0.546833 0.538734 3 3 0
0.228199 0.546685 0.538605 3 3 0
0.228616 0.546538 0.538476 3 3 0
0.229033 0.546389 0.538347 3 3 0
0.22945 0.54624 0.538218 3 3 0
0.229866 0.546091 0.538089 3 3 0
0.230283 0.545942 0.53796 3 3 0
0.230699 0.545792 0.537831 3 3 0
0.231115 0.545642 0.537701 3 3 0
0.231531 0.545492 0.537572 3 3 0
0.231946 0.545341 0.537443 3 3 0
0.232361 0.54519 0.537316 3 3 0
0.232776 0.545038 0.537187 3 3 0
0.233191 0.544886 0.537058 3 3 0
0.233605 0.544733 0.536931 3 3 0
0.234019 0.544581 0.536802 3 3 0
0.234433 0.544428 0.536673 3 3 0
0.234846 0.544274 0.536544 3 3 0
0.235259 0.54412 0.536414 3 3 0
0.235671 0.543966 0.536285 3 3 0
0.236083 0.543812 0.536157 3 3 0
0.236494 0.543657 0.536028 3 3 0
0.236905 0.543502 0.535898 3 3 0
0.237316 0.543346 0.535768 3 3 0
0.237726 0.54319 0.535639 3 3 0
0.238136 0.543034 0.53551 3 3 0
0.238545 0.542877 0.535381 3 3 0
0.238953 0.54272 0.535252 3 3 0
0.239361 0.542563 0.535122 3 3 0
0.239768 0.542405 0.534993 3 3 0
0.240175 0.542246 0.534864 3 3 0
0.240581 0.542088 0.534734 3 3 0
0.240986 0.541929 0.534603 3 3 0
0.241391 0.541769 0.534474 3 3 0
0.241795 0.541609 0.534345 3 3 0
0.242198 0.541449 0.534214 3 3 0
0.242601 0.541288 0.534085 3 3 0
0.243003 0.541127 0.533956 3 3 0
0.243404 0.540965 0.533826 3 3 0
0.243804 0.540803 0.533696 3 3 0
0.244203 0.540641 0.533567 3 3 0
0.244602 0.540478 0.533438 3 3 0
0.244999 0.540314 0.533309 3 3 0
0.245396 0.54015 0.53318 3 3 0
0.245792 0.539986 0.533051 3 3 0
0.246187 0.539821 0.532922 3 3 0
0.246581 0.539656 0.532793 3 3 0
0.246974 0.53949 0.532664 3 3 0
0.247366 0.539324 0.532535 3 3 0
0.247757 0.539157 0.532407 3 3 0
0.248147 0.53899 0.532278 3 3 0
0.248536 0.538822 0.532149 3 3 0
0.248924 0.538654 0.532021 3 3 0
0.249311 0.538485 0.531892 3 3 0
0.249697 0.538316 0.531764 3 3 0
0.250081 0.538146 0.531636 3 3 0
0.250465 0.537976 0.531508 3 3 0
0.250847 0.537805 0.53138 3 3 0
0.251228 0.537634 0.531252 3 3 0
0.251608 0.537462 0.531124 3 3 0
0.251986 0.537289 0.530997 3 3 0
0.252363 0.537116 0.530869 3 3 0
0.252739 0.536943 0.530742 3 3 0
0.253114 0.536768 0.530615 3 3 0
0.253487 0.536594 0.530488 3 3 0
0.253859 0.536418 0.530361 3 3 0
0.25423 0.536242 0.530235 3 3 0
0.254599 0.536066 0.530108 3 3 0
0.254966 0.535889 0.529982 3 3 0
0.255332 0.535711 0.529856 3 3 0
0.255697 0.535532 0.52973 3 3 0
0.25606 0.535353 0.529604 3 3 0
0.256422 0.535173 0.529479 3 3 0
0.256782 0.534993 0.529353 3 3 0
0.25714 0.534811 0.529228 3 3 0
0.257497 0.534629 0.529103 3 3 0
0.257852 0.534447 0.528979 3 3 0
0.258205 0.534263 0.528854 3 3 0
0.258557 0.534079 0.52873 3 3 0
0.258907 0.533894 0.528607 3 3 0
0.259256 0.533708 0.528483 3 3 0
0.259602 0.533522 0.528361 3 3 0
0.259947 0.533334 0.528239 3 3 0
0.26029 0.533146 0.528118 3 3 0
0.260631 0.532957 0.527997 3 3 0
0.26097 0.532767 0.527876 3 3 0
0.261308 0.532576 0.527758 3 3 0
0.261643 0.532384 0.527639 3 3 0
0.261976 0.532191 0.52752 3 3 0
0.262308 0.531997 0.527402 3 3 0
0.262637 0.531801 0.527285 3 3 0
0.262965 0.531605 0.527168 3 3 0
0.26329 0.531407 0.527054 3 3 0
0.263613 0.531209 0.52694 3 3 0
0.263934 0.531009 0.526826 3 3 0
0.264253 0.530807 0.526713 3 3 0
0.26457 0.530605 0.526602 3 3 0
0.264885 0.530401 0.526492 3 3 0
0.265197 0.530195 0.526382 3 3 0
0.265507 0.529988 0.526274 3 3 0
0.265814 0.529779 0.526169 3 3 0
0.26612 0.529567 0.526065 3 3 0
0.266422 0.529354 0.525962 3 3 0
0.266723 0.529139 0.525862 3 3 0
0.267021 0.528922 0.525764 3 3 0
0.267316 0.528701 0.525668 3 3 0
0.267608 0.528478 0.525576 3 3 0
0.267898 0.528251 0.525488 3 3 0
0.268185 0.528021 0.525403 3 3 0
0.268469 0.527786 0.525324 3 3 0
0.268749 0.527546 0.52525 3 3 0
0.269026 0.5273 0.525184 3 3 0
0.269299 0.527046 0.525126 3 3 0
0.269568 0.526782 0.525081 3 3 0
0.26983 0.526506 0.525052 3 3 0
0.270085 0.526211 0.525049 3 3 0
0.270327 0.525886 0.525092 3 3 0
0.270515 0.525481 0.525273 3 3 0
0.270456 0.525434 0.525332 4 3 0
0.270461 0.525576 0.52522 3 3 0
0.27045 0.525647 0.525178 3 3 0
0.270234 0.526012 0.52507 3 3 0
0.269984 0.526331 0.525047 3 3 0
0.269728 0.52662 0.52506 3 3 0
0.26946 0.526889 0.525097 3 3 0
0.26919 0.527149 0.525147 3 3 0
0.268915 0.5274 0.525208 3 3 0
0.268637 0.527643 0.525278 3 3 0
0.268355 0.52788 0.525356 3 3 0
0.26807 0.528113 0.525437 3 3 0
0.267782 0.528342 0.525523 3 3 0
0.267491 0.528568 0.525612 3 3 0
0.267197 0.528791 0.525705 3 3 0
0.266901 0.52901 0.525801 3 3 0
0.266602 0.529227 0.5259 3 3 0
0.266301 0.529441 0.526001 3 3 0
0.265997 0.529653 0.526104 3 3 0
0.265691 0.529862 0.526209 3 3 0
0.265382 0.53007 0.526316 3 3 0
0.265072 0.530277 0.526424 3 3 0
0.264758 0.530483 0.526533 3 3 0
0.264443 0.530687 0.526644 3 3 0
0.264125 0.530889 0.526756 3 3 0
0.263805 0.53109 0.526869 3 3 0
0.263483 0.531289 0.526983 3 3 0
0.263159 0.531487 0.527098 3 3 0
0.262833 0.531684 0.527214 3 3 0
0.262505 0.531879 0.52733 3 3 0
0.262175 0.532074 0.527448 3 3 0
0.261842 0.532266 0.527566 3 3 0
0.261508 0.532459 0.527685 3 3 0
0.261172 0.532651 0.527804 3 3 0
0.260834 0.532843 0.527925 3 3 0
0.260494 0.533033 0.528046 3 3 0
0.260152 0.533222 0.528167 3 3 0
0.259808 0.533409 0.528288 3 3 0
0.259463 0.533596 0.52841 3 3 0
0.259116 0.533783 0.528533 3 3 0
0.258767 0.533967 0.528655 3 3 0
0.258416 0.534152 0.528779 3 3 0
0.258063 0.534336 0.528902 3 3 0
0.257709 0.53452 0.529026 3 3 0
0.257353 0.534703 0.529151 3 3 0
0.256996 0.534884 0.529275 3 3 0
0.256637 0.535066 0.5294 3 3 0
0.256276 0.535246 0.529525 3 3 0
0.255914 0.535425 0.529651 3 3 0
0.25555 0.535604 0.529777 3 3 0
0.255185 0.535782 0.529903 3 3 0
0.254818 0.53596 0.530029 3 3 0
0.25445 0.536136 0.530155 3 3 0
0.254081 0.536313 0.530282 3 3 0
0.25371 0.536488 0.530409 3 3 0
0.253337 0.536664 0.530536 3 3 0
0.252963 0.536838 0.530663 3 3 0
0.252588 0.537012 0.53079 3 3 0
0.252212 0.537186 0.530918 3 3 0
0.251834 0.537359 0.531045 3 3 0
0.251455 0.537531 0.531173 3 3 0
0.251075 0.537703 0.531301 3 3 0
0.250693 0.537874 0.531429 3 3 0
0.250311 0.538045 0.531557 3 3 0
0.249927 0.538215 0.531685 3 3 0
0.249542 0.538385 0.531813 3 3 0
0.249156 0.538554 0.531942 3 3 0
0.248768 0.538723 0.53207 3 3 0
0.24838 0.538891 0.532199 3 3 0
0.247991 0.539058 0.532328 3 3 0
0.2476 0.539225 0.532456 3 3 0
0.247209 0.539391 0.532585 3 3 0
0.246816 0.539558 0.532714 3 3 0
0.246423 0.539723 0.532843 3 3 0
0.246028 0.539888 0.532972 3 3 0
0.245633 0.540053 0.533101 3 3 0
0.245237 0.540217 0.53323 3 3 0
0.244839 0.540381 0.533359 3 3 0
0.244441 0.540544 0.533488 3 3 0
0.244043 0.540707 0.533617 3 3 0
0.243643 0.540869 0.533746 3 3 0
0.243242 0.541031 0.533875 3 3 0
0.242841 0.541191 0.534005 3 3 0
0.242439 0.541352 0.534134 3 3 0
0.242036 0.541513 0.534263 3 3 0
0.241632 0.541673 0.534392 3 3 0
0.241228 0.541833 0.534522 3 3 0
0.240823 0.541993 0.534651 3 3 0
0.240418 0.542152 0.53478 3 3 0
0.240011 0.54231 0.534909 3 3 0
0.239604 0.542468 0.535039 3 3 0
0.239197 0.542627 0.535168 3 3 0
0.238789 0.542784 0.535297 3 3 0
0.23838 0.542941 0.535427 3 3 0
0.237971 0.543098 0.535556 3 3 0
0.237561 0.543254 0.535685 3 3 0
0.237151 0.54341 0.535814 3 3 0
0.23674 0.543566 0.535944 3 3 0
0.236329 0.543721 0.536073 3 3 0
0.235917 0.543875 0.536202 3 3 0
0.235505 0.54403 0.536331 3 3 0
0.235093 0.544183 0.536461 3 3 0
0.23468 0.544337 0.53659 3 3 0
0.234266 0.54449 0.536719 3 3 0
0.233852 0.544643 0.536848 3 3 0
0.233438 0.544796 0.536977 3 3 0
0.233024 0.544948 0.537106 3 3 0
0.232609 0.5451 0.537235 3 3 0
0.232194 0.545251 0.537364 3 3 0
0.231779 0.545403 0.537493 3 3 0
0.231363 0.545553 0.537622 3 3 0
0.230947 0.545704 0.537751 3 3 0
0.230531 0.545854 0.53788 3 3 0
0.230115 0.546004 0.538009 3 3 0
0.229699 0.546153 0.538138 3 3 0
0.229282 0.546302 0.538267 3 3 0
0.228865 0.546451 0.538395 3 3 0
0.228448 0.5466 0.538524 3 3 0
0.228031 0.546748 0.538653 3 3 0
0.227614 0.546896 0.538782 3 3 0
0.227196 0.547044 0.53891 3 3 0
0.226779 0.547191 0.539039 3 3 0
0.226361 0.547338 0.539168 3 3 0
0.225944 0.547484 0.539296 3 3 0
0.225526 0.547631 0.539425 3 3 0
0.225108 0.547777 0.539553 3 3 0
0.224691 0.547923 0.539682 3 3 0
0.224273 0.548068 0.53981 3 3 0
0.223855 0.548213 0.539939 3 3 0
0.223438 0.548358 0.540067 3 3 0
0.22302 0.548503 0.540196 3 3 0
0.222602 0.548647 0.540324 3 3 0
0.222185 0.548791 0.540452 3 3 0
0.221767 0.548935 0.54058 3 3 0
0.22135 0.549079 0.540709 3 3 0
0.220933 0.549222 0.540837 3 3 0
0.220515 0.549364 0.540965 3 3 0
0.220098 0.549507 0.541093 3 3 0
0.219681 0.54965 0.541221 3 3 0
0.219265 0.549793 0.541349 3 3 0
0.218848 0.549935 0.541477 3 3 0
0.218432 0.550077 0.541605 3 3 0
0.218015 0.550218 0.541733 3 3 0
0.217599 0.550359 0.541861 3 3 0
0.217184 0.5505 0.541989 3 3 0
0.216768 0.550641 0.542117 3 3 0
0.216353 0.550782 0.542244 3 3 0
0.215937 0.550922 0.542372 3 3 0
0.215523 0.551062 0.5425 3 3 0
0.215108 0.551202 0.542627 3 3 0
0.214694 0.551341 0.542755 3 3 0
0.21428 0.551481 0.542883 3 3 0
0.213866 0.55162 0.54301 3 3 0
0.213453 0.551758 0.543138 3 3 0
0.213039 0.551897 0.543266 3 3 0
0.212627 0.552035 0.543393 3 3 0
0.212214 0.552174 0.54352 3 3 0
0.211802 0.552312 0.543648 3 3 0
0.21139 0.552449 0.543775 3 3 0
0.210979 0.552587 0.543903 3 3 0
0.210568 0.552724 0.54403 3 3 0
0.210157 0.552861 0.544157 3 3 0
0.209747 0.552998 0.544285 3 3 0
0.209338 0.553135 0.544412 3 3 0
0.208928 0.553271 0.544539 3 3 0
0.208519 0.553407 0.544666 3 3 0
0.208111 0.553543 0.544794 3 3 0
0.207703 0.553679 0.544921 3 3 0
0.207295 0.553815 0.545048 3 3 0
0.206888 0.55395 0.545175 3 3 0
0.206481 0.554085 0.545302 3 3 0
0.206075 0.55422 0.545429 3 3 0
0.205669 0.554355 0.545556 3 3 0
0.205264 0.554489 0.545683 3 3 0
0.204859 0.554624 0.54581 3 3 0
0.204455 0.554758 0.545937 3 3 0
0.204052 0.554892 0.546064 3 3 0
0.203648 0.555026 0.546191 3 3 0
0.203246 0.555158 0.546318 3 3 0
0.202844 0.555292 0.546444 3 3 0
0.202442 0.555425 0.546571 3 3 0
0.202041 0.555559 0.546697 3 3 0
0.201641 0.555692 0.546824 3 3 0
0.201241 0.555825 0.546951 3 3 0
0.200842 0.555957 0.547077 3 3 0
0.200443 0.556089 0.547203 3 3 0
0.200045 0.556222 0.54733 3 3 0
0.199647 0.556355 0.547455 3 3 0
0.19925 0.556487 0.547581 3 3 0
0.198854 0.556619 0.547708 3 3 0
0.198458 0.55675 0.547834 3 3 0
0.198063 0.556881 0.54796 3 3 0
0.197669 0.557012 0.548087 3 3 0
0.197275 0.557144 0.548216 3 3 0
0.196882 0.557275 0.548343 3 3 0
0.196489 0.557406 0.548469 3 3 0
0.196097 0.557534 0.548601 3 3 0
0.195706 0.557665 0.548727 3 3 0
0.195315 0.557795 0.548854 3 3 0
0.194925 0.557926 0.54898 3 3 0
0.194536 0.558056 0.549106 3 3 0
0.194147 0.558186 0.549232 3 3 0
0.19376 0.558315 0.549356 3 3 0
0.193372 0.558444 0.549482 3 3 0
0.192986 0.558574 0.549608 3 3 0
0.1926 0.558703 0.549733 3 3 0
0.192215 0.558832 0.549859 3 3 0
0.19183 0.558961 0.549985 3 3 0
0.191447 0.55909 0.550111 3 3 0
0.191064 0.559218 0.550237 3 3 0
0.190681 0.559347 0.550363 3 3 0
0.1903 0.559475 0.550488 3 3 0
0.189919 0.559604 0.550614 3 3 0
0.189539 0.559732 0.55074 3 3 0
0.189159 0.55986 0.550866 3 3 0
0.188781 0.559988 0.550992 3 3 0
0.188403 0.560116 0.551118 3 3 0
0.188026 0.560243 0.551244 3 3 0
0.187649 0.560371 0.55137 3 3 0
0.187274 0.560498 0.551496 3 3 0
0.186899 0.560625 0.551622 3 3 0
0.186525 0.560752 0.551748 3 3 0
0.186151 0.560879 0.551874 3 3 0
0.185779 0.561006 0.552 3 3 0
0.185407 0.561133 0.552126 3 3 0
0.185036 0.561259 0.552253 3 3 0
0.184666 0.561386 0.552379 3 3 0
0.184296 0.561512 0.552505 3 3 0
0.183927 0.561638 0.552631 3 3 0
0.183559 0.561765 0.552757 3 3 0
0.183192 0.56189 0.552883 3 3 0
0.182826 0.562016 0.553009 3 3 0
0.18246 0.562142 0.553136 3 3 0
0.182096 0.562267 0.553262 3 3 0
0.181732 0.562393 0.553388 3 3 0
0.181369 0.562518 0.553514 3 3 0
0.181006 0.562643 0.553641 3 3 0
0.180645 0.562769 0.553767 3 3 0
0.180284 0.562894 0.553893 3 3 0
0.179924 0.563018 0.55402 3 3 0
0.179565 0.563143 0.554146 3 3 0
0.179207 0.563268 0.554272 3 3 0
0.178849 0.563392 0.554399 3 3 0
0.178493 0.563516 0.554525 3 3 0
0.178137 0.563641 0.554652 3 3 0
0.177782 0.563765 0.554778 3 3 0
0.177428 0.563889 0.554904 3 3 0
0.177075 0.564013 0.555031 3 3 0
0.176722 0.564137 0.555157 3 3 0
0.176371 0.56426 0.555284 3 3 0
0.17602 0.564384 0.55541 3 3 0
0.17567 0.564507 0.555537 3 3 0
0.175321 0.564631 0.555663 3 3 0
0.174973 0.564754 0.55579 3 3 0
0.174625 0.564877 0.555917 3 3 0
0.174279 0.565 0.556043 3 3 0
0.173933 0.565123 0.55617 3 3 0
0.173588 0.565246 0.556296 3 3 0
0.173244 0.565368 0.556423 3 3 0
0.172901 0.565491 0.55655 3 3 0
0.172558 0.565613 0.556677 3 3 0
0.172217 0.565736 0.556803 3 3 0
0.171876 0.565858 0.55693 3 3 0
0.171537 0.56598 0.557057 3 3 0
0.171198 0.566102 0.557184 3 3 0
0.17086 0.566224 0.557311 3 3 0
0.170523 0.566346 0.557438 3 3 0
0.170186 0.566468 0.557564 3 3 0
0.169851 0.566589 0.557692 3 3 0
0.169516 0.566711 0.557818 3 3 0
0.169182 0.566832 0.557945 3 3 0
0.16885 0.566953 0.558073 3 3 0
0.168518 0.567075 0.5582 3 3 0
0.168187 0.567196 0.558327 3 3 0
0.167856 0.567317 0.558454 3 3 0
0.167527 0.567438 0.558581 3 3 0
0.167198 0.567558 0.558708 3 3 0
0.166871 0.567679 0.558835 3 3 0
0.166544 0.5678 0.558963 3 3 0
0.166218 0.56792 0.55909 3 3 0
0.165893 0.56804 0.559217 3 3 0
0.165569 0.568161 0.559345 3 3 0
0.165246 0.568281 0.559472 3 3 0
0.164923 0.568401 0.5596 3 3 0
0.164602 0.568521 0.559727 3 3 0
0.164281 0.568641 0.559854 3 3 0
0.163961 0.56876 0.559982 3 3 0
0.163642 0.56888 0.56011 3 3 0
0.163324 0.568999 0.560237 3 3 0
0.163007 0.569119 0.560365 3 3 0
0.162691 0.569238 0.560493 3 3 0
0.162376 0.569357 0.56062 3 3 0
0.162061 0.569476 0.560748 3 3 0
0.161747 0.569595 0.560876 3 3 0
0.161435 0.569714 0.561004 3 3 0
0.161123 0.569833 0.561132 3 3 0
0.160812 0.569952 0.56126 3 3 0
0.160502 0.57007 0.561388 3 3 0
0.160192 0.570189 0.561516 3 3 0
0.159884 0.570307 0.561644 3 3 0
0.159576 0.570426 0.561772 3 3 0
0.15927 0.570543 0.5619 3 3 0
0.158964 0.570662 0.562028 3 3 0
0.158659 0.57078 0.562157 3 3 0
0.158355 0.570897 0.562285 3 3 0
0.158052 0.571015 0.562413 3 3 0
0.15775 0.571133 0.562542 3 3 0
0.157449 0.571249 0.56267 3 3 0
0.157148 0.571367 0.562799 3 3 0
0.156849 0.571484 0.562927 3 3 0
0.15655 0.5716 0.563055 3 3 0
0.156252 0.571717 0.563184 3 3 0
0.155955 0.571834 0.563312 3 3 0
0.155659 0.571951 0.563442 3 3 0
0.155364 0.572068 0.563571 3 3 0
0.155069 0.572185 0.5637 3 3 0
0.154776 0.572301 0.56383 3 3 0
0.154483 0.572418 0.563959 3 3 0
0.154192 0.572534 0.564088 3 3 0
0.153901 0.572653 0.564213 3 3 0
0.153611 0.572769 0.564342 3 3 0
0.153322 0.572885 0.564471 3 3 0
0.153034 0.573002 0.5646 3 3 0
0.152746 0.573118 0.564729 3 3 0
0.15246 0.573233 0.564859 3 3 0
0.152174 0.57335 0.564988 3 3 0
0.15189 0.573465 0.565118 3 3 0
0.151606 0.573581 0.565248 3 3 0
0.151323 0.573696 0.565378 3 3 0
0.151041 0.573812 0.565508 3 3 0
0.150759 0.573927 0.565638 3 3 0
0.150479 0.574042 0.565768 3 3 0
0.1502 0.574157 0.565898 3 3 0
0.149921 0.574271 0.566028 3 3 0
0.149643 0.574386 0.566158 3 3 0
0.149366 0.574501 0.566289 3 3 0
0.14909 0.574615 0.566419 3 3 0
0.148815 0.574729 0.56655 3 3 0
0.148541 0.574844 0.566681 3 3 0
0.148267 0.574958 0.566812 3 3 0
0.147995 0.575072 0.566942 3 3 0
0.147723 0.575185 0.567074 3 3 0
0.147452 0.575299 0.567205 3 3 0
0.147182 0.575413 0.567336 3 3 0
0.146913 0.575526 0.567468 3 3 0
0.146645 0.57564 0.567599 3 3 0
0.146377 0.575753 0.567731 3 3 0
0.146111 0.575866 0.567863 3 3 0
0.145845 0.575979 0.567995 3 3 0
0.14558 0.576092 0.568127 3 3 0
0.145316 0.576204 0.568259 3 3 0
0.145053 0.576317 0.568391 3 3 0
0.144791 0.57643 0.568524 3 3 0
0.14453 0.576542 0.568656 3 3 0
0.144269 0.576654 0.568789 3 3 0
0.144009 0.576767 0.568922 3 3 0
0.14375 0.576878 0.569055 3 3 0
0.143492 0.57699 0.569188 3 3 0
0.143235 0.577102 0.569323 3 3 0
0.142979 0.577214 0.569456 3 3 0
0.142724 0.577325 0.569589 3 3 0
0.142469 0.577437 0.569725 3 3 0
0.142215 0.577548 0.569858 3 3 0
0.141962 0.577659 0.569992 3 3 0
0.14171 0.577769 0.570125 3 3 0
0.141459 0.57788 0.57026 3 3 0
0.141209 0.577991 0.570394 3 3 0
0.140959 0.5781 0.570528 3 3 0
0.14071 0.578211 0.570662 3 3 0
0.140462 0.578321 0.570797 3 3 0
0.140215 0.578431 0.570932 3 3 0
0.139969 0.57854 0.571067 3 3 0
0.139724 0.57865 0.571202 3 3 0
0.139479 0.578759 0.571338 3 3 0
0.139236 0.578868 0.571473 3 3 0
0.138993 0.578977 0.571609 3 3 0
0.138751 0.579086 0.571745 3 3 0
0.13851 0.579194 0.571881 3 3 0
0.138269 0.579303 0.572017 3 3 0
0.13803 0.579412 0.572154 3 3 0
0.137791 0.579521 0.57229 3 3 0
0.137553 0.579629 0.572427 3 3 0
0.137316 0.579738 0.572565 3 3 0
0.13708 0.579846 0.572702 3 3 0
0.136844 0.579954 0.572839 3 3 0
0.13661 0.580061 0.572977 3 3 0
0.136376 0.580169 0.573115 3 3 0
0.136143 0.580276 0.573252 3 3 0
0.135911 0.580383 0.57339 3 3 0
0.13568 0.58049 0.573528 3 3 0
0.135449 0.580597 0.573667 3 3 0
0.13522 0.580704 0.573805 3 3 0
0.134991 0.58081 0.573944 3 3 0
0.134763 0.580916 0.574083 3 3 0
0.134536 0.581022 0.574222 3 3 0
0.134309 0.581127 0.574362 3 3 0
0.134084 0.581233 0.574502 3 3 0
0.133859 0.581338 0.574641 3 3 0
0.133635 0.581443 0.574782 3 3 0
0.133412 0.581548 0.574923 3 3 0
0.133189 0.581652 0.575063 3 3 0
0.132968 0.581757 0.575204 3 3 0
0.132747 0.581861 0.575346 3 3 0
0.132527 0.581964 0.575487 3 3 0
0.132308 0.582068 0.575629 3 3 0
0.13209 0.582171 0.575771 3 3 0
0.131872 0.582274 0.575913 3 3 0
0.131655 0.582376 0.576056 3 3 0
0.131439 0.582479 0.5762 3 3 0
0.131224 0.582581 0.576343 3 3 0
0.13101 0.582683 0.576487 3 3 0
0.130796 0.582785 0.576631 3 3 0
0.130584 0.582886 0.576775 3 3 0
0.130372 0.582987 0.57692 3 3 0
0.130161 0.583088 0.577065 3 3 0
0.12995 0.583188 0.577211 3 3 0
0.129741 0.583289 0.577357 3 3 0
0.129532 0.583388 0.577503 3 3 0
0.129324 0.583488 0.577649 3 3 0
0.129116 0.583587 0.577797 3 3 0
0.12891 0.583686 0.577944 3 3 0
0.128704 0.583784 0.578092 3 3 0
0.128499 0.583882 0.57824 3 3 0
0.128295 0.58398 0.578389 3 3 0
0.128092 0.584077 0.578538 3 3 0
0.127889 0.584174 0.578688 3 3 0
0.127687 0.58427 0.578838 3 3 0
0.127486 0.584366 0.578988 3 3 0
0.127286 0.584461 0.579139 3 3 0
0.127087 0.584556 0.579291 3 3 0
0.126888 0.58465 0.579443 3 3 0
0.12669 0.584744 0.579596 3 3 0
0.126493 0.584837 0.579749 3 3 0
0.126296 0.584932 0.579903 3 3 0
0.126101 0.585024 0.580058 3 3 0
0.125906 0.585116 0.580213 3 3 0
0.125712 0.585208 0.580369 3 3 0
0.125518 0.585298 0.580525 3 3 0
0.125326 0.585388 0.580683 3 3 0
0.125134 0.585478 0.580841 3 3 0
0.124943 0.585567 0.581 3 3 0
0.124752 0.585655 0.581159 3 3 0
0.124563 0.585741 0.581318 3 3 0
0.124374 0.585828 0.581479 3 3 0
0.124186 0.585913 0.581642 3 3 0
0.123999 0.585999 0.581804 3 3 0
0.123812 0.586083 0.581968 3 3 0
0.123626 0.586166 0.582133 3 3 0
0.123441 0.586249 0.582299 3 3 0
0.123257 0.586329 0.582467 3 3 0
0.123073 0.586409 0.582635 3 3 0
0.122891 0.586487 0.582805 3 3 0
0.122708 0.586563 0.582977 3 3 0
0.122527 0.586638 0.58315 3 3 0
0.122347 0.586712 0.583325 3 3 0
0.122167 0.586783 0.583501 3 3 0
0.121988 0.586853 0.58368 3 3 0
0.12181 0.58692 0.583861 3 3 0
0.121632 0.586985 0.584044 3 3 0
0.121455 0.587046 0.584231 3 3 0
0.121279 0.587105 0.584421 3 3 0
0.121104 0.58716 0.584614 3 3 0
0.12093 0.587211 0.584811 3 3 0
0.120757 0.587256 0.585012 3 3 0
0.120584 0.587295 0.58522 3 3 0
0.120413 0.587327 0.585436 3 3 0
0.120243 0.587348 0.585662 3 3 0
0.120074 0.587354 0.585901 3 3 0
0.119907 0.587338 0.586162 3 3 0
0.119744 0.587281 0.586459 3 3 0
0.119591 0.587135 0.586836 3 3 0
0.119591 0.587135 0.586836 3 3 0
