2 0.352223 0.352223 2 1 0
1.99568 0.352046 0.352046 1 1 0
1.99137 0.35187 0.35187 1 1 0
1.98707 0.351693 0.351693 1 1 0
1.98279 0.351516 0.351516 1 1 0
1.97852 0.351339 0.351339 1 1 0
1.97426 0.351162 0.351162 1 1 0
1.97002 0.350984 0.350984 1 1 0
1.96578 0.350806 0.350806 1 1 0
1.96157 0.350628 0.350628 1 1 0
1.95736 0.35045 0.35045 1 1 0
1.95317 0.350272 0.350272 1 1 0
1.94899 0.350093 0.350093 1 1 0
1.94482 0.349914 0.349914 1 1 0
1.94067 0.349735 0.349735 1 1 0
1.93652 0.349556 0.349556 1 1 0
1.9324 0.349376 0.349376 1 1 0
1.92828 0.349197 0.349197 1 1 0
1.92417 0.349017 0.349017 1 1 0
1.92008 0.348837 0.348837 1 1 0
1.916 0.348656 0.348656 1 1 0
1.91194 0.348476 0.348476 1 1 0
1.90788 0.348295 0.348295 1 1 0
1.90384 0.348114 0.348114 1 1 0
1.89981 0.347933 0.347933 1 1 0
1.89579 0.347752 0.347752 1 1 0
1.89178 0.34757 0.34757 1 1 0
1.88779 0.347389 0.347389 1 1 0
1.8838 0.347207 0.347207 1 1 0
1.87983 0.347025 0.347025 1 1 0
1.87588 0.346842 0.346842 1 1 0
1.87193 0.34666 0.34666 1 1 0
1.86799 0.346477 0.346477 1 1 0
1.86407 0.346294 0.346294 1 1 0
1.86016 0.346111 0.346111 1 1 0
1.85626 0.345928 0.345928 1 1 0
1.85237 0.345744 0.345744 1 1 0
1.84849 0.345561 0.345561 1 1 0
1.84463 0.345377 0.345377 1 1 0
1.84077 0.345193 0.345193 1 1 0
1.83693 0.345008 0.345008 1 1 0
1.8331 0.344824 0.344824 1 1 0
1.82928 0.344639 0.344639 1 1 0
1.82547 0.344454 0.344454 1 1 0
1.82167 0.344269 0.344269 1 1 0
1.81789 0.344084 0.344084 1 1 0
1.81411 0.343899 0.343899 1 1 0
1.81035 0.343713 0.343713 1 1 0
1.80659 0.343527 0.343527 1 1 0
1.80285 0.343341 0.343341 1 1 0
1.79912 0.343155 0.343155 1 1 0
1.7954 0.342969 0.342969 1 1 0
1.79169 0.342782 0.342782 1 1 0
1.78799 0.342595 0.342595 1 1 0
1.7843 0.342408 0.342408 1 1 0
1.78062 0.342221 0.342221 1 1 0
1.77696 0.342034 0.342034 1 1 0
1.7733 0.341846 0.341846 1 1 0
1.76965 0.341659 0.341659 1 1 0
1.76602 0.341471 0.341471 1 1 0
1.76239 0.341283 0.341283 1 1 0
1.75878 0.341095 0.341095 1 1 0
1.75518 0.340906 0.340906 1 1 0
1.75158 0.340717 0.340717 1 1 0
1.748 0.340529 0.340529 1 1 0
1.74443 0.34034 0.34034 1 1 0
1.74086 0.34015 0.34015 1 1 0
1.73731 0.339961 0.339961 1 1 0
1.73377 0.339772 0.339772 1 1 0
1.73024 0.339582 0.339582 1 1 0
1.72671 0.339392 0.339392 1 1 0
1.7232 0.339202 0.339202 1 1 0
1.7197 0.339012 0.339012 1 1 0
1.71621 0.338821 0.338821 1 1 0
1.71272 0.33863 0.33863 1 1 0
1.70925 0.33844 0.33844 1 1 0
1.70579 0.338249 0.338249 1 1 0
1.70233 0.338057 0.338057 1 1 0
1.69889 0.337866 0.337866 1 1 0
1.69546 0.337674 0.337674 1 1 0
1.69203 0.337483 0.337483 1 1 0
1.68862 0.337291 0.337291 1 1 0
1.68521 0.337099 0.337099 1 1 0
1.68182 0.336906 0.336906 1 1 0
1.67843 0.336714 0.336714 1 1 0
1.67505 0.336521 0.336521 1 1 0
1.67169 0.336329 0.336329 1 1 0
1.66833 0.336136 0.336136 1 1 0
1.66498 0.335942 0.335942 1 1 0
1.66164 0.335749 0.335749 1 1 0
1.65831 0.335556 0.335556 1 1 0
1.65499 0.335362 0.335362 1 1 0
1.65168 0.335168 0.335168 1 1 0
1.64837 0.334974 0.334974 1 1 0
1.64508 0.33478 0.33478 1 1 0
1.6418 0.334585 0.334585 1 1 0
1.63852 0.334391 0.334391 1 1 0
1.63525 0.334196 0.334196 1 1 0
1.632 0.334001 0.334001 1 1 0
1.62875 0.333806 0.333806 1 1 0
1.62551 0.333611 0.333611 1 1 0
1.62227 0.333415 0.333415 1 1 0
1.61905 0.33322 0.33322 1 1 0
1.61584 0.333024 0.333024 1 1 0
1.61263 0.332828 0.332828 1 1 0
1.60944 0.332632 0.332632 1 1 0
1.60625 0.332435 0.332435 1 1 0
1.60307 0.332239 0.332239 1 1 0
1.5999 0.332042 0.332042 1 1 0
1.59674 0.331845 0.331845 1 1 0
1.59358 0.331648 0.331648 1 1 0
1.59044 0.331451 0.331451 1 1 0
1.5873 0.331254 0.331254 1 1 0
1.58417 0.331056 0.331056 1 1 0
1.58105 0.330859 0.330859 1 1 0
1.57794 0.330661 0.330661 1 1 0
1.57484 0.330463 0.330463 1 1 0
1.57174 0.330264 0.330264 1 1 0
1.56866 0.330066 0.330066 1 1 0
1.56558 0.329867 0.329867 1 1 0
1.56251 0.329669 0.329669 1 1 0
1.55944 0.32947 0.32947 1 1 0
1.55639 0.329271 0.329271 1 1 0
1.55334 0.329071 0.329071 1 1 0
1.5503 0.328872 0.328872 1 1 0
1.54727 0.328672 0.328672 1 1 0
1.54425 0.328473 0.328473 1 1 0
1.54124 0.328273 0.328273 1 1 0
1.53823 0.328073 0.328073 1 1 0
1.53523 0.327872 0.327872 1 1 0
1.53224 0.327672 0.327672 1 1 0
1.52926 0.327471 0.327471 1 1 0
1.52628 0.32727 0.32727 1 1 0
1.52331 0.32707 0.32707 1 1 0
1.52035 0.326868 0.326868 1 1 0
1.5174 0.326667 0.326667 1 1 0
1.51446 0.326466 0.326466 1 1 0
1.51152 0.326264 0.326264 1 1 0
1.50859 0.326062 0.326062 1 1 0
1.50567 0.32586 0.32586 1 1 0
1.50275 0.325658 0.325658 1 1 0
1.49984 0.325456 0.325456 1 1 0
1.49694 0.325253 0.325253 1 1 0
1.49405 0.325051 0.325051 1 1 0
1.49117 0.324848 0.324848 1 1 0
1.48829 0.324645 0.324645 1 1 0
1.48542 0.324442 0.324442 1 1 0
1.48256 0.324238 0.324238 1 1 0
1.4797 0.324035 0.324035 1 1 0
1.47685 0.323831 0.323831 1 1 0
1.47401 0.323627 0.323627 1 1 0
1.47117 0.323423 0.323423 1 1 0
1.46835 0.323219 0.323219 1 1 0
1.46553 0.323015 0.323015 1 1 0
1.46271 0.32281 0.32281 1 1 0
1.45991 0.322606 0.322606 1 1 0
1.45711 0.322401 0.322401 1 1 0
1.45432 0.322196 0.322196 1 1 0
1.45153 0.321991 0.321991 1 1 0
1.44875 0.321785 0.321785 1 1 0
1.44598 0.32158 0.32158 1 1 0
1.44322 0.321374 0.321374 1 1 0
1.44046 0.321168 0.321168 1 1 0
1.43771 0.320962 0.320962 1 1 0
1.43497 0.320756 0.320756 1 1 0
1.43223 0.32055 0.32055 1 1 0
1.4295 0.320343 0.320343 1 1 0
1.42677 0.320137 0.320137 1 1 0
1.42406 0.31993 0.31993 1 1 0
1.42135 0.319723 0.319723 1 1 0
1.41864 0.319516 0.319516 1 1 0
1.41595 0.319308 0.319308 1 1 0
1.41326 0.319101 0.319101 1 1 0
1.41057 0.318893 0.318893 1 1 0
1.40789 0.318685 0.318685 1 1 0
1.40522 0.318477 0.318477 1 1 0
1.40256 0.318269 0.318269 1 1 0
1.3999 0.318061 0.318061 1 1 0
1.39725 0.317852 0.317852 1 1 0
1.3946 0.317643 0.317643 1 1 0
1.39196 0.317435 0.317435 1 1 0
1.38933 0.317226 0.317226 1 1 0
1.38671 0.317016 0.317016 1 1 0
1.38409 0.316807 0.316807 1 1 0
1.38147 0.316597 0.316597 1 1 0
1.37886 0.316388 0.316388 1 1 0
1.37626 0.316178 0.316178 1 1 0
1.37367 0.315968 0.315968 1 1 0
1.37108 0.315758 0.315758 1 1 0
1.3685 0.315547 0.315547 1 1 0
1.36592 0.315337 0.315337 1 1 0
1.36335 0.315126 0.315126 1 1 0
1.36079 0.314915 0.314915 1 1 0
1.35823 0.314704 0.314704 1 1 0
1.35567 0.314493 0.314493 1 1 0
1.35313 0.314282 0.314282 1 1 0
1.35059 0.31407 0.31407 1 1 0
1.34805 0.313859 0.313859 1 1 0
1.34552 0.313647 0.313647 1 1 0
1.343 0.313435 0.313435 1 1 0
1.34049 0.313222 0.313222 1 1 0
1.33797 0.31301 0.31301 1 1 0
1.33547 0.312798 0.312798 1 1 0
1.33297 0.312585 0.312585 1 1 0
1.33048 0.312372 0.312372 1 1 0
1.32799 0.312159 0.312159 1 1 0
1.32551 0.311946 0.311946 1 1 0
1.32303 0.311732 0.311732 1 1 0
1.32056 0.311519 0.311519 1 1 0
1.3181 0.311305 0.311305 1 1 0
1.31564 0.311091 0.311091 1 1 0
1.31318 0.310877 0.310877 1 1 0
1.31073 0.310663 0.310663 1 1 0
1.30829 0.310449 0.310449 1 1 0
1.30586 0.310234 0.310234 1 1 0
1.30342 0.31002 0.31002 1 1 0
1.301 0.309805 0.309805 1 1 0
1.29858 0.30959 0.30959 1 1 0
1.29616 0.309374 0.309374 1 1 0
1.29375 0.309159 0.309159 1 1 0
1.29135 0.308944 0.308944 1 1 0
1.28895 0.308728 0.308728 1 1 0
1.28656 0.308512 0.308512 1 1 0
1.28417 0.308296 0.308296 1 1 0
1.28179 0.30808 0.30808 1 1 0
1.27941 0.307863 0.307863 1 1 0
1.27704 0.307647 0.307647 1 1 0
1.27467 0.30743 0.30743 1 1 0
1.27231 0.307213 0.307213 1 1 0
1.26996 0.306996 0.306996 1 1 0
1.26761 0.306779 0.306779 1 1 0
1.26526 0.306562 0.306562 1 1 0
1.26292 0.306344 0.306344 1 1 0
1.26059 0.306126 0.306126 1 1 0
1.25826 0.305908 0.305908 1 1 0
1.25593 0.30569 0.30569 1 1 0
1.25361 0.305472 0.305472 1 1 0
1.2513 0.305254 0.305254 1 1 0
1.24899 0.305035 0.305035 1 1 0
1.24668 0.304816 0.304816 1 1 0
1.24438 0.304598 0.304598 1 1 0
1.24209 0.304379 0.304379 1 1 0
1.2398 0.304159 0.304159 1 1 0
1.23752 0.30394 0.30394 1 1 0
1.23524 0.30372 0.30372 1 1 0
1.23296 0.303501 0.303501 1 1 0
1.23069 0.303281 0.303281 1 1 0
1.22843 0.303061 0.303061 1 1 0
1.22617 0.30284 0.30284 1 1 0
1.22391 0.30262 0.30262 1 1 0
1.22166 0.302399 0.302399 1 1 0
1.21942 0.302178 0.302178 1 1 0
1.21718 0.301958 0.301958 1 1 0
1.21494 0.301736 0.301736 1 1 0
1.21271 0.301515 0.301515 1 1 0
1.21048 0.301294 0.301294 1 1 0
1.20826 0.301072 0.301072 1 1 0
1.20605 0.30085 0.30085 1 1 0
1.20383 0.300628 0.300628 1 1 0
1.20163 0.300406 0.300406 1 1 0
1.19942 0.300184 0.300184 1 1 0
1.19723 0.299961 0.299961 1 1 0
1.19503 0.299739 0.299739 1 1 0
1.19284 0.299516 0.299516 1 1 0
1.19066 0.299293 0.299293 1 1 0
1.18848 0.29907 0.29907 1 1 0
1.18631 0.298847 0.298847 1 1 0
1.18414 0.298623 0.298623 1 1 0
1.18197 0.298399 0.298399 1 1 0
1.17981 0.298176 0.298176 1 1 0
1.17765 0.297952 0.297952 1 1 0
1.1755 0.297727 0.297727 1 1 0
1.17335 0.297503 0.297503 1 1 0
1.17121 0.297278 0.297278 1 1 0
1.16907 0.297054 0.297054 1 1 0
1.16693 0.296829 0.296829 1 1 0
1.1648 0.296604 0.296604 1 1 0
1.16268 0.296379 0.296379 1 1 0
1.16056 0.296153 0.296153 1 1 0
1.15844 0.295928 0.295928 1 1 0
1.15633 0.295702 0.295702 1 1 0
1.15422 0.295476 0.295476 1 1 0
1.15211 0.29525 0.29525 1 1 0
1.15001 0.295024 0.295024 1 1 0
1.14792 0.294797 0.294797 1 1 0
1.14583 0.294571 0.294571 1 1 0
1.14374 0.294344 0.294344 1 1 0
1.14166 0.294117 0.294117 1 1 0
1.13958 0.29389 0.29389 1 1 0
1.1375 0.293663 0.293663 1 1 0
1.13543 0.293435 0.293435 1 1 0
1.13337 0.293207 0.293207 1 1 0
1.1313 0.29298 0.29298 1 1 0
1.12925 0.292752 0.292752 1 1 0
1.12719 0.292523 0.292523 1 1 0
1.12514 0.292295 0.292295 1 1 0
1.1231 0.292067 0.292067 1 1 0
1.12105 0.291838 0.291838 1 1 0
1.11902 0.291609 0.291609 1 1 0
1.11698 0.29138 0.29138 1 1 0
1.11495 0.291151 0.291151 1 1 0
1.11293 0.290921 0.290921 1 1 0
1.11091 0.290692 0.290692 1 1 0
1.10889 0.290462 0.290462 1 1 0
1.10688 0.290232 0.290232 1 1 0
1.10487 0.290002 0.290002 1 1 0
1.10286 0.289772 0.289772 1 1 0
1.10086 0.289541 0.289541 1 1 0
1.09886 0.289311 0.289311 1 1 0
1.09687 0.28908 0.28908 1 1 0
1.09488 0.288849 0.288849 1 1 0
1.09289 0.288618 0.288618 1 1 0
1.09091 0.288386 0.288386 1 1 0
1.08893 0.288155 0.288155 1 1 0
1.08695 0.287923 0.287923 1 1 0
1.08498 0.287691 0.287691 1 1 0
1.08302 0.287459 0.287459 1 1 0
1.08105 0.287227 0.287227 1 1 0
1.07909 0.286994 0.286994 1 1 0
1.07714 0.286762 0.286762 1 1 0
1.07519 0.286529 0.286529 1 1 0
1.07324 0.286296 0.286296 1 1 0
1.07129 0.286063 0.286063 1 1 0
1.06935 0.28583 0.28583 1 1 0
1.06741 0.285596 0.285596 1 1 0
1.06548 0.285363 0.285363 1 1 0
1.06355 0.285129 0.285129 1 1 0
1.06162 0.284895 0.284895 1 1 0
1.0597 0.28466 0.28466 1 1 0
1.05778 0.284426 0.284426 1 1 0
1.05587 0.284191 0.284191 1 1 0
1.05396 0.283957 0.283957 1 1 0
1.05205 0.283722 0.283722 1 1 0
1.05014 0.283487 0.283487 1 1 0
1.04824 0.283251 0.283251 1 1 0
1.04634 0.283016 0.283016 1 1 0
1.04445 0.28278 0.28278 1 1 0
1.04256 0.282544 0.282544 1 1 0
1.04067 0.282308 0.282308 1 1 0
1.03879 0.282072 0.282072 1 1 0
1.03691 0.281836 0.281836 1 1 0
1.03503 0.281599 0.281599 1 1 0
1.03316 0.281362 0.281362 1 1 0
1.03129 0.281126 0.281126 1 1 0
1.02942 0.280888 0.280888 1 1 0
1.02756 0.280651 0.280651 1 1 0
1.0257 0.280414 0.280414 1 1 0
1.02384 0.280176 0.280176 1 1 0
1.02199 0.279938 0.279938 1 1 0
1.02014 0.2797 0.2797 1 1 0
1.01829 0.279462 0.279462 1 1 0
1.01645 0.279223 0.279223 1 1 0
1.01461 0.278985 0.278985 1 1 0
1.01278 0.278746 0.278746 1 1 0
1.01094 0.278507 0.278507 1 1 0
1.00911 0.278268 0.278268 1 1 0
1.00729 0.278029 0.278029 1 1 0
1.00546 0.277789 0.277789 1 1 0
1.00365 0.277549 0.277549 1 1 0
1.00183 0.27731 0.27731 1 1 0
1.00002 0.27707 0.27707 1 1 0
0.998206 0.276829 0.276829 1 1 0
0.996399 0.276589 0.276589 1 1 0
0.994595 0.276348 0.276348 1 1 0
0.992795 0.276107 0.276107 1 1 0
0.990998 0.275866 0.275866 1 1 0
0.989204 0.275625 0.275625 1 1 0
0.987413 0.275384 0.275384 1 1 0
0.985625 0.275142 0.275142 1 1 0
0.983841 0.2749 0.2749 1 1 0
0.982059 0.274658 0.274658 1 1 0
0.980281 0.274416 0.274416 1 1 0
0.978506 0.274174 0.274174 1 1 0
0.976733 0.273931 0.273931 1 1 0
0.974964 0.273689 0.273689 1 1 0
0.973198 0.273446 0.273446 1 1 0
0.971435 0.273203 0.273203 1 1 0
0.969675 0.27296 0.27296 1 1 0
0.967918 0.272716 0.272716 1 1 0
0.966165 0.272472 0.272472 1 1 0
0.964414 0.272229 0.272229 1 1 0
0.962666 0.271985 0.271985 1 1 0
0.960921 0.27174 0.27174 1 1 0
0.959179 0.271496 0.271496 1 1 0
0.95744 0.271251 0.271251 1 1 0
0.955704 0.271006 0.271006 1 1 0
0.953971 0.270761 0.270761 1 1 0
0.952241 0.270516 0.270516 1 1 0
0.950514 0.270271 0.270271 1 1 0
0.94879 0.270025 0.270025 1 1 0
0.947068 0.26978 0.26978 1 1 0
0.94535 0.269534 0.269534 1 1 0
0.943634 0.269287 0.269287 1 1 0
0.941922 0.269041 0.269041 1 1 0
0.940212 0.268795 0.268795 1 1 0
0.938505 0.268548 0.268548 1 1 0
0.936801 0.268301 0.268301 1 1 0
0.935099 0.268054 0.268054 1 1 0
0.933401 0.267807 0.267807 1 1 0
0.931705 0.267559 0.267559 1 1 0
0.930012 0.267311 0.267311 1 1 0
0.928322 0.267063 0.267063 1 1 0
0.926635 0.266815 0.266815 1 1 0
0.92495 0.266567 0.266567 1 1 0
0.923269 0.266319 0.266319 1 1 0
0.92159 0.26607 0.26607 1 1 0
0.919913 0.265821 0.265821 1 1 0
0.91824 0.265572 0.265572 1 1 0
0.916569 0.265323 0.265323 1 1 0
0.914901 0.265073 0.265073 1 1 0
0.913236 0.264823 0.264823 1 1 0
0.911573 0.264574 0.264574 1 1 0
0.909913 0.264323 0.264323 1 1 0
0.908256 0.264073 0.264073 1 1 0
0.906601 0.263823 0.263823 1 1 0
0.904949 0.263572 0.263572 1 1 0
0.9033 0.263321 0.263321 1 1 0
0.901653 0.26307 0.26307 1 1 0
0.900009 0.262819 0.262819 1 1 0
0.898367 0.262567 0.262567 1 1 0
0.896728 0.262316 0.262316 1 1 0
0.895092 0.262064 0.262064 1 1 0
0.893458 0.261812 0.261812 1 1 0
0.891827 0.26156 0.26156 1 1 0
0.890199 0.261307 0.261307 1 1 0
0.888573 0.261054 0.261054 1 1 0
0.886949 0.260802 0.260802 1 1 0
0.885328 0.260548 0.260548 1 1 0
0.88371 0.260295 0.260295 1 1 0
0.882094 0.260042 0.260042 1 1 0
0.880481 0.259788 0.259788 1 1 0
0.87887 0.259534 0.259534 1 1 0
0.877262 0.25928 0.25928 1 1 0
0.875656 0.259026 0.259026 1 1 0
0.874053 0.258771 0.258771 1 1 0
0.872452 0.258517 0.258517 1 1 0
0.870854 0.258262 0.258262 1 1 0
0.869258 0.258006 0.258006 1 1 0
0.867664 0.257751 0.257751 1 1 0
0.866073 0.257496 0.257496 1 1 0
0.864484 0.25724 0.25724 1 1 0
0.862898 0.256984 0.256984 1 1 0
0.861314 0.256728 0.256728 1 1 0
0.859733 0.256471 0.256471 1 1 0
0.858154 0.256215 0.256215 1 1 0
0.856577 0.255958 0.255958 1 1 0
0.855003 0.255701 0.255701 1 1 0
0.853431 0.255444 0.255444 1 1 0
0.851862 0.255187 0.255187 1 1 0
0.850294 0.254929 0.254929 1 1 0
0.84873 0.254671 0.254671 1 1 0
0.847167 0.254413 0.254413 1 1 0
0.845607 0.254155 0.254155 1 1 0
0.844049 0.253897 0.253897 1 1 0
0.842493 0.253638 0.253638 1 1 0
0.84094 0.253379 0.253379 1 1 0
0.839389 0.25312 0.25312 1 1 0
0.837841 0.252861 0.252861 1 1 0
0.836294 0.252601 0.252601 1 1 0
0.83475 0.252341 0.252341 1 1 0
0.833208 0.252082 0.252082 1 1 0
0.831668 0.251821 0.251821 1 1 0
0.830131 0.251561 0.251561 1 1 0
0.828596 0.251301 0.251301 1 1 0
0.827063 0.25104 0.25104 1 1 0
0.825532 0.250779 0.250779 1 1 0
0.824003 0.250518 0.250518 1 1 0
0.822477 0.250256 0.250256 1 1 0
0.820953 0.249995 0.249995 1 1 0
0.819431 0.249733 0.249733 1 1 0
0.817911 0.249471 0.249471 1 1 0
0.816393 0.249208 0.249208 1 1 0
0.814878 0.248946 0.248946 1 1 0
0.813365 0.248683 0.248683 1 1 0
0.811853 0.24842 0.24842 1 1 0
0.810344 0.248157 0.248157 1 1 0
0.808837 0.247894 0.247894 1 1 0
0.807333 0.24763 0.24763 1 1 0
0.80583 0.247367 0.247367 1 1 0
0.804329 0.247103 0.247103 1 1 0
0.802831 0.246838 0.246838 1 1 0
0.801334 0.246574 0.246574 1 1 0
0.79984 0.246309 0.246309 1 1 0
0.798348 0.246044 0.246044 1 1 0
0.796858 0.245779 0.245779 1 1 0
0.795369 0.245514 0.245514 1 1 0
0.793883 0.245248 0.245248 1 1 0
0.792399 0.244983 0.244983 1 1 0
0.790917 0.244717 0.244717 1 1 0
0.789437 0.24445 0.24445 1 1 0
0.787959 0.244184 0.244184 1 1 0
0.786483 0.243917 0.243917 1 1 0
0.785009 0.243651 0.243651 1 1 0
0.783537 0.243383 0.243383 1 1 0
0.782067 0.243116 0.243116 1 1 0
0.780599 0.242849 0.242849 1 1 0
0.779133 0.242581 0.242581 1 1 0
0.777669 0.242313 0.242313 1 1 0
0.776207 0.242045 0.242045 1 1 0
0.774747 0.241776 0.241776 1 1 0
0.773289 0.241508 0.241508 1 1 0
0.771833 0.241239 0.241239 1 1 0
0.770378 0.24097 0.24097 1 1 0
0.768926 0.2407 0.2407 1 1 0
0.767475 0.240431 0.240431 1 1 0
0.766027 0.240161 0.240161 1 1 0
0.76458 0.239891 0.239891 1 1 0
0.763135 0.239621 0.239621 1 1 0
0.761692 0.23935 0.23935 1 1 0
0.760251 0.23908 0.23908 1 1 0
0.758812 0.238809 0.238809 1 1 0
0.757375 0.238538 0.238538 1 1 0
0.755939 0.238266 0.238266 1 1 0
0.754505 0.237995 0.237995 1 1 0
0.753074 0.237723 0.237723 1 1 0
0.751644 0.237451 0.237451 1 1 0
0.750216 0.237178 0.237178 1 1 0
0.748789 0.236906 0.236906 1 1 0
0.747365 0.236633 0.236633 1 1 0
0.745942 0.23636 0.23636 1 1 0
0.744521 0.236087 0.236087 1 1 0
0.743102 0.235813 0.235813 1 1 0
0.741685 0.23554 0.23554 1 1 0
0.740269 0.235266 0.235266 1 1 0
0.738856 0.234992 0.234992 1 1 0
0.737444 0.234717 0.234717 1 1 0
0.736033 0.234443 0.234443 1 1 0
0.734625 0.234168 0.234168 1 1 0
0.733218 0.233893 0.233893 1 1 0
0.731813 0.233617 0.233617 1 1 0
0.73041 0.233342 0.233342 1 1 0
0.729008 0.233066 0.233066 1 1 0
0.727608 0.23279 0.23279 1 1 0
0.72621 0.232514 0.232514 1 1 0
0.724814 0.232237 0.232237 1 1 0
0.723419 0.23196 0.23196 1 1 0
0.722026 0.231683 0.231683 1 1 0
0.720635 0.231406 0.231406 1 1 0
0.719245 0.231129 0.231129 1 1 0
0.717857 0.230851 0.230851 1 1 0
0.716471 0.230573 0.230573 1 1 0
0.715086 0.230295 0.230295 1 1 0
0.713703 0.230016 0.230016 1 1 0
0.712322 0.229738 0.229738 1 1 0
0.710942 0.229459 0.229459 1 1 0
0.709564 0.229179 0.229179 1 1 0
0.708187 0.2289 0.2289 1 1 0
0.706812 0.22862 0.22862 1 1 0
0.705439 0.228341 0.228341 1 1 0
0.704067 0.22806 0.22806 1 1 0
0.702697 0.22778 0.22778 1 1 0
0.701329 0.227499 0.227499 1 1 0
0.699962 0.227219 0.227219 1 1 0
0.698596 0.226937 0.226937 1 1 0
0.697233 0.226656 0.226656 1 1 0
0.69587 0.226375 0.226375 1 1 0
0.69451 0.226093 0.226093 1 1 0
0.693151 0.225811 0.225811 1 1 0
0.691793 0.225528 0.225528 1 1 0
0.690437 0.225246 0.225246 1 1 0
0.689082 0.224963 0.224963 1 1 0
0.687729 0.22468 0.22468 1 1 0
0.686378 0.224396 0.224396 1 1 0
0.685028 0.224113 0.224113 1 1 0
0.68368 0.223829 0.223829 1 1 0
0.682333 0.223545 0.223545 1 1 0
0.680987 0.223261 0.223261 1 1 0
0.679643 0.222976 0.222976 1 1 0
0.678301 0.222691 0.222691 1 1 0
0.67696 0.222406 0.222406 1 1 0
0.67562 0.222121 0.222121 1 1 0
0.674282 0.221835 0.221835 1 1 0
0.672946 0.221549 0.221549 1 1 0
0.67161 0.221263 0.221263 1 1 0
0.670277 0.220977 0.220977 1 1 0
0.668945 0.22069 0.22069 1 1 0
0.667614 0.220403 0.220403 1 1 0
0.666284 0.220116 0.220116 1 1 0
0.664956 0.219829 0.219829 1 1 0
0.66363 0.219541 0.219541 1 1 0
0.662304 0.219253 0.219253 1 1 0
0.660981 0.218965 0.218965 1 1 0
0.659658 0.218677 0.218677 1 1 0
0.658337 0.218388 0.218388 1 1 0
0.657018 0.218099 0.218099 1 1 0
0.655699 0.21781 0.21781 1 1 0
0.654383 0.217521 0.217521 1 1 0
0.653067 0.217231 0.217231 1 1 0
0.651753 0.216941 0.216941 1 1 0
0.65044 0.216651 0.216651 1 1 0
0.649129 0.21636 0.21636 1 1 0
0.647819 0.21607 0.21607 1 1 0
0.64651 0.215779 0.215779 1 1 0
0.645202 0.215487 0.215487 1 1 0
0.643896 0.215196 0.215196 1 1 0
0.642592 0.214904 0.214904 1 1 0
0.641288 0.214612 0.214612 1 1 0
0.639986 0.21432 0.21432 1 1 0
0.638685 0.214027 0.214027 1 1 0
0.637385 0.213734 0.213734 1 1 0
0.636087 0.213441 0.213441 1 1 0
0.63479 0.213148 0.213148 1 1 0
0.633494 0.212854 0.212854 1 1 0
0.6322 0.21256 0.21256 1 1 0
0.630907 0.212266 0.212266 1 1 0
0.629615 0.211971 0.211971 1 1 0
0.628324 0.211677 0.211677 1 1 0
0.627035 0.211382 0.211382 1 1 0
0.625746 0.211087 0.211087 1 1 0
0.624459 0.210791 0.210791 1 1 0
0.623174 0.210495 0.210495 1 1 0
0.621889 0.210199 0.210199 1 1 0
0.620606 0.209903 0.209903 1 1 0
0.619324 0.209606 0.209606 1 1 0
0.618043 0.209309 0.209309 1 1 0
0.616763 0.209012 0.209012 1 1 0
0.615485 0.208715 0.208715 1 1 0
0.614208 0.208417 0.208417 1 1 0
0.612931 0.208119 0.208119 1 1 0
0.611657 0.207821 0.207821 1 1 0
0.610383 0.207522 0.207522 1 1 0
0.60911 0.207224 0.207224 1 1 0
0.607839 0.206924 0.206924 1 1 0
0.606569 0.206625 0.206625 1 1 0
0.6053 0.206326 0.206326 1 1 0
0.604032 0.206026 0.206026 1 1 0
0.602765 0.205725 0.205725 1 1 0
0.601499 0.205425 0.205425 1 1 0
0.600235 0.205124 0.205124 1 1 0
0.598971 0.204823 0.204823 1 1 0
0.597709 0.204522 0.204522 1 1 0
0.596448 0.20422 0.20422 1 1 0
0.595188 0.203919 0.203919 1 1 0
0.593929 0.203616 0.203616 1 1 0
0.592671 0.203314 0.203314 1 1 0
0.591414 0.203011 0.203011 1 1 0
0.590158 0.202708 0.202708 1 1 0
0.588904 0.202405 0.202405 1 1 0
0.58765 0.202101 0.202101 1 1 0
0.586398 0.201798 0.201798 1 1 0
0.585146 0.201494 0.201494 1 1 0
0.583896 0.201189 0.201189 1 1 0
0.582647 0.200884 0.200884 1 1 0
0.581399 0.20058 0.20058 1 1 0
0.580151 0.200274 0.200274 1 1 0
0.578905 0.199969 0.199969 1 1 0
0.57766 0.199663 0.199663 1 1 0
0.576416 0.199357 0.199357 1 1 0
0.575173 0.19905 0.19905 1 1 0
0.573931 0.198744 0.198744 1 1 0
0.57269 0.198437 0.198437 1 1 0
0.57145 0.198129 0.198129 1 1 0
0.570211 0.197822 0.197822 1 1 0
0.568973 0.197514 0.197514 1 1 0
0.567736 0.197206 0.197206 1 1 0
0.5665 0.196897 0.196897 1 1 0
0.565265 0.196589 0.196589 1 1 0
0.564031 0.19628 0.19628 1 1 0
0.562798 0.19597 0.19597 1 1 0
0.561566 0.195661 0.195661 1 1 0
0.560335 0.195351 0.195351 1 1 0
0.559105 0.195041 0.195041 1 1 0
0.557875 0.19473 0.19473 1 1 0
0.556647 0.19442 0.19442 1 1 0
0.55542 0.194108 0.194108 1 1 0
0.554193 0.193797 0.193797 1 1 0
0.552968 0.193485 0.193485 1 1 0
0.551743 0.193173 0.193173 1 1 0
0.55052 0.192861 0.192861 1 1 0
0.549297 0.192549 0.192549 1 1 0
0.548075 0.192236 0.192236 1 1 0
0.546854 0.191923 0.191923 1 1 0
0.545634 0.191609 0.191609 1 1 0
0.544415 0.191295 0.191295 1 1 0
0.543197 0.190981 0.190981 1 1 0
0.54198 0.190667 0.190667 1 1 0
0.540764 0.190352 0.190352 1 1 0
0.539548 0.190037 0.190037 1 1 0
0.538334 0.189722 0.189722 1 1 0
0.53712 0.189407 0.189407 1 1 0
0.535907 0.189091 0.189091 1 1 0
0.534695 0.188775 0.188775 1 1 0
0.533484 0.188458 0.188458 1 1 0
0.532273 0.188141 0.188141 1 1 0
0.531064 0.187824 0.187824 1 1 0
0.529855 0.187507 0.187507 1 1 0
0.528648 0.187189 0.187189 1 1 0
0.527441 0.186871 0.186871 1 1 0
0.526234 0.186553 0.186553 1 1 0
0.525029 0.186234 0.186234 1 1 0
0.523825 0.185916 0.185916 1 1 0
0.522621 0.185596 0.185596 1 1 0
0.521418 0.185277 0.185277 1 1 0
0.520216 0.184957 0.184957 1 1 0
0.519015 0.184637 0.184637 1 1 0
0.517815 0.184316 0.184316 1 1 0
0.516615 0.183996 0.183996 1 1 0
0.515416 0.183675 0.183675 1 1 0
0.514218 0.183353 0.183353 1 1 0
0.513021 0.183032 0.183032 1 1 0
0.511824 0.18271 0.18271 1 1 0
0.510629 0.182387 0.182387 1 1 0
0.509434 0.182065 0.182065 1 1 0
0.50824 0.181742 0.181742 1 1 0
0.507046 0.181419 0.181419 1 1 0
0.505853 0.181095 0.181095 1 1 0
0.504662 0.180771 0.180771 1 1 0
0.50347 0.180447 0.180447 1 1 0
0.50228 0.180122 0.180122 1 1 0
0.50109 0.179798 0.179798 1 1 0
0.499901 0.179473 0.179473 1 1 0
0.498713 0.179147 0.179147 1 1 0
0.497526 0.178821 0.178821 1 1 0
0.496339 0.178495 0.178495 1 1 0
0.495153 0.178169 0.178169 1 1 0
0.493968 0.177842 0.177842 1 1 0
0.492783 0.177515 0.177515 1 1 0
0.491599 0.177188 0.177188 1 1 0
0.490416 0.17686 0.17686 1 1 0
0.489233 0.176532 0.176532 1 1 0
0.488052 0.176204 0.176204 1 1 0
0.486871 0.175875 0.175875 1 1 0
0.48569 0.175547 0.175547 1 1 0
0.48451 0.175217 0.175217 1 1 0
0.483331 0.174888 0.174888 1 1 0
0.482153 0.174558 0.174558 1 1 0
0.480975 0.174228 0.174228 1 1 0
0.479798 0.173897 0.173897 1 1 0
0.478622 0.173566 0.173566 1 1 0
0.477446 0.173235 0.173235 1 1 0
0.476271 0.172904 0.172904 1 1 0
0.475097 0.172572 0.172572 1 1 0
0.473923 0.17224 0.17224 1 1 0
0.47275 0.171908 0.171908 1 1 0
0.471578 0.171575 0.171575 1 1 0
0.470406 0.171242 0.171242 1 1 0
0.469235 0.170908 0.170908 1 1 0
0.468064 0.170575 0.170575 1 1 0
0.466895 0.170241 0.170241 1 1 0
0.465725 0.169906 0.169906 1 1 0
0.464557 0.169572 0.169572 1 1 0
0.463389 0.169237 0.169237 1 1 0
0.462222 0.168901 0.168901 1 1 0
0.461055 0.168566 0.168566 1 1 0
0.459889 0.16823 0.16823 1 1 0
0.458723 0.167894 0.167894 1 1 0
0.457558 0.167557 0.167557 1 1 0
0.456394 0.16722 0.16722 1 1 0
0.45523 0.166883 0.166883 1 1 0
0.454067 0.166545 0.166545 1 1 0
0.452905 0.166207 0.166207 1 1 0
0.451743 0.165869 0.165869 1 1 0
0.450582 0.165531 0.165531 1 1 0
0.449421 0.165192 0.165192 1 1 0
0.448261 0.164853 0.164853 1 1 0
0.447101 0.164513 0.164513 1 1 0
0.445942 0.164173 0.164173 1 1 0
0.444784 0.163833 0.163833 1 1 0
0.443626 0.163493 0.163493 1 1 0
0.442469 0.163152 0.163152 1 1 0
0.441312 0.162811 0.162811 1 1 0
0.440156 0.162469 0.162469 1 1 0
0.439001 0.162128 0.162128 1 1 0
0.437846 0.161786 0.161786 1 1 0
0.436692 0.161443 0.161443 1 1 0
0.435538 0.161101 0.161101 1 1 0
0.434385 0.160758 0.160758 1 1 0
0.433232 0.160414 0.160414 1 1 0
0.43208 0.160071 0.160071 1 1 0
0.430928 0.159727 0.159727 1 1 0
0.429777 0.159382 0.159382 1 1 0
0.428627 0.159038 0.159038 1 1 0
0.427477 0.158693 0.158693 1 1 0
0.426327 0.158348 0.158348 1 1 0
0.425179 0.158002 0.158002 1 1 0
0.42403 0.157656 0.157656 1 1 0
0.422883 0.15731 0.15731 1 1 0
0.421735 0.156963 0.156963 1 1 0
0.420589 0.156617 0.156617 1 1 0
0.419443 0.156269 0.156269 1 1 0
0.418297 0.155922 0.155922 1 1 0
0.417152 0.155574 0.155574 1 1 0
0.416008 0.155226 0.155226 1 1 0
0.414864 0.154878 0.154878 1 1 0
0.41372 0.154529 0.154529 1 1 0
0.412577 0.15418 0.15418 1 1 0
0.411435 0.153831 0.153831 1 1 0
0.410293 0.153481 0.153481 1 1 0
0.409152 0.153131 0.153131 1 1 0
0.408011 0.152781 0.152781 1 1 0
0.406871 0.15243 0.15243 1 1 0
0.405731 0.152079 0.152079 1 1 0
0.404592 0.151728 0.151728 1 1 0
0.403453 0.151377 0.151377 1 1 0
0.402315 0.151025 0.151025 1 1 0
0.401177 0.150673 0.150673 1 1 0
0.40004 0.15032 0.15032 1 1 0
0.398904 0.149968 0.149968 1 1 0
0.397768 0.149615 0.149615 1 1 0
0.396632 0.149261 0.149261 1 1 0
0.395497 0.148908 0.148908 1 1 0
0.394363 0.148554 0.148554 1 1 0
0.393229 0.148199 0.148199 1 1 0
0.392096 0.147845 0.147845 1 1 0
0.390963 0.14749 0.14749 1 1 0
0.38983 0.147135 0.147135 1 1 0
0.388699 0.14678 0.14678 1 1 0
0.387567 0.146424 0.146424 1 1 0
0.386437 0.146068 0.146068 1 1 0
0.385307 0.145712 0.145712 1 1 0
0.384177 0.145355 0.145355 1 1 0
0.383048 0.144998 0.144998 1 1 0
0.381919 0.144641 0.144641 1 1 0
0.380791 0.144284 0.144284 1 1 0
0.379664 0.143926 0.143926 1 1 0
0.378537 0.143568 0.143568 1 1 0
0.377411 0.14321 0.14321 1 1 0
0.376285 0.142851 0.142851 1 1 0
0.375159 0.142492 0.142492 1 1 0
0.374035 0.142133 0.142133 1 1 0
0.372911 0.141774 0.141774 1 1 0
0.371787 0.141414 0.141414 1 1 0
0.370664 0.141055 0.141055 1 1 0
0.369541 0.140694 0.140694 1 1 0
0.36842 0.140334 0.140334 1 1 0
0.367298 0.139973 0.139973 1 1 0
0.366177 0.139612 0.139612 1 1 0
0.365057 0.139251 0.139251 1 1 0
0.363938 0.13889 0.13889 1 1 0
0.362819 0.138528 0.138528 1 1 0
0.3617 0.138166 0.138166 1 1 0
0.360582 0.137804 0.137804 1 1 0
0.359465 0.137441 0.137441 1 1 0
0.358348 0.137079 0.137079 1 1 0
0.357232 0.136716 0.136716 1 1 0
0.356117 0.136352 0.136352 1 1 0
0.355002 0.135989 0.135989 1 1 0
0.353888 0.135625 0.135625 1 1 0
0.352774 0.135261 0.135261 1 1 0
0.351661 0.134897 0.134897 1 1 0
0.350549 0.134533 0.134533 1 1 0
0.349437 0.134168 0.134168 1 1 0
0.348326 0.133804 0.133804 1 1 0
0.347216 0.133439 0.133439 1 1 0
0.346106 0.133073 0.133073 1 1 0
0.344997 0.132708 0.132708 1 1 0
0.343888 0.132342 0.132342 1 1 0
0.342781 0.131977 0.131977 1 1 0
0.341674 0.13161 0.13161 1 1 0
0.340567 0.131244 0.131244 1 1 0
0.339461 0.130878 0.130878 1 1 0
0.338356 0.130511 0.130511 1 1 0
0.337252 0.130144 0.130144 1 1 0
0.336149 0.129777 0.129777 1 1 0
0.335046 0.12941 0.12941 1 1 0
0.333943 0.129043 0.129043 1 1 0
0.332842 0.128675 0.128675 1 1 0
0.331741 0.128308 0.128308 1 1 0
0.330641 0.12794 0.12794 1 1 0
0.329542 0.127572 0.127572 1 1 0
0.328444 0.127203 0.127203 1 1 0
0.327346 0.126835 0.126835 1 1 0
0.326249 0.126467 0.126467 1 1 0
0.325153 0.126098 0.126098 1 1 0
0.324058 0.125729 0.125729 1 1 0
0.322963 0.12536 0.12536 1 1 0
0.32187 0.124991 0.124991 1 1 0
0.320777 0.124622 0.124622 1 1 0
0.319685 0.124253 0.124253 1 1 0
0.318594 0.123884 0.123884 1 1 0
0.317504 0.123514 0.123514 1 1 0
0.316414 0.123144 0.123144 1 1 0
0.315326 0.122775 0.122775 1 1 0
0.314238 0.122405 0.122405 1 1 0
0.313152 0.122035 0.122035 1 1 0
0.312066 0.121665 0.121665 1 1 0
0.310981 0.121295 0.121295 1 1 0
0.309897 0.120925 0.120925 1 1 0
0.308814 0.120555 0.120555 1 1 0
0.307732 0.120184 0.120184 1 1 0
0.306651 0.119814 0.119814 1 1 0
0.305571 0.119444 0.119444 1 1 0
0.304492 0.119073 0.119073 1 1 0
0.303414 0.118703 0.118703 1 1 0
0.302337 0.118333 0.118333 1 1 0
0.301261 0.117962 0.117962 1 1 0
0.300186 0.117592 0.117592 1 1 0
0.299113 0.117221 0.117221 1 1 0
0.29804 0.11685 0.11685 1 1 0
0.296968 0.11648 0.11648 1 1 0
0.295898 0.116109 0.116109 1 1 0
0.294829 0.115739 0.115739 1 1 0
0.29376 0.115368 0.115368 1 1 0
0.292693 0.114998 0.114998 1 1 0
0.291627 0.114628 0.114628 1 1 0
0.290563 0.114257 0.114257 1 1 0
0.289499 0.113887 0.113887 1 1 0
0.288437 0.113517 0.113517 1 1 0
0.287376 0.113146 0.113146 1 1 0
0.286316 0.112776 0.112776 1 1 0
0.285258 0.112406 0.112406 1 1 0
0.284201 0.112036 0.112036 1 1 0
0.283145 0.111667 0.111667 1 1 0
0.282091 0.111297 0.111297 1 1 0
0.281037 0.110927 0.110927 1 1 0
0.279986 0.110558 0.110558 1 1 0
0.278935 0.110188 0.110188 1 1 0
0.277886 0.109819 0.109819 1 1 0
0.276839 0.10945 0.10945 1 1 0
0.275793 0.109081 0.109081 1 1 0
0.274748 0.108712 0.108712 1 1 0
0.273705 0.108344 0.108344 1 1 0
0.272663 0.107975 0.107975 1 1 0
0.271623 0.107607 0.107607 1 1 0
0.270584 0.107239 0.107239 1 1 0
0.269547 0.106871 0.106871 1 1 0
0.268512 0.106504 0.106504 1 1 0
0.267478 0.106136 0.106136 1 1 0
0.266446 0.105769 0.105769 1 1 0
0.265415 0.105403 0.105403 1 1 0
0.264386 0.105036 0.105036 1 1 0
0.263359 0.10467 0.10467 1 1 0
0.262334 0.104304 0.104304 1 1 0
0.26131 0.103938 0.103938 1 1 0
0.260288 0.103572 0.103572 1 1 0
0.259268 0.103207 0.103207 1 1 0
0.258249 0.102842 0.102842 1 1 0
0.257233 0.102478 0.102478 1 1 0
0.256218 0.102114 0.102114 1 1 0
0.255205 0.10175 0.10175 1 1 0
0.254194 0.101387 0.101387 1 1 0
0.253185 0.101024 0.101024 1 1 0
0.252178 0.100661 0.100661 1 1 0
0.251173 0.100299 0.100299 1 1 0
0.25017 0.0999368 0.0999368 1 1 0
0.249168 0.0995753 0.0995753 1 1 0
0.248169 0.0992143 0.0992143 1 1 0
0.247172 0.0988537 0.0988537 1 1 0
0.246177 0.0984936 0.0984936 1 1 0
0.245185 0.0981339 0.0981339 1 1 0
0.244194 0.0977747 0.0977747 1 1 0
0.243205 0.097416 0.097416 1 1 0
0.242219 0.0970578 0.0970578 1 1 0
0.241235 0.0967001 0.0967001 1 1 0
0.240253 0.0963429 0.0963429 1 1 0
0.239273 0.0959863 0.0959863 1 1 0
0.238296 0.0956302 0.0956302 1 1 0
0.237321 0.0952746 0.0952746 1 1 0
0.236348 0.0949196 0.0949196 1 1 0
0.235378 0.0945652 0.0945652 1 1 0
0.23441 0.0942114 0.0942114 1 1 0
0.233445 0.0938582 0.0938582 1 1 0
0.232481 0.0935056 0.0935056 1 1 0
0.231521 0.0931536 0.0931536 1 1 0
0.230563 0.0928022 0.0928022 1 1 0
0.229607 0.0924515 0.0924515 1 1 0
0.228654 0.0921015 0.0921015 1 1 0
0.227704 0.0917522 0.0917522 1 1 0
0.226756 0.0914035 0.0914035 1 1 0
0.22581 0.0910555 0.0910555 1 1 0
0.224868 0.0907082 0.0907082 1 1 0
0.223928 0.0903617 0.0903617 1 1 0
0.22299 0.0900158 0.0900158 1 1 0
0.222056 0.0896708 0.0896708 1 1 0
0.221124 0.0893265 0.0893265 1 1 0
0.220195 0.0889829 0.0889829 1 1 0
0.219269 0.0886401 0.0886401 1 1 0
0.218345 0.0882981 0.0882981 1 1 0
0.217425 0.087957 0.087957 1 1 0
0.216507 0.0876166 0.0876166 1 1 0
0.215592 0.0872771 0.0872771 1 1 0
0.21468 0.0869384 0.0869384 1 1 0
0.213771 0.0866005 0.0866005 1 1 0
0.212865 0.0862635 0.0862635 1 1 0
0.211962 0.0859274 0.0859274 1 1 0
0.211062 0.0855922 0.0855922 1 1 0
0.210165 0.0852578 0.0852578 1 1 0
0.209271 0.0849244 0.0849244 1 1 0
0.20838 0.0845918 0.0845918 1 1 0
0.207492 0.0842603 0.0842603 1 1 0
0.206608 0.0839296 0.0839296 1 1 0
0.205726 0.0835999 0.0835999 1 1 0
0.204848 0.0832712 0.0832712 1 1 0
0.203973 0.0829434 0.0829434 1 1 0
0.203101 0.0826166 0.0826166 1 1 0
0.202232 0.0822908 0.0822908 1 1 0
0.201366 0.081966 0.081966 1 1 0
0.200504 0.0816422 0.0816422 1 1 0
0.199645 0.0813194 0.0813194 1 1 0
0.19879 0.0809977 0.0809977 1 1 0
0.197937 0.080677 0.080677 1 1 0
0.197088 0.0803574 0.0803574 1 1 0
0.196243 0.0800388 0.0800388 1 1 0
0.1954 0.0797213 0.0797213 1 1 0
0.194562 0.0794048 0.0794048 1 1 0
0.193726 0.0790895 0.0790895 1 1 0
0.192894 0.0787753 0.0787753 1 1 0
0.192066 0.0784621 0.0784621 1 1 0
0.191241 0.0781501 0.0781501 1 1 0
0.190419 0.0778392 0.0778392 1 1 0
0.189601 0.0775294 0.0775294 1 1 0
0.188786 0.0772208 0.0772208 1 1 0
0.187975 0.0769133 0.0769133 1 1 0
0.187168 0.076607 0.076607 1 1 0
0.186364 0.0763019 0.0763019 1 1 0
0.185563 0.0759979 0.0759979 1 1 0
0.184766 0.0756951 0.0756951 1 1 0
0.183973 0.0753934 0.0753934 1 1 0
0.183183 0.075093 0.075093 1 1 0
0.182397 0.0747938 0.0747938 1 1 0
0.181615 0.0744958 0.0744958 1 1 0
0.180836 0.0741989 0.0741989 1 1 0
0.180061 0.0739033 0.0739033 1 1 0
0.179289 0.073609 0.073609 1 1 0
0.178521 0.0733158 0.0733158 1 1 0
0.177757 0.0730239 0.0730239 1 1 0
0.176997 0.0727333 0.0727333 1 1 0
0.17624 0.0724438 0.0724438 1 1 0
0.175486 0.0721557 0.0721557 1 1 0
0.174737 0.0718688 0.0718688 1 1 0
0.173991 0.0715831 0.0715831 1 1 0
0.173249 0.0712987 0.0712987 1 1 0
0.172511 0.0710156 0.0710156 1 1 0
0.171776 0.0707338 0.0707338 1 1 0
0.171045 0.0704532 0.0704532 1 1 0
0.170318 0.0701739 0.0701739 1 1 0
0.169594 0.0698959 0.0698959 1 1 0
0.168874 0.0696192 0.0696192 1 1 0
0.168158 0.0693438 0.0693438 1 1 0
0.167446 0.0690696 0.0690696 1 1 0
0.166737 0.0687968 0.0687968 1 1 0
0.166032 0.0685252 0.0685252 1 1 0
0.165331 0.068255 0.068255 1 1 0
0.164634 0.067986 0.067986 1 1 0
0.16394 0.0677184 0.0677184 1 1 0
0.16325 0.0674521 0.0674521 1 1 0
0.162564 0.067187 0.067187 1 1 0
0.161881 0.0669233 0.0669233 1 1 0
0.161202 0.0666609 0.0666609 1 1 0
0.160527 0.0663998 0.0663998 1 1 0
0.159856 0.06614 0.06614 1 1 0
0.159188 0.0658815 0.0658815 1 1 0
0.158524 0.0656244 0.0656244 1 1 0
0.157864 0.0653685 0.0653685 1 1 0
0.157207 0.065114 0.065114 1 1 0
0.156554 0.0648607 0.0648607 1 1 0
0.155905 0.0646088 0.0646088 1 1 0
0.155259 0.0643582 0.0643582 1 1 0
0.154617 0.0641088 0.0641088 1 1 0
0.153979 0.0638608 0.0638608 1 1 0
0.153344 0.0636141 0.0636141 1 1 0
0.152713 0.0633687 0.0633687 1 1 0
0.152086 0.0631246 0.0631246 1 1 0
0.151462 0.0628818 0.0628818 1 1 0
0.150842 0.0626403 0.0626403 1 1 0
0.150225 0.0624001 0.0624001 1 1 0
0.149613 0.0621612 0.0621612 1 1 0
0.149003 0.0619236 0.0619236 1 1 0
0.148397 0.0616873 0.0616873 1 1 0
0.147795 0.0614523 0.0614523 1 1 0
0.147196 0.0612185 0.0612185 1 1 0
0.146601 0.0609861 0.0609861 1 1 0
0.14601 0.0607549 0.0607549 1 1 0
0.145421 0.060525 0.060525 1 1 0
0.144837 0.0602963 0.0602963 1 1 0
0.144256 0.0600689 0.0600689 1 1 0
0.143678 0.0598428 0.0598428 1 1 0
0.143104 0.059618 0.059618 1 1 0
0.142533 0.0593944 0.0593944 1 1 0
0.141965 0.0591721 0.0591721 1 1 0
0.141401 0.058951 0.058951 1 1 0
0.140841 0.0587311 0.0587311 1 1 0
0.140284 0.0585125 0.0585125 1 1 0
0.13973 0.0582952 0.0582952 1 1 0
0.139179 0.058079 0.058079 1 1 0
0.138632 0.0578641 0.0578641 1 1 0
0.138089 0.0576505 0.0576505 1 1 0
0.137548 0.057438 0.057438 1 1 0
0.137011 0.0572267 0.0572267 1 1 0
0.136477 0.0570167 0.0570167 1 1 0
0.135946 0.0568079 0.0568079 1 1 0
0.135419 0.0566002 0.0566002 1 1 0
0.134895 0.0563938 0.0563938 1 1 0
0.134374 0.0561885 0.0561885 1 1 0
0.133856 0.0559844 0.0559844 1 1 0
0.133341 0.0557815 0.0557815 1 1 0
0.13283 0.0555798 0.0555798 1 1 0
0.132322 0.0553792 0.0553792 1 1 0
0.131816 0.0551798 0.0551798 1 1 0
0.131314 0.0549816 0.0549816 1 1 0
0.130815 0.0547845 0.0547845 1 1 0
0.130319 0.0545885 0.0545885 1 1 0
0.129827 0.0543937 0.0543937 1 1 0
0.129337 0.0542 0.0542 1 1 0
0.12885 0.0540074 0.0540074 1 1 0
0.128366 0.0538159 0.0538159 1 1 0
0.127885 0.0536256 0.0536256 1 1 0
0.127407 0.0534364 0.0534364 1 1 0
0.126932 0.0532482 0.0532482 1 1 0
0.12646 0.0530612 0.0530612 1 1 0
0.125991 0.0528753 0.0528753 1 1 0
0.125525 0.0526904 0.0526904 1 1 0
0.125062 0.0525066 0.0525066 1 1 0
0.124601 0.0523239 0.0523239 1 1 0
0.124143 0.0521422 0.0521422 1 1 0
0.123688 0.0519616 0.0519616 1 1 0
0.123236 0.051782 0.051782 1 1 0
0.122787 0.0516035 0.0516035 1 1 0
0.12234 0.0514261 0.0514261 1 1 0
0.121897 0.0512496 0.0512496 1 1 0
0.121456 0.0510742 0.0510742 1 1 0
0.121017 0.0508998 0.0508998 1 1 0
0.120582 0.0507264 0.0507264 1 1 0
0.120148 0.050554 0.050554 1 1 0
0.119718 0.0503826 0.0503826 1 1 0
0.11929 0.0502122 0.0502122 1 1 0
0.118865 0.0500428 0.0500428 1 1 0
0.118443 0.0498744 0.0498744 1 1 0
0.118023 0.0497069 0.0497069 1 1 0
0.117605 0.0495405 0.0495405 1 1 0
0.11719 0.0493749 0.0493749 1 1 0
0.116778 0.0492103 0.0492103 1 1 0
0.116368 0.0490467 0.0490467 1 1 0
0.115961 0.048884 0.048884 1 1 0
0.115556 0.0487223 0.0487223 1 1 0
0.115153 0.0485614 0.0485614 1 1 0
0.114753 0.0484015 0.0484015 1 1 0
0.114355 0.0482426 0.0482426 1 1 0
0.11396 0.0480845 0.0480845 1 1 0
0.113567 0.0479273 0.0479273 1 1 0
0.113177 0.047771 0.047771 1 1 0
0.112789 0.0476156 0.0476156 1 1 0
0.112403 0.0474611 0.0474611 1 1 0
0.112019 0.0473075 0.0473075 1 1 0
0.111638 0.0471547 0.0471547 1 1 0
0.111259 0.0470028 0.0470028 1 1 0
0.110882 0.0468517 0.0468517 1 1 0
0.110507 0.0467015 0.0467015 1 1 0
0.110135 0.0465522 0.0465522 1 1 0
0.109765 0.0464037 0.0464037 1 1 0
0.109397 0.046256 0.046256 1 1 0
0.109031 0.0461092 0.0461092 1 1 0
0.108668 0.0459631 0.0459631 1 1 0
0.108306 0.0458179 0.0458179 1 1 0
0.107947 0.0456735 0.0456735 1 1 0
0.107589 0.0455299 0.0455299 1 1 0
0.107234 0.0453871 0.0453871 1 1 0
0.106881 0.0452451 0.0452451 1 1 0
0.10653 0.0451039 0.0451039 1 1 0
0.106181 0.0449634 0.0449634 1 1 0
0.105834 0.0448238 0.0448238 1 1 0
0.105489 0.0446848 0.0446848 1 1 0
0.105146 0.0445467 0.0445467 1 1 0
0.104805 0.0444093 0.0444093 1 1 0
0.104466 0.0442727 0.0442727 1 1 0
0.104129 0.0441368 0.0441368 1 1 0
0.103793 0.0440016 0.0440016 1 1 0
0.10346 0.0438672 0.0438672 1 1 0
0.103129 0.0437335 0.0437335 1 1 0
0.102799 0.0436005 0.0436005 1 1 0
0.102471 0.0434682 0.0434682 1 1 0
0.102145 0.0433367 0.0433367 1 1 0
0.101821 0.0432058 0.0432058 1 1 0
0.101499 0.0430757 0.0430757 1 1 0
0.101179 0.0429462 0.0429462 1 1 0
0.10086 0.0428175 0.0428175 1 1 0
0.100543 0.0426894 0.0426894 1 1 0
0.100228 0.042562 0.042562 1 1 0
0.0999149 0.0424353 0.0424353 1 1 0
0.0996033 0.0423092 0.0423092 1 1 0
0.0992934 0.0421838 0.0421838 1 1 0
0.0989852 0.0420591 0.0420591 1 1 0
0.0986787 0.041935 0.041935 1 1 0
0.0983739 0.0418115 0.0418115 1 1 0
0.0980708 0.0416887 0.0416887 1 1 0
0.0977693 0.0415666 0.0415666 1 1 0
0.0974694 0.041445 0.041445 1 1 0
0.0971712 0.0413241 0.0413241 1 1 0
0.0968746 0.0412038 0.0412038 1 1 0
0.0965796 0.0410842 0.0410842 1 1 0
0.0962861 0.0409651 0.0409651 1 1 0
0.0959943 0.0408467 0.0408467 1 1 0
0.095704 0.0407288 0.0407288 1 1 0
0.0954152 0.0406116 0.0406116 1 1 0
0.095128 0.0404949 0.0404949 1 1 0
0.0948423 0.0403789 0.0403789 1 1 0
0.0945581 0.0402634 0.0402634 1 1 0
0.0942754 0.0401485 0.0401485 1 1 0
0.0939942 0.0400342 0.0400342 1 1 0
0.0937144 0.0399204 0.0399204 1 1 0
0.0934362 0.0398072 0.0398072 1 1 0
0.0931593 0.0396946 0.0396946 1 1 0
0.0928839 0.0395825 0.0395825 1 1 0
0.09261 0.039471 0.039471 1 1 0
0.0923374 0.03936 0.03936 1 1 0
0.0920663 0.0392496 0.0392496 1 1 0
0.0917965 0.0391397 0.0391397 1 1 0
0.0915282 0.0390304 0.0390304 1 1 0
0.0912612 0.0389215 0.0389215 1 1 0
0.0909955 0.0388133 0.0388133 1 1 0
0.0909955 0.0388133 0.0388133 2 1 0
0.0907312 0.0387055 0.0387055 1 1 0
0.0904682 0.0385982 0.0385982 1 1 0
0.0902066 0.0384915 0.0384915 1 1 0
0.0899463 0.0383853 0.0383853 1 1 0
0.0896873 0.0382796 0.0382796 1 1 0
0.0894295 0.0381743 0.0381743 1 1 0
0.0891731 0.0380696 0.0380696 1 1 0
0.0889179 0.0379654 0.0379654 1 1 0
0.088664 0.0378617 0.0378617 1 1 0
0.0884114 0.0377584 0.0377584 1 1 0
0.08816 0.0376557 0.0376557 1 1 0
0.0879098 0.0375534 0.0375534 1 1 0
0.0876608 0.0374516 0.0374516 1 1 0
0.0874131 0.0373502 0.0373502 1 1 0
0.0871666 0.0372494 0.0372494 1 1 0
0.0869212 0.037149 0.037149 1 1 0
0.086677 0.037049 0.037049 1 1 0
0.0864341 0.0369496 0.0369496 1 1 0
0.0861922 0.0368505 0.0368505 1 1 0
0.0859516 0.0367519 0.0367519 1 1 0
0.0857121 0.0366538 0.0366538 1 1 0
0.0854737 0.0365561 0.0365561 1 1 0
0.0852364 0.0364589 0.0364589 1 1 0
0.0850003 0.0363621 0.0363621 1 1 0
0.0847653 0.0362657 0.0362657 1 1 0
0.0845314 0.0361697 0.0361697 1 1 0
0.0842985 0.0360742 0.0360742 1 1 0
0.0840668 0.0359791 0.0359791 1 1 0
0.0838361 0.0358844 0.0358844 1 1 0
0.0836065 0.0357902 0.0357902 1 1 0
0.083378 0.0356963 0.0356963 1 1 0
0.0831505 0.0356029 0.0356029 1 1 0
0.082924 0.0355098 0.0355098 1 1 0
0.0826986 0.0354172 0.0354172 1 1 0
0.0824742 0.035325 0.035325 1 1 0
0.0822509 0.0352331 0.0352331 1 1 0
0.0820285 0.0351417 0.0351417 1 1 0
0.0818072 0.0350506 0.0350506 1 1 0
0.0815868 0.03496 0.03496 1 1 0
0.0813674 0.0348697 0.0348697 1 1 0
0.081149 0.0347798 0.0347798 1 1 0
0.0809316 0.0346903 0.0346903 1 1 0
0.0807151 0.0346012 0.0346012 1 1 0
0.0804996 0.0345124 0.0345124 1 1 0
0.0802851 0.034424 0.034424 1 1 0
0.0800714 0.034336 0.034336 1 1 0
0.0798588 0.0342483 0.0342483 1 1 0
0.079647 0.034161 0.034161 1 1 0
0.0794362 0.0340741 0.0340741 1 1 0
0.0792262 0.0339875 0.0339875 1 1 0
0.0790172 0.0339013 0.0339013 1 1 0
0.0788091 0.0338154 0.0338154 1 1 0
0.0786018 0.0337299 0.0337299 1 1 0
0.0783955 0.0336447 0.0336447 1 1 0
0.07819 0.0335599 0.0335599 1 1 0
0.0779854 0.0334754 0.0334754 1 1 0
0.0777817 0.0333913 0.0333913 1 1 0
0.0775788 0.0333074 0.0333074 1 1 0
0.0773768 0.033224 0.033224 1 1 0
0.0771756 0.0331408 0.0331408 1 1 0
0.0769752 0.033058 0.033058 1 1 0
0.0767757 0.0329755 0.0329755 1 1 0
0.076577 0.0328933 0.0328933 1 1 0
0.0763792 0.0328114 0.0328114 1 1 0
0.0761821 0.0327299 0.0327299 1 1 0
0.0759859 0.0326487 0.0326487 1 1 0
0.0757904 0.0325678 0.0325678 1 1 0
0.0755957 0.0324872 0.0324872 1 1 0
0.0754019 0.0324069 0.0324069 1 1 0
0.0752088 0.0323269 0.0323269 1 1 0
0.0750165 0.0322472 0.0322472 1 1 0
0.0748249 0.0321679 0.0321679 1 1 0
0.0746342 0.0320888 0.0320888 1 1 0
0.0744441 0.03201 0.03201 1 1 0
0.0742549 0.0319315 0.0319315 1 1 0
0.0740664 0.0318534 0.0318534 1 1 0
0.0738786 0.0317755 0.0317755 1 1 0
0.0736915 0.0316979 0.0316979 1 1 0
0.0735052 0.0316205 0.0316205 1 1 0
0.0733196 0.0315435 0.0315435 1 1 0
0.0731348 0.0314668 0.0314668 1 1 0
0.0729506 0.0313903 0.0313903 1 1 0
0.0727672 0.0313141 0.0313141 1 1 0
0.0725844 0.0312382 0.0312382 1 1 0
0.0724024 0.0311625 0.0311625 1 1 0
0.0722211 0.0310872 0.0310872 1 1 0
0.0720404 0.0310121 0.0310121 1 1 0
0.0718604 0.0309373 0.0309373 1 1 0
0.0716811 0.0308627 0.0308627 1 1 0
0.0715025 0.0307884 0.0307884 1 1 0
0.0713246 0.0307144 0.0307144 1 1 0
0.0711473 0.0306406 0.0306406 1 1 0
0.0709706 0.0305671 0.0305671 1 1 0
0.0707946 0.0304938 0.0304938 1 1 0
0.0706193 0.0304208 0.0304208 1 1 0
0.0704446 0.0303481 0.0303481 1 1 0
0.0702706 0.0302756 0.0302756 1 1 0
0.0700972 0.0302033 0.0302033 1 1 0
0.0699244 0.0301313 0.0301313 1 1 0
0.0697522 0.0300596 0.0300596 1 1 0
0.0695807 0.0299881 0.0299881 1 1 0
0.0694097 0.0299168 0.0299168 1 1 0
0.0692394 0.0298458 0.0298458 1 1 0
0.0690697 0.029775 0.029775 1 1 0
0.0689006 0.0297044 0.0297044 1 1 0
0.0687321 0.0296341 0.0296341 1 1 0
0.0685642 0.029564 0.029564 1 1 0
0.0683969 0.0294942 0.0294942 1 1 0
0.0682301 0.0294246 0.0294246 1 1 0
0.068064 0.0293552 0.0293552 1 1 0
0.0678984 0.029286 0.029286 1 1 0
0.0677334 0.0292171 0.0292171 1 1 0
0.067569 0.0291484 0.0291484 1 1 0
0.0674051 0.0290799 0.0290799 1 1 0
0.0672418 0.0290116 0.0290116 1 1 0
0.067079 0.0289436 0.0289436 1 1 0
0.0669168 0.0288758 0.0288758 1 1 0
0.0667551 0.0288081 0.0288081 1 1 0
0.066594 0.0287408 0.0287408 1 1 0
0.0664335 0.0286736 0.0286736 1 1 0
0.0662734 0.0286066 0.0286066 1 1 0
0.0661139 0.0285398 0.0285398 1 1 0
0.0659549 0.0284733 0.0284733 1 1 0
0.0657965 0.0284069 0.0284069 1 1 0
0.0656386 0.0283408 0.0283408 1 1 0
0.0654812 0.0282749 0.0282749 1 1 0
0.0653243 0.0282091 0.0282091 1 1 0
0.0651679 0.0281436 0.0281436 1 1 0
0.065012 0.0280783 0.0280783 1 1 0
0.0648566 0.0280131 0.0280131 1 1 0
0.0647017 0.0279482 0.0279482 1 1 0
0.0645474 0.0278834 0.0278834 1 1 0
0.0643935 0.0278189 0.0278189 1 1 0
0.0642401 0.0277545 0.0277545 1 1 0
0.0640871 0.0276904 0.0276904 1 1 0
0.0639347 0.0276264 0.0276264 1 1 0
0.0637828 0.0275626 0.0275626 1 1 0
0.0636313 0.027499 0.027499 1 1 0
0.0634803 0.0274356 0.0274356 1 1 0
0.0633297 0.0273724 0.0273724 1 1 0
0.0631797 0.0273094 0.0273094 1 1 0
0.06303 0.0272465 0.0272465 1 1 0
0.0628809 0.0271838 0.0271838 1 1 0
0.0627322 0.0271214 0.0271214 1 1 0
0.0625839 0.027059 0.027059 1 1 0
0.0624361 0.0269969 0.0269969 1 1 0
0.0622888 0.0269349 0.0269349 1 1 0
0.0621419 0.0268732 0.0268732 1 1 0
0.0619954 0.0268115 0.0268115 1 1 0
0.0618494 0.0267501 0.0267501 1 1 0
0.0617038 0.0266888 0.0266888 1 1 0
0.0615586 0.0266277 0.0266277 1 1 0
0.0614139 0.0265668 0.0265668 1 1 0
0.0612696 0.0265061 0.0265061 1 1 0
0.0611257 0.0264455 0.0264455 1 1 0
0.0609822 0.026385 0.026385 1 1 0
0.0608391 0.0263248 0.0263248 1 1 0
0.0606965 0.0262647 0.0262647 1 1 0
0.0605542 0.0262047 0.0262047 1 1 0
0.0604124 0.026145 0.026145 1 1 0
0.060271 0.0260853 0.0260853 1 1 0
0.06013 0.0260259 0.0260259 1 1 0
0.0599893 0.0259666 0.0259666 1 1 0
0.0598491 0.0259074 0.0259074 1 1 0
0.0597093 0.0258485 0.0258485 1 1 0
0.0595698 0.0257896 0.0257896 1 1 0
0.0594307 0.025731 0.025731 1 1 0
0.0592921 0.0256724 0.0256724 1 1 0
0.0591538 0.0256141 0.0256141 1 1 0
0.0590159 0.0255558 0.0255558 1 1 0
0.0588783 0.0254978 0.0254978 1 1 0
0.0587411 0.0254398 0.0254398 1 1 0
0.0586044 0.0253821 0.0253821 1 1 0
0.0584679 0.0253244 0.0253244 1 1 0
0.0583319 0.0252669 0.0252669 1 1 0
0.0581962 0.0252096 0.0252096 1 1 0
0.0580609 0.0251524 0.0251524 1 1 0
0.0579259 0.0250953 0.0250953 1 1 0
0.0577913 0.0250384 0.0250384 1 1 0
0.057657 0.0249816 0.0249816 1 1 0
0.0575231 0.024925 0.024925 1 1 0
0.0573895 0.0248685 0.0248685 1 1 0
0.0572563 0.0248122 0.0248122 1 1 0
0.0571234 0.0247559 0.0247559 1 1 0
0.0569909 0.0246998 0.0246998 1 1 0
0.0568587 0.0246439 0.0246439 1 1 0
0.0567269 0.0245881 0.0245881 1 1 0
0.0565953 0.0245324 0.0245324 1 1 0
0.0564642 0.0244768 0.0244768 1 1 0
0.0563333 0.0244214 0.0244214 1 1 0
0.0562028 0.0243661 0.0243661 1 1 0
0.0560726 0.024311 0.024311 1 1 0
0.0559427 0.0242559 0.0242559 1 1 0
0.0558131 0.024201 0.024201 1 1 0
0.0556839 0.0241462 0.0241462 1 1 0
0.055555 0.0240916 0.0240916 1 1 0
0.0554264 0.0240371 0.0240371 1 1 0
0.0552981 0.0239826 0.0239826 1 1 0
0.0551701 0.0239284 0.0239284 1 1 0
0.0550424 0.0238742 0.0238742 1 1 0
0.054915 0.0238202 0.0238202 1 1 0
0.054788 0.0237662 0.0237662 1 1 0
0.0546612 0.0237124 0.0237124 1 1 0
0.0545347 0.0236588 0.0236588 1 1 0
0.0544086 0.0236052 0.0236052 1 1 0
0.0542827 0.0235518 0.0235518 1 1 0
0.0541571 0.0234984 0.0234984 1 1 0
0.0540318 0.0234452 0.0234452 1 1 0
0.0539068 0.0233921 0.0233921 1 1 0
0.0537821 0.0233391 0.0233391 1 1 0
0.0536577 0.0232863 0.0232863 1 1 0
0.0535335 0.0232335 0.0232335 1 1 0
0.0534096 0.0231809 0.0231809 1 1 0
0.0532861 0.0231283 0.0231283 1 1 0
0.0531627 0.0230759 0.0230759 1 1 0
0.0530397 0.0230236 0.0230236 1 1 0
0.0529169 0.0229714 0.0229714 1 1 0
0.0527945 0.0229193 0.0229193 1 1 0
0.0526722 0.0228673 0.0228673 1 1 0
0.0525503 0.0228154 0.0228154 1 1 0
0.0524286 0.0227636 0.0227636 1 1 0
0.0523072 0.022712 0.022712 1 1 0
0.052186 0.0226604 0.0226604 1 1 0
0.0520651 0.0226089 0.0226089 1 1 0
0.0519445 0.0225576 0.0225576 1 1 0
0.0518241 0.0225063 0.0225063 1 1 0
0.0517039 0.0224551 0.0224551 1 1 0
0.0515841 0.0224041 0.0224041 1 1 0
0.0514644 0.0223531 0.0223531 1 1 0
0.051345 0.0223023 0.0223023 1 1 0
0.0512259 0.0222515 0.0222515 1 1 0
0.051107 0.0222008 0.0222008 1 1 0
0.0509884 0.0221503 0.0221503 1 1 0
0.05087 0.0220998 0.0220998 1 1 0
0.0507518 0.0220494 0.0220494 1 1 0
0.0506339 0.0219991 0.0219991 1 1 0
0.0505162 0.021949 0.021949 1 1 0
0.0503988 0.0218989 0.0218989 1 1 0
0.0502815 0.0218489 0.0218489 1 1 0
0.0501646 0.021799 0.021799 1 1 0
0.0500478 0.0217491 0.0217491 1 1 0
0.0499313 0.0216994 0.0216994 1 1 0
0.049815 0.0216498 0.0216498 1 1 0
0.0496989 0.0216002 0.0216002 1 1 0
0.049583 0.0215508 0.0215508 1 1 0
0.0494674 0.0215014 0.0215014 1 1 0
0.049352 0.0214521 0.0214521 1 1 0
0.0492368 0.0214029 0.0214029 1 1 0
0.0491218 0.0213538 0.0213538 1 1 0
0.0490071 0.0213048 0.0213048 1 1 0
0.0488925 0.0212559 0.0212559 1 1 0
0.0487782 0.021207 0.021207 1 1 0
0.0486641 0.0211583 0.0211583 1 1 0
0.0485502 0.0211096 0.0211096 1 1 0
0.0484365 0.021061 0.021061 1 1 0
0.048323 0.0210124 0.0210124 1 1 0
0.0482097 0.020964 0.020964 1 1 0
0.0480966 0.0209157 0.0209157 1 1 0
0.0479837 0.0208674 0.0208674 1 1 0
0.047871 0.0208192 0.0208192 1 1 0
0.0477585 0.0207711 0.0207711 1 1 0
0.0476462 0.020723 0.020723 1 1 0
0.0475341 0.0206751 0.0206751 1 1 0
0.0474222 0.0206272 0.0206272 1 1 0
0.0473105 0.0205794 0.0205794 1 1 0
0.047199 0.0205316 0.0205316 1 1 0
0.0470876 0.020484 0.020484 1 1 0
0.0469765 0.0204364 0.0204364 1 1 0
0.0468655 0.0203889 0.0203889 1 1 0
0.0467547 0.0203414 0.0203414 1 1 0
0.0466442 0.0202941 0.0202941 1 1 0
0.0465337 0.0202468 0.0202468 1 1 0
0.0464235 0.0201996 0.0201996 1 1 0
0.0463135 0.0201524 0.0201524 1 1 0
0.0462036 0.0201053 0.0201053 1 1 0
0.0460939 0.0200583 0.0200583 1 1 0
0.0459844 0.0200114 0.0200114 1 1 0
0.045875 0.0199645 0.0199645 1 1 0
0.0457659 0.0199177 0.0199177 1 1 0
0.0456569 0.019871 0.019871 1 1 0
0.045548 0.0198243 0.0198243 1 1 0
0.0454394 0.0197778 0.0197778 1 1 0
0.0453309 0.0197312 0.0197312 1 1 0
0.0452225 0.0196848 0.0196848 1 1 0
0.0451144 0.0196384 0.0196384 1 1 0
0.0450063 0.019592 0.019592 1 1 0
0.0448985 0.0195458 0.0195458 1 1 0
0.0447908 0.0194995 0.0194995 1 1 0
0.0446833 0.0194534 0.0194534 1 1 0
0.0445759 0.0194073 0.0194073 1 1 0
0.0444687 0.0193613 0.0193613 1 1 0
0.0443616 0.0193153 0.0193153 1 1 0
0.0442547 0.0192694 0.0192694 1 1 0
0.044148 0.0192236 0.0192236 1 1 0
0.0440414 0.0191778 0.0191778 1 1 0
0.0439349 0.0191321 0.0191321 1 1 0
0.0438286 0.0190865 0.0190865 1 1 0
0.0437225 0.0190409 0.0190409 1 1 0
0.0436165 0.0189953 0.0189953 1 1 0
0.0435106 0.0189498 0.0189498 1 1 0
0.0434049 0.0189044 0.0189044 1 1 0
0.0432993 0.018859 0.018859 1 1 0
0.0431938 0.0188137 0.0188137 1 1 0
0.0430885 0.0187685 0.0187685 1 1 0
0.0429834 0.0187232 0.0187232 1 1 0
0.0428783 0.0186781 0.0186781 1 1 0
0.0427734 0.018633 0.018633 1 1 0
0.0426687 0.018588 0.018588 1 1 0
0.042564 0.018543 0.018543 1 1 0
0.0424595 0.018498 0.018498 1 1 0
0.0423552 0.0184531 0.0184531 1 1 0
0.0422509 0.0184083 0.0184083 1 1 0
0.0421468 0.0183635 0.0183635 1 1 0
0.0420429 0.0183188 0.0183188 1 1 0
0.041939 0.0182741 0.0182741 1 1 0
0.0418353 0.0182294 0.0182294 1 1 0
0.0417317 0.0181849 0.0181849 1 1 0
0.0416282 0.0181403 0.0181403 1 1 0
0.0415248 0.0180958 0.0180958 1 1 0
0.0414216 0.0180514 0.0180514 1 1 0
0.0413184 0.018007 0.018007 1 1 0
0.0412154 0.0179626 0.0179626 1 1 0
0.0411125 0.0179183 0.0179183 1 1 0
0.0410097 0.017874 0.017874 1 1 0
0.0409071 0.0178298 0.0178298 1 1 0
0.0408045 0.0177857 0.0177857 1 1 0
0.0407021 0.0177415 0.0177415 1 1 0
0.0405997 0.0176974 0.0176974 1 1 0
0.0404975 0.0176534 0.0176534 1 1 0
0.0403954 0.0176094 0.0176094 1 1 0
0.0402934 0.0175654 0.0175654 1 1 0
0.0401915 0.0175215 0.0175215 1 1 0
0.0400897 0.0174776 0.0174776 1 1 0
0.0399879 0.0174338 0.0174338 1 1 0
0.0398863 0.01739 0.01739 1 1 0
0.0397848 0.0173462 0.0173462 1 1 0
0.0396834 0.0173025 0.0173025 1 1 0
0.0395821 0.0172588 0.0172588 1 1 0
0.0394809 0.0172152 0.0172152 1 1 0
0.0393798 0.0171716 0.0171716 1 1 0
0.0392788 0.017128 0.017128 1 1 0
0.0391779 0.0170845 0.0170845 1 1 0
0.0390771 0.017041 0.017041 1 1 0
0.0389763 0.0169975 0.0169975 1 1 0
0.0388757 0.0169541 0.0169541 1 1 0
0.0387751 0.0169107 0.0169107 1 1 0
0.0386746 0.0168674 0.0168674 1 1 0
0.0385742 0.016824 0.016824 1 1 0
0.0384739 0.0167808 0.0167808 1 1 0
0.0383737 0.0167375 0.0167375 1 1 0
0.0382736 0.0166943 0.0166943 1 1 0
0.0381735 0.0166511 0.0166511 1 1 0
0.0380736 0.0166079 0.0166079 1 1 0
0.0379737 0.0165648 0.0165648 1 1 0
0.0378739 0.0165217 0.0165217 1 1 0
0.0377741 0.0164786 0.0164786 1 1 0
0.0376745 0.0164356 0.0164356 1 1 0
0.0375749 0.0163926 0.0163926 1 1 0
0.0374754 0.0163496 0.0163496 1 1 0
0.0373759 0.0163066 0.0163066 1 1 0
0.0372766 0.0162637 0.0162637 1 1 0
0.0371773 0.0162208 0.0162208 1 1 0
0.037078 0.0161779 0.0161779 1 1 0
0.0369789 0.0161351 0.0161351 1 1 0
0.0368798 0.0160923 0.0160923 1 1 0
0.0367808 0.0160495 0.0160495 1 1 0
0.0366818 0.0160067 0.0160067 1 1 0
0.0365829 0.0159639 0.0159639 1 1 0
0.0364841 0.0159212 0.0159212 1 1 0
0.0363853 0.0158785 0.0158785 1 1 0
0.0362866 0.0158358 0.0158358 1 1 0
0.0361879 0.0157932 0.0157932 1 1 0
0.0360893 0.0157505 0.0157505 1 1 0
0.0359908 0.0157079 0.0157079 1 1 0
0.0358923 0.0156653 0.0156653 1 1 0
0.0357938 0.0156228 0.0156228 1 1 0
0.0356955 0.0155802 0.0155802 1 1 0
0.0355971 0.0155377 0.0155377 1 1 0
0.0354988 0.0154952 0.0154952 1 1 0
0.0354006 0.0154527 0.0154527 1 1 0
0.0353024 0.0154102 0.0154102 1 1 0
0.0352043 0.0153677 0.0153677 1 1 0
0.0351062 0.0153253 0.0153253 1 1 0
0.0350082 0.0152829 0.0152829 1 1 0
0.0349102 0.0152404 0.0152404 1 1 0
0.0348122 0.015198 0.015198 1 1 0
0.0347143 0.0151557 0.0151557 1 1 0
0.0346164 0.0151133 0.0151133 1 1 0
0.0345186 0.0150709 0.0150709 1 1 0
0.0344208 0.0150286 0.0150286 1 1 0
0.034323 0.0149863 0.0149863 1 1 0
0.0342253 0.014944 0.014944 1 1 0
0.0341276 0.0149017 0.0149017 1 1 0
0.03403 0.0148594 0.0148594 1 1 0
0.0339323 0.0148171 0.0148171 1 1 0
0.0338347 0.0147748 0.0147748 1 1 0
0.0337372 0.0147326 0.0147326 1 1 0
0.0336396 0.0146903 0.0146903 1 1 0
0.0335421 0.0146481 0.0146481 1 1 0
0.0334446 0.0146058 0.0146058 1 1 0
0.0333472 0.0145636 0.0145636 1 1 0
0.0332497 0.0145214 0.0145214 1 1 0
0.0331523 0.0144792 0.0144792 1 1 0
0.0330549 0.014437 0.014437 1 1 0
0.0329576 0.0143948 0.0143948 1 1 0
0.0328602 0.0143526 0.0143526 1 1 0
0.0327629 0.0143104 0.0143104 1 1 0
0.0326655 0.0142682 0.0142682 1 1 0
0.0325682 0.0142261 0.0142261 1 1 0
0.0324709 0.0141839 0.0141839 1 1 0
0.0323736 0.0141417 0.0141417 1 1 0
0.0322764 0.0140995 0.0140995 1 1 0
0.0321791 0.0140574 0.0140574 1 1 0
0.0320819 0.0140152 0.0140152 1 1 0
0.0319846 0.013973 0.013973 1 1 0
0.0318874 0.0139309 0.0139309 1 1 0
0.0317901 0.0138887 0.0138887 1 1 0
0.0316929 0.0138465 0.0138465 1 1 0
0.0315957 0.0138044 0.0138044 1 1 0
0.0314984 0.0137622 0.0137622 1 1 0
0.0314012 0.01372 0.01372 1 1 0
0.031304 0.0136778 0.0136778 1 1 0
0.0312067 0.0136356 0.0136356 1 1 0
0.0311095 0.0135934 0.0135934 1 1 0
0.0310123 0.0135513 0.0135513 1 1 0
0.030915 0.0135091 0.0135091 1 1 0
0.0308177 0.0134669 0.0134669 1 1 0
0.0307205 0.0134246 0.0134246 1 1 0
0.0306232 0.0133824 0.0133824 1 1 0
0.0305259 0.0133402 0.0133402 1 1 0
0.0304286 0.013298 0.013298 1 1 0
0.0303313 0.0132557 0.0132557 1 1 0
0.0302339 0.0132135 0.0132135 1 1 0
0.0301365 0.0131712 0.0131712 1 1 0
0.0300392 0.0131289 0.0131289 1 1 0
0.0299418 0.0130866 0.0130866 1 1 0
0.0298443 0.0130443 0.0130443 1 1 0
0.0297469 0.013002 0.013002 1 1 0
0.0296494 0.0129597 0.0129597 1 1 0
0.0295519 0.0129173 0.0129173 1 1 0
0.0294544 0.012875 0.012875 1 1 0
0.0293568 0.0128326 0.0128326 1 1 0
0.0292592 0.0127902 0.0127902 1 1 0
0.0291616 0.0127478 0.0127478 1 1 0
0.0290639 0.0127054 0.0127054 1 1 0
0.0289662 0.012663 0.012663 1 1 0
0.0288685 0.0126205 0.0126205 1 1 0
0.0287707 0.012578 0.012578 1 1 0
0.0286729 0.0125355 0.0125355 1 1 0
0.028575 0.012493 0.012493 1 1 0
0.0284771 0.0124505 0.0124505 1 1 0
0.0283792 0.0124079 0.0124079 1 1 0
0.0282812 0.0123653 0.0123653 1 1 0
0.0281832 0.0123227 0.0123227 1 1 0
0.0280851 0.0122801 0.0122801 1 1 0
0.0279869 0.0122374 0.0122374 1 1 0
0.0278887 0.0121948 0.0121948 1 1 0
0.0277905 0.012152 0.012152 1 1 0
0.0276921 0.0121093 0.0121093 1 1 0
0.0275938 0.0120665 0.0120665 1 1 0
0.0274953 0.0120238 0.0120238 1 1 0
0.0273968 0.0119809 0.0119809 1 1 0
0.0272983 0.0119381 0.0119381 1 1 0
0.0271996 0.0118952 0.0118952 1 1 0
0.027101 0.0118523 0.0118523 1 1 0
0.0270022 0.0118093 0.0118093 1 1 0
0.0269034 0.0117664 0.0117664 1 1 0
0.0268044 0.0117233 0.0117233 1 1 0
0.0267055 0.0116803 0.0116803 1 1 0
0.0266064 0.0116372 0.0116372 1 1 0
0.0265073 0.0115941 0.0115941 1 1 0
0.026408 0.0115509 0.0115509 1 1 0
0.0263087 0.0115077 0.0115077 1 1 0
0.0262093 0.0114645 0.0114645 1 1 0
0.0261099 0.0114212 0.0114212 1 1 0
0.0260103 0.0113779 0.0113779 1 1 0
0.0259107 0.0113345 0.0113345 1 1 0
0.0258109 0.0112911 0.0112911 1 1 0
0.0257111 0.0112477 0.0112477 1 1 0
0.0256111 0.0112042 0.0112042 1 1 0
0.0255111 0.0111607 0.0111607 1 1 0
0.0254109 0.0111171 0.0111171 1 1 0
0.0253107 0.0110735 0.0110735 1 1 0
0.0252103 0.0110298 0.0110298 1 1 0
0.0251099 0.0109861 0.0109861 1 1 0
0.0250093 0.0109423 0.0109423 1 1 0
0.0249086 0.0108985 0.0108985 1 1 0
0.0248078 0.0108546 0.0108546 1 1 0
0.0247069 0.0108107 0.0108107 1 1 0
0.0246059 0.0107667 0.0107667 1 1 0
0.0245047 0.0107226 0.0107226 1 1 0
0.0244034 0.0106785 0.0106785 1 1 0
0.024302 0.0106344 0.0106344 1 1 0
0.0242005 0.0105902 0.0105902 1 1 0
0.0240988 0.0105459 0.0105459 1 1 0
0.023997 0.0105016 0.0105016 1 1 0
0.0238951 0.0104572 0.0104572 1 1 0
0.023793 0.0104127 0.0104127 1 1 0
0.0236908 0.0103682 0.0103682 1 1 0
0.0235884 0.0103236 0.0103236 1 1 0
0.0234859 0.010279 0.010279 1 1 0
0.0233832 0.0102342 0.0102342 1 1 0
0.0232804 0.0101894 0.0101894 1 1 0
0.0231774 0.0101446 0.0101446 1 1 0
0.0230743 0.0100997 0.0100997 1 1 0
0.022971 0.0100547 0.0100547 1 1 0
0.0228675 0.0100096 0.0100096 1 1 0
0.0227639 0.00996442 0.00996442 1 1 0
0.0226601 0.00991919 0.00991919 1 1 0
0.0225561 0.00987388 0.00987388 1 1 0
0.022452 0.00982849 0.00982849 1 1 0
0.0223476 0.00978302 0.00978302 1 1 0
0.0222431 0.00973747 0.00973747 1 1 0
0.0221384 0.00969184 0.00969184 1 1 0
0.0220335 0.00964612 0.00964612 1 1 0
0.0219284 0.00960031 0.00960031 1 1 0
0.0218231 0.00955441 0.00955441 1 1 0
0.0217176 0.00950843 0.00950843 1 1 0
0.0216119 0.00946235 0.00946235 1 1 0
0.021506 0.00941618 0.00941618 1 1 0
0.0213999 0.00936991 0.00936991 1 1 0
0.0212935 0.00932355 0.00932355 1 1 0
0.021187 0.00927709 0.00927709 1 1 0
0.0210802 0.00923053 0.00923053 1 1 0
0.0209732 0.00918386 0.00918386 1 1 0
0.020866 0.0091371 0.0091371 1 1 0
0.0207585 0.00909023 0.00909023 1 1 0
0.0206508 0.00904325 0.00904325 1 1 0
0.0205428 0.00899616 0.00899616 1 1 0
0.0204346 0.00894896 0.00894896 1 1 0
0.0203261 0.00890165 0.00890165 1 1 0
0.0202174 0.00885422 0.00885422 1 1 0
0.0201084 0.00880668 0.00880668 1 1 0
0.0199991 0.00875901 0.00875901 1 1 0
0.0198896 0.00871123 0.00871123 1 1 0
0.0197798 0.00866332 0.00866332 1 1 0
0.0196697 0.00861529 0.00861529 1 1 0
0.0195593 0.00856712 0.00856712 1 1 0
0.0194486 0.00851883 0.00851883 1 1 0
0.0193376 0.0084704 0.0084704 1 1 0
0.0192263 0.00842184 0.00842184 1 1 0
0.0191147 0.00837314 0.00837314 1 1 0
0.0190028 0.0083243 0.0083243 1 1 0
0.0188906 0.00827532 0.00827532 1 1 0
0.018778 0.00822619 0.00822619 1 1 0
0.0186651 0.00817691 0.00817691 1 1 0
0.0185519 0.00812749 0.00812749 1 1 0
0.0184383 0.0080779 0.0080779 1 1 0
0.0183243 0.00802817 0.00802817 1 1 0
0.01821 0.00797827 0.00797827 1 1 0
0.0180954 0.0079282 0.0079282 1 1 0
0.0179803 0.00787798 0.00787798 1 1 0
0.0178649 0.00782758 0.00782758 1 1 0
0.0177491 0.00777701 0.00777701 1 1 0
0.0176329 0.00772626 0.00772626 1 1 0
0.0175162 0.00767534 0.00767534 1 1 0
0.0173992 0.00762423 0.00762423 1 1 0
0.0172817 0.00757294 0.00757294 1 1 0
0.0171639 0.00752145 0.00752145 1 1 0
0.0170455 0.00746977 0.00746977 1 1 0
0.0169268 0.00741789 0.00741789 1 1 0
0.0168075 0.00736581 0.00736581 1 1 0
0.0166878 0.00731353 0.00731353 1 1 0
0.0165677 0.00726103 0.00726103 1 1 0
0.016447 0.00720832 0.00720832 1 1 0
0.0163258 0.00715539 0.00715539 1 1 0
0.0162042 0.00710223 0.00710223 1 1 0
0.016082 0.00704885 0.00704885 1 1 0
0.0159593 0.00699523 0.00699523 1 1 0
0.015836 0.00694137 0.00694137 1 1 0
0.0157122 0.00688727 0.00688727 1 1 0
0.0155878 0.00683291 0.00683291 1 1 0
0.0154629 0.0067783 0.0067783 1 1 0
0.0153373 0.00672343 0.00672343 1 1 0
0.0152112 0.0066683 0.0066683 1 1 0
0.0150844 0.00661288 0.00661288 1 1 0
0.014957 0.00655719 0.00655719 1 1 0
0.0148289 0.00650122 0.00650122 1 1 0
0.0147002 0.00644494 0.00644494 1 1 0
0.0145708 0.00638837 0.00638837 1 1 0
0.0144407 0.00633149 0.00633149 1 1 0
0.0143099 0.0062743 0.0062743 1 1 0
0.0141784 0.00621678 0.00621678 1 1 0
0.0140461 0.00615893 0.00615893 1 1 0
0.013913 0.00610074 0.00610074 1 1 0
0.0137791 0.0060422 0.0060422 1 1 0
0.0136445 0.0059833 0.0059833 1 1 0
0.0135089 0.00592403 0.00592403 1 1 0
0.0133726 0.00586439 0.00586439 1 1 0
0.0132353 0.00580436 0.00580436 1 1 0
0.0130972 0.00574393 0.00574393 1 1 0
0.0129581 0.00568309 0.00568309 1 1 0
0.0128181 0.00562182 0.00562182 1 1 0
0.0126771 0.00556013 0.00556013 1 1 0
0.012535 0.00549798 0.00549798 1 1 0
0.0123919 0.00543538 0.00543538 1 1 0
0.0122478 0.0053723 0.0053723 1 1 0
0.0121025 0.00530873 0.00530873 1 1 0
0.0119561 0.00524465 0.00524465 1 1 0
0.0118085 0.00518005 0.00518005 1 1 0
0.0116597 0.00511492 0.00511492 1 1 0
0.0115096 0.00504922 0.00504922 1 1 0
0.0113582 0.00498296 0.00498296 1 1 0
0.0112055 0.00491609 0.00491609 1 1 0
0.0110513 0.00484861 0.00484861 1 1 0
0.0108957 0.00478048 0.00478048 1 1 0
0.0107386 0.0047117 0.0047117 1 1 0
0.0105799 0.00464222 0.00464222 1 1 0
0.0104196 0.00457203 0.00457203 1 1 0
0.0102576 0.00450109 0.00450109 1 1 0
0.0100939 0.00442938 0.00442938 1 1 0
0.00992831 0.00435686 0.00435686 1 1 0
0.00976081 0.00428349 0.00428349 1 1 0
0.00959131 0.00420925 0.00420925 1 1 0
0.00941972 0.00413408 0.00413408 1 1 0
0.00924595 0.00405795 0.00405795 1 1 0
0.00906988 0.00398081 0.00398081 1 1 0
0.00889139 0.00390261 0.00390261 1 1 0
0.00871038 0.00382329 0.00382329 1 1 0
0.00852669 0.0037428 0.0037428 1 1 0
0.00834019 0.00366107 0.00366107 1 1 0
0.0081507 0.00357802 0.00357802 1 1 0
0.00795806 0.00349358 0.00349358 1 1 0
0.00776206 0.00340767 0.00340767 1 1 0
0.00756249 0.00332019 0.00332019 1 1 0
0.00735911 0.00323102 0.00323102 1 1 0
0.00715164 0.00314006 0.00314006 1 1 0
0.00693979 0.00304717 0.00304717 1 1 0
0.0067232 0.00295219 0.00295219 1 1 0
0.0065015 0.00285496 0.00285496 1 1 0
0.00627423 0.00275528 0.00275528 1 1 0
0.00604087 0.00265293 0.00265293 1 1 0
0.00580082 0.00254763 0.00254763 1 1 0
0.00555338 0.00243907 0.00243907 1 1 0
0.00529768 0.00232688 0.00232688 1 1 0
0.00503272 0.00221062 0.00221062 1 1 0
0.00475722 0.00208972 0.00208972 1 1 0
0.00446962 0.00196349 0.00196349 1 1 0
0.00416787 0.00183104 0.00183104 1 1 0
0.00384932 0.0016912 0.0016912 1 1 0
0.00351029 0.00154235 0.00154235 1 1 0
0.00314553 0.00138218 0.00138218 1 1 0
0.00274698 0.00120714 0.00120714 1 1 0
0.00230109 0.00101129 0.00101129 1 1 0
0.00178136 0.000782955 0.000782955 1 1 0
0.00111314 0.000489318 0.000489318 1 1 0
0.0006372 0.000280129 0.000280129 1 1 0
0.000382859 0.00016833 0.00016833 1 1 0
0.000382859 0.00016833 0.00016833 1 1 0
2 0.352223 0.352223 2 1 0
2.00434 0.352399 0.352399 1 1 0
2.00869 0.352575 0.352575 1 1 0
2.01305 0.35275 0.35275 1 1 0
2.01743 0.352926 0.352926 1 1 0
2.02182 0.353101 0.353101 1 1 0
2.02622 0.353276 0.353276 1 1 0
2.03064 0.353451 0.353451 1 1 0
2.03507 0.353625 0.353625 1 1 0
2.03951 0.3538 0.3538 1 1 0
2.04397 0.353974 0.353974 1 1 0
2.04845 0.354148 0.354148 1 1 0
2.05293 0.354321 0.354321 1 1 0
2.05743 0.354495 0.354495 1 1 0
2.06195 0.354668 0.354668 1 1 0
2.06648 0.354841 0.354841 1 1 0
2.07102 0.355014 0.355014 1 1 0
2.07558 0.355186 0.355186 1 1 0
2.08015 0.355359 0.355359 1 1 0
2.08473 0.355531 0.355531 1 1 0
2.08933 0.355702 0.355702 1 1 0
2.09395 0.355874 0.355874 1 1 0
2.09857 0.356045 0.356045 1 1 0
2.10322 0.356217 0.356217 1 1 0
2.10788 0.356387 0.356387 1 1 0
2.11255 0.356558 0.356558 1 1 0
2.11723 0.356729 0.356729 1 1 0
2.12194 0.356899 0.356899 1 1 0
2.12665 0.357069 0.357069 1 1 0
2.13138 0.357239 0.357239 1 1 0
2.13613 0.357408 0.357408 1 1 0
2.14089 0.357577 0.357577 1 1 0
2.14567 0.357746 0.357746 1 1 0
2.15046 0.357915 0.357915 1 1 0
2.15526 0.358084 0.358084 1 1 0
2.16008 0.358252 0.358252 1 1 0
2.16492 0.35842 0.35842 1 1 0
2.16977 0.358588 0.358588 1 1 0
2.17464 0.358755 0.358755 1 1 0
2.17952 0.358923 0.358923 1 1 0
2.18442 0.35909 0.35909 1 1 0
2.18933 0.359257 0.359257 1 1 0
2.19426 0.359423 0.359423 1 1 0
2.19921 0.359589 0.359589 1 1 0
2.20416 0.359756 0.359756 1 1 0
2.20914 0.359921 0.359921 1 1 0
2.21413 0.360087 0.360087 1 1 0
2.21914 0.360252 0.360252 1 1 0
2.22416 0.360417 0.360417 1 1 0
2.2292 0.360582 0.360582 1 1 0
2.23425 0.360747 0.360747 1 1 0
2.23932 0.360911 0.360911 1 1 0
2.24441 0.361075 0.361075 1 1 0
2.24951 0.361239 0.361239 1 1 0
2.25463 0.361402 0.361402 1 1 0
2.25977 0.361566 0.361566 1 1 0
2.26492 0.361729 0.361729 1 1 0
2.27008 0.361891 0.361891 1 1 0
2.27527 0.362054 0.362054 1 1 0
2.28047 0.362216 0.362216 1 1 0
2.28568 0.362378 0.362378 1 1 0
2.29092 0.36254 0.36254 1 1 0
2.29617 0.362701 0.362701 1 1 0
2.30143 0.362862 0.362862 1 1 0
2.30671 0.363023 0.363023 1 1 0
2.31201 0.363183 0.363183 1 1 0
2.31733 0.363344 0.363344 1 1 0
2.32266 0.363504 0.363504 1 1 0
2.32801 0.363664 0.363664 1 1 0
2.33338 0.363823 0.363823 1 1 0
2.33876 0.363982 0.363982 1 1 0
2.34416 0.364141 0.364141 1 1 0
2.34958 0.3643 0.3643 1 1 0
2.35501 0.364458 0.364458 1 1 0
2.36046 0.364616 0.364616 1 1 0
2.36593 0.364774 0.364774 1 1 0
2.37142 0.364932 0.364932 1 1 0
2.37692 0.365089 0.365089 1 1 0
2.38244 0.365246 0.365246 1 1 0
2.38798 0.365402 0.365402 1 1 0
2.39353 0.365559 0.365559 1 1 0
2.39724 0.365663 0.365663 2 1 0
2.40282 0.365819 0.365819 2 1 0
2.40842 0.365974 0.365974 2 1 0
2.41404 0.36613 0.36613 2 1 0
2.41968 0.366285 0.366285 2 1 0
2.42533 0.366439 0.366439 2 1 0
2.431 0.366594 0.366594 2 1 0
2.43669 0.366748 0.366748 2 1 0
2.4424 0.366902 0.366902 2 1 0
2.44812 0.367055 0.367055 2 1 0
2.45386 0.367208 0.367208 2 1 0
2.45962 0.367361 0.367361 2 1 0
2.4654 0.367514 0.367514 2 1 0
2.47119 0.367666 0.367666 2 1 0
2.47701 0.367818 0.367818 2 1 0
2.48284 0.36797 0.36797 2 1 0
2.48869 0.368121 0.368121 2 1 0
2.49455 0.368272 0.368272 2 1 0
2.50044 0.368423 0.368423 2 1 0
2.50634 0.368574 0.368574 2 1 0
2.51226 0.368724 0.368724 2 1 0
2.5182 0.368874 0.368874 2 1 0
2.52416 0.369023 0.369023 2 1 0
2.53014 0.369172 0.369172 2 1 0
2.53613 0.369321 0.369321 2 1 0
2.54214 0.36947 0.36947 2 1 0
2.54817 0.369618 0.369618 2 1 0
2.55422 0.369766 0.369766 2 1 0
2.56029 0.369914 0.369914 2 1 0
2.56638 0.370061 0.370061 2 1 0
2.57248 0.370208 0.370208 2 1 0
2.5786 0.370354 0.370354 2 1 0
2.58474 0.370501 0.370501 2 1 0
2.5909 0.370647 0.370647 2 1 0
2.59708 0.370792 0.370792 2 1 0
2.60328 0.370938 0.370938 2 1 0
2.60949 0.371083 0.371083 2 1 0
2.61572 0.371227 0.371227 2 1 0
2.62198 0.371372 0.371372 2 1 0
2.62825 0.371516 0.371516 2 1 0
2.63453 0.371659 0.371659 2 1 0
2.64084 0.371802 0.371802 2 1 0
2.64717 0.371945 0.371945 2 1 0
2.65351 0.372088 0.372088 2 1 0
2.65988 0.37223 0.37223 2 1 0
2.66626 0.372372 0.372372 2 1 0
2.67266 0.372514 0.372514 2 1 0
2.67908 0.372655 0.372655 2 1 0
2.68552 0.372796 0.372796 2 1 0
2.69197 0.372937 0.372937 2 1 0
2.69845 0.373077 0.373077 2 1 0
2.70495 0.373217 0.373217 2 1 0
2.71146 0.373356 0.373356 2 1 0
2.71799 0.373495 0.373495 2 1 0
2.72454 0.373634 0.373634 2 1 0
2.73111 0.373772 0.373772 2 1 0
2.7377 0.373911 0.373911 2 1 0
2.74431 0.374048 0.374048 2 1 0
2.75093 0.374186 0.374186 2 1 0
2.75758 0.374323 0.374323 2 1 0
2.76424 0.374459 0.374459 2 1 0
2.77092 0.374596 0.374596 2 1 0
2.77762 0.374731 0.374731 2 1 0
2.78434 0.374867 0.374867 2 1 0
2.79108 0.375002 0.375002 2 1 0
2.79784 0.375137 0.375137 2 1 0
2.80461 0.375272 0.375272 2 1 0
2.81141 0.375406 0.375406 2 1 0
2.81822 0.375539 0.375539 2 1 0
2.82505 0.375673 0.375673 2 1 0
2.8319 0.375806 0.375806 2 1 0
2.83877 0.375938 0.375938 2 1 0
2.84566 0.376071 0.376071 2 1 0
2.85257 0.376202 0.376202 2 1 0
2.85949 0.376334 0.376334 2 1 0
2.86643 0.376465 0.376465 2 1 0
2.8734 0.376596 0.376596 2 1 0
2.88038 0.376726 0.376726 2 1 0
2.88738 0.376856 0.376856 2 1 0
2.8944 0.376986 0.376986 2 1 0
2.90143 0.377115 0.377115 2 1 0
2.90849 0.377244 0.377244 2 1 0
2.91556 0.377372 0.377372 2 1 0
2.92265 0.3775 0.3775 2 1 0
2.92976 0.377628 0.377628 2 1 0
2.93689 0.377755 0.377755 2 1 0
2.94404 0.377882 0.377882 2 1 0
2.95121 0.378009 0.378009 2 1 0
2.95839 0.378135 0.378135 2 1 0
2.96559 0.37826 0.37826 2 1 0
2.97281 0.378386 0.378386 2 1 0
2.98005 0.378511 0.378511 2 1 0
2.98731 0.378635 0.378635 2 1 0
2.99459 0.37876 0.37876 2 1 0
3.00188 0.378883 0.378883 2 1 0
3.00919 0.379007 0.379007 2 1 0
3.01652 0.37913 0.37913 2 1 0
3.02387 0.379252 0.379252 2 1 0
3.03123 0.379375 0.379375 2 1 0
3.03862 0.379496 0.379496 2 1 0
3.04602 0.379618 0.379618 2 1 0
3.05344 0.379739 0.379739 2 1 0
3.06088 0.379859 0.379859 2 1 0
3.06833 0.37998 0.37998 2 1 0
3.0758 0.380099 0.380099 2 1 0
3.08329 0.380219 0.380219 2 1 0
3.0908 0.380338 0.380338 2 1 0
3.09833 0.380456 0.380456 2 1 0
3.10587 0.380575 0.380575 2 1 0
3.11343 0.380692 0.380692 2 1 0
3.12101 0.38081 0.38081 2 1 0
3.12861 0.380927 0.380927 2 1 0
3.13622 0.381043 0.381043 2 1 0
3.14385 0.38116 0.38116 2 1 0
3.1515 0.381275 0.381275 2 1 0
3.15916 0.381391 0.381391 2 1 0
3.16684 0.381506 0.381506 2 1 0
3.17454 0.38162 0.38162 2 1 0
3.18226 0.381734 0.381734 2 1 0
3.18999 0.381848 0.381848 2 1 0
3.19774 0.381962 0.381962 2 1 0
3.20551 0.382074 0.382074 2 1 0
3.21329 0.382187 0.382187 2 1 0
3.22109 0.382299 0.382299 2 1 0
3.22891 0.382411 0.382411 2 1 0
3.23674 0.382522 0.382522 2 1 0
3.24459 0.382633 0.382633 2 1 0
3.25245 0.382744 0.382744 2 1 0
3.26034 0.382854 0.382854 2 1 0
3.26824 0.382963 0.382963 2 1 0
3.27615 0.383073 0.383073 2 1 0
3.28408 0.383181 0.383181 2 1 0
3.29203 0.38329 0.38329 2 1 0
3.29999 0.383398 0.383398 2 1 0
3.30797 0.383505 0.383505 2 1 0
3.31597 0.383613 0.383613 2 1 0
3.32398 0.383719 0.383719 2 1 0
3.33201 0.383826 0.383826 2 1 0
3.34005 0.383932 0.383932 2 1 0
3.34811 0.384037 0.384037 2 1 0
3.35618 0.384143 0.384143 2 1 0
3.36427 0.384247 0.384247 2 1 0
3.37238 0.384352 0.384352 2 1 0
3.3805 0.384456 0.384456 2 1 0
3.38863 0.384559 0.384559 2 1 0
3.39678 0.384662 0.384662 2 1 0
3.40495 0.384765 0.384765 2 1 0
3.41313 0.384867 0.384867 2 1 0
3.42132 0.384969 0.384969 2 1 0
3.42953 0.385071 0.385071 2 1 0
3.43776 0.385172 0.385172 2 1 0
3.446 0.385272 0.385272 2 1 0
3.45425 0.385372 0.385372 2 1 0
3.46252 0.385472 0.385472 2 1 0
3.47081 0.385572 0.385572 2 1 0
3.4791 0.385671 0.385671 2 1 0
3.48742 0.385769 0.385769 2 1 0
3.49574 0.385868 0.385868 2 1 0
3.50408 0.385965 0.385965 2 1 0
3.51244 0.386063 0.386063 2 1 0
3.52081 0.38616 0.38616 2 1 0
3.52919 0.386256 0.386256 2 1 0
3.53758 0.386353 0.386353 2 1 0
3.54599 0.386448 0.386448 2 1 0
3.55442 0.386544 0.386544 2 1 0
3.56286 0.386639 0.386639 2 1 0
3.57131 0.386733 0.386733 2 1 0
3.57977 0.386828 0.386828 2 1 0
3.58825 0.386921 0.386921 2 1 0
3.59674 0.387015 0.387015 2 1 0
3.60524 0.387108 0.387108 2 1 0
3.61376 0.3872 0.3872 2 1 0
3.62229 0.387292 0.387292 2 1 0
3.63083 0.387384 0.387384 2 1 0
3.63939 0.387476 0.387476 2 1 0
3.64796 0.387567 0.387567 2 1 0
3.65654 0.387657 0.387657 2 1 0
3.66513 0.387747 0.387747 2 1 0
3.67374 0.387837 0.387837 2 1 0
3.68236 0.387927 0.387927 2 1 0
3.69099 0.388016 0.388016 2 1 0
3.69963 0.388104 0.388104 2 1 0
3.70828 0.388193 0.388193 2 1 0
3.71695 0.38828 0.38828 2 1 0
3.72563 0.388368 0.388368 2 1 0
3.73432 0.388455 0.388455 2 1 0
3.74302 0.388542 0.388542 2 1 0
3.75174 0.388628 0.388628 2 1 0
3.76046 0.388714 0.388714 2 1 0
3.7692 0.388799 0.388799 2 1 0
3.77795 0.388885 0.388885 2 1 0
3.78671 0.388969 0.388969 2 1 0
3.79548 0.389054 0.389054 2 1 0
3.80426 0.389138 0.389138 2 1 0
3.81306 0.389221 0.389221 2 1 0
3.82186 0.389305 0.389305 2 1 0
3.83068 0.389388 0.389388 2 1 0
3.83951 0.38947 0.38947 2 1 0
3.84834 0.389552 0.389552 2 1 0
3.85719 0.389634 0.389634 2 1 0
3.86605 0.389715 0.389715 2 1 0
3.87492 0.389796 0.389796 2 1 0
3.8838 0.389877 0.389877 2 1 0
3.89269 0.389957 0.389957 2 1 0
3.90159 0.390037 0.390037 2 1 0
3.9105 0.390117 0.390117 2 1 0
3.91942 0.390196 0.390196 2 1 0
3.92835 0.390275 0.390275 2 1 0
3.93729 0.390353 0.390353 2 1 0
3.94624 0.390431 0.390431 2 1 0
3.95521 0.390509 0.390509 2 1 0
3.96418 0.390586 0.390586 2 1 0
3.97316 0.390663 0.390663 2 1 0
3.98214 0.39074 0.39074 2 1 0
3.99114 0.390816 0.390816 2 1 0
4.00015 0.390892 0.390892 2 1 0
2.39724 0.365663 0.365663 4 5 0
2.39726 0.36977 0.361567 3 5 0
2.39743 0.378017 0.353416 3 5 0
2.39778 0.386283 0.345343 3 5 0
2.39833 0.394581 0.337369 3 5 0
2.3991 0.402869 0.329472 3 5 0
2.40012 0.411108 0.321721 3 5 0
2.40142 0.419284 0.314121 3 5 0
2.40303 0.427337 0.30673 3 5 0
2.40498 0.43523 0.299591 3 5 0
2.40729 0.442896 0.292749 3 5 0
2.40994 0.450297 0.286234 3 5 0
2.41294 0.457453 0.280112 3 5 0
2.41626 0.464241 0.27425 3 5 0
2.41988 0.470737 0.268756 3 5 0
2.42377 0.476994 0.2636 3 5 0
2.4279 0.482817 0.258814 3 5 0
2.43223 0.488322 0.254345 3 5 0
2.43675 0.493531 0.250325 3 5 0
2.44142 0.498509 0.246446 3 5 0
2.44624 0.503229 0.242809 3 5 0
2.45118 0.507652 0.239229 3 5 0
2.45622 0.511878 0.236005 3 5 0
2.46136 0.515903 0.232965 3 5 0
2.46658 0.519908 0.230025 3 5 0
2.47188 0.52361 0.227302 3 5 0
2.47725 0.527154 0.224718 3 5 0
2.48268 0.530557 0.222244 3 5 0
2.48817 0.533824 0.219906 3 5 0
2.49371 0.536967 0.217677 3 5 0
2.4993 0.539902 0.215553 3 5 0
2.50493 0.542813 0.213516 3 5 0
2.51061 0.545624 0.211564 3 5 0
2.51632 0.548367 0.20969 3 5 0
2.52207 0.551001 0.207892 3 5 0
2.52786 0.553554 0.206163 3 5 0
2.53367 0.556059 0.204517 3 5 0
2.53952 0.55849 0.202913 3 5 0
2.5454 0.560852 0.201366 3 5 0
2.55131 0.563271 0.199891 3 5 0
2.55725 0.565504 0.198448 3 5 0
2.56321 0.567681 0.197052 3 5 0
2.5692 0.569811 0.195697 3 5 0
2.57521 0.571879 0.194389 3 5 0
2.58125 0.573898 0.193121 3 5 0
2.58731 0.575823 0.191916 3 5 0
2.59339 0.577749 0.190722 3 5 0
2.5995 0.579633 0.189563 3 5 0
2.60563 0.581516 0.188515 3 5 0
2.61177 0.583324 0.187416 3 5 0
2.61794 0.585096 0.186347 3 5 0
2.62413 0.586826 0.1853 3 5 0
2.63035 0.588534 0.184309 3 5 0
2.63658 0.59021 0.183344 3 5 0
2.64283 0.591666 0.182388 3 5 0
2.6491 0.593282 0.181474 3 5 0
2.65538 0.594871 0.180583 3 5 0
2.66169 0.596497 0.179717 3 5 0
2.66802 0.598032 0.178842 3 5 0
2.67436 0.599542 0.177987 3 5 0
2.68073 0.601168 0.177141 3 5 0
2.68711 0.60263 0.176326 3 5 0
2.69351 0.604071 0.175529 3 5 0
2.69992 0.605405 0.174755 3 5 0
2.70636 0.606801 0.173994 3 5 0
2.71281 0.608178 0.17325 3 5 0
2.71928 0.609156 0.172517 3 5 0
2.72577 0.610492 0.171806 3 5 0
2.73227 0.611811 0.17111 3 5 0
2.73879 0.613349 0.170424 3 5 0
2.74533 0.614635 0.169758 3 5 0
2.75189 0.615905 0.169106 3 5 0
2.75846 0.617358 0.168467 3 5 0
2.76505 0.618598 0.167843 3 5 0
2.77165 0.619823 0.167232 3 5 0
2.77828 0.621024 0.166633 3 5 0
2.78492 0.622221 0.166046 3 5 0
2.79157 0.623404 0.165471 3 5 0
2.79825 0.624539 0.164908 3 5 0
2.80494 0.625696 0.164356 3 5 0
2.81164 0.62684 0.163815 3 5 0
2.81836 0.627956 0.163284 3 5 0
2.8251 0.629077 0.162764 3 5 0
2.83186 0.630186 0.162254 3 5 0
2.83863 0.631289 0.161752 3 5 0
2.84542 0.632376 0.161261 3 5 0
2.85222 0.633453 0.16078 3 5 0
2.85904 0.634531 0.160306 3 5 0
2.86588 0.635588 0.159842 3 5 0
2.87273 0.636635 0.159387 3 5 0
2.8796 0.63768 0.158938 3 5 0
2.88648 0.638708 0.1585 3 5 0
2.89338 0.639727 0.15807 3 5 0
2.9003 0.640743 0.157644 3 5 0
2.90723 0.641745 0.157229 3 5 0
2.91418 0.642739 0.156814 3 5 0
2.92114 0.643726 0.156383 3 5 0
2.92812 0.644704 0.155948 3 5 0
2.93512 0.645673 0.15552 3 5 0
2.94213 0.646634 0.155109 3 5 0
2.94916 0.647588 0.154695 3 5 0
2.9562 0.648535 0.154288 3 5 0
2.96326 0.649471 0.153896 3 5 0
2.97033 0.650404 0.153501 3 5 0
2.97742 0.65133 0.153113 3 5 0
2.98453 0.652243 0.152739 3 5 0
2.99165 0.653155 0.152363 3 5 0
2.99879 0.654061 0.151993 3 5 0
3.00594 0.654953 0.151636 3 5 0
3.01311 0.655847 0.151277 3 5 0
3.0203 0.656734 0.150923 3 5 0
3.0275 0.657608 0.150582 3 5 0
3.03471 0.658483 0.150239 3 5 0
3.04194 0.659352 0.149901 3 5 0
3.04919 0.660212 0.149574 3 5 0
3.05645 0.661071 0.149246 3 5 0
3.06373 0.661923 0.148923 3 5 0
3.07102 0.662772 0.148609 3 5 0
3.07833 0.663614 0.148295 3 5 0
3.08565 0.664451 0.147986 3 5 0
3.09299 0.665289 0.147684 3 5 0
3.10034 0.666116 0.147383 3 5 0
3.10771 0.666937 0.147086 3 5 0
3.1151 0.667763 0.146796 3 5 0
3.1225 0.668575 0.146506 3 5 0
3.12991 0.669383 0.146221 3 5 0
3.13734 0.670187 0.145941 3 5 0
3.14478 0.670985 0.145662 3 5 0
3.15224 0.671779 0.145387 3 5 0
3.15972 0.672529 0.145121 3 5 0
3.16721 0.673313 0.14485 3 5 0
3.17471 0.674094 0.144583 3 5 0
3.18223 0.674974 0.144327 3 5 0
3.18977 0.675747 0.144065 3 5 0
3.19731 0.676515 0.143807 3 5 0
3.20488 0.67749 0.143554 3 5 0
3.21246 0.678253 0.143306 3 5 0
3.22005 0.679013 0.143062 3 5 0
3.22766 0.679707 0.142866 3 5 0
3.23528 0.680458 0.142634 3 5 0
3.24292 0.681205 0.142405 3 5 0
3.25057 0.681418 0.142269 3 5 0
3.25824 0.682168 0.142051 3 5 0
3.26592 0.682915 0.141837 3 5 0
3.27361 0.683962 0.141608 3 5 0
3.28132 0.684689 0.141399 3 5 0
3.28905 0.685411 0.14119 3 5 0
3.29678 0.686311 0.140952 3 5 0
3.30454 0.687028 0.140713 3 5 0
3.3123 0.687742 0.140477 3 5 0
3.32008 0.688567 0.140235 3 5 0
3.32788 0.689276 0.140006 3 5 0
3.33569 0.689981 0.139781 3 5 0
3.34351 0.690625 0.139547 3 5 0
3.35135 0.691323 0.139327 3 5 0
3.3592 0.692018 0.139111 3 5 0
3.36707 0.692871 0.138906 3 5 0
3.37495 0.693562 0.138695 3 5 0
3.38284 0.69425 0.138486 3 5 0
3.39075 0.694973 0.138288 3 5 0
3.39867 0.695656 0.138085 3 5 0
3.4066 0.696335 0.137884 3 5 0
3.41455 0.697035 0.13769 3 5 0
3.42251 0.69771 0.137494 3 5 0
3.43048 0.698382 0.137301 3 5 0
3.43847 0.699004 0.137116 3 5 0
3.44648 0.699672 0.136927 3 5 0
3.45449 0.700337 0.13674 3 5 0
3.46252 0.700946 0.136555 3 5 0
3.47056 0.701606 0.136374 3 5 0
3.47862 0.702263 0.136195 3 5 0
3.48668 0.702883 0.136018 3 5 0
3.49477 0.703536 0.135844 3 5 0
3.50286 0.704185 0.135673 3 5 0
3.51097 0.704847 0.135505 3 5 0
3.51909 0.705491 0.135339 3 5 0
3.52722 0.706132 0.135175 3 5 0
3.53537 0.706584 0.135011 3 5 0
3.54353 0.707221 0.134851 3 5 0
3.5517 0.707855 0.134693 3 5 0
3.55989 0.70852 0.134532 3 5 0
3.56808 0.709149 0.134377 3 5 0
3.57629 0.709775 0.134225 3 5 0
3.58452 0.710455 0.134086 3 5 0
3.59275 0.711075 0.133938 3 5 0
3.601 0.711693 0.133792 3 5 0
3.60926 0.712318 0.133663 3 5 0
3.61753 0.712931 0.133521 3 5 0
3.62581 0.713541 0.133381 3 5 0
3.63411 0.714176 0.133235 3 5 0
3.64242 0.71478 0.133098 3 5 0
3.65074 0.715382 0.132963 3 5 0
3.65907 0.715728 0.132797 3 5 0
3.66742 0.716327 0.132664 3 5 0
3.67578 0.716924 0.132532 3 5 0
3.68414 0.717303 0.132367 3 5 0
3.69252 0.717896 0.132237 3 5 0
3.70092 0.718487 0.132109 3 5 0
3.70932 0.719188 0.131982 3 5 0
3.71774 0.719773 0.131857 3 5 0
3.72616 0.720356 0.131733 3 5 0
3.7346 0.720825 0.13161 3 5 0
3.74305 0.721404 0.13149 3 5 0
3.75151 0.72198 0.131371 3 5 0
3.75999 0.722105 0.131219 3 5 0
3.76847 0.722678 0.131101 3 5 0
3.77696 0.723249 0.130985 3 5 0
3.78547 0.72374 0.130857 3 5 0
3.79399 0.724288 0.130743 3 5 0
3.80252 0.724834 0.130631 3 5 0
3.81106 0.725703 0.130517 3 5 0
3.81961 0.726246 0.130407 3 5 0
3.82817 0.726787 0.130298 3 5 0
3.83674 0.727745 0.130183 3 5 0
3.84532 0.728285 0.130064 3 5 0
3.85391 0.728823 0.129931 3 5 0
3.86252 0.729686 0.129775 3 5 0
3.87113 0.730225 0.129645 3 5 0
3.87976 0.730762 0.129516 3 5 0
3.88839 0.731128 0.12948 3 5 0
3.89704 0.731656 0.129351 3 5 0
3.90569 0.732183 0.129224 3 5 0
3.91436 0.732398 0.129099 3 5 0
3.92304 0.732917 0.128974 3 5 0
3.93172 0.733434 0.128851 3 5 0
3.94042 0.734457 0.128676 3 5 0
3.94913 0.734976 0.128558 3 5 0
3.95784 0.735493 0.128441 3 5 0
3.96657 0.735876 0.128396 3 5 0
3.97531 0.736385 0.128279 3 5 0
3.98405 0.736893 0.128163 3 5 0
3.99281 0.737051 0.128064 3 5 0
4.00157 0.737551 0.12795 3 5 0
