0 0.0953135 0.0953135 2 1 0
0.000147689 0.0953712 0.0953712 1 1 0
0.000295122 0.0954289 0.0954289 1 1 0
0.000442288 0.0954867 0.0954867 1 1 0
0.00058919 0.0955446 0.0955446 1 1 0
0.000735832 0.0956026 0.0956026 1 1 0
0.000882214 0.0956606 0.0956606 1 1 0
0.00102834 0.0957188 0.0957188 1 1 0
0.00117422 0.0957769 0.0957769 1 1 0
0.00131984 0.0958352 0.0958352 1 1 0
0.00146522 0.0958935 0.0958935 1 1 0
0.00161035 0.0959519 0.0959519 1 1 0
0.00175524 0.0960104 0.0960104 1 1 0
0.00189989 0.0960689 0.0960689 1 1 0
0.00204431 0.0961275 0.0961275 1 1 0
0.00218849 0.0961862 0.0961862 1 1 0
0.00233244 0.096245 0.096245 1 1 0
0.00247616 0.0963038 0.0963038 1 1 0
0.00261965 0.0963627 0.0963627 1 1 0
0.00276292 0.0964216 0.0964216 1 1 0
0.00290597 0.0964807 0.0964807 1 1 0
0.00304879 0.0965398 0.0965398 1 1 0
0.0031914 0.096599 0.096599 1 1 0
0.00333379 0.0966583 0.0966583 1 1 0
0.00347598 0.0967176 0.0967176 1 1 0
0.00361795 0.096777 0.096777 1 1 0
0.00375971 0.0968365 0.0968365 1 1 0
0.00390126 0.096896 0.096896 1 1 0
0.00404261 0.0969557 0.0969557 1 1 0
0.00418376 0.0970154 0.0970154 1 1 0
0.00432471 0.0970751 0.0970751 1 1 0
0.00446547 0.097135 0.097135 1 1 0
0.00460602 0.0971949 0.0971949 1 1 0
0.00474638 0.0972549 0.0972549 1 1 0
0.00488655 0.097315 0.097315 1 1 0
0.00502653 0.0973751 0.0973751 1 1 0
0.00516633 0.0974353 0.0974353 1 1 0
0.00530593 0.0974956 0.0974956 1 1 0
0.00544536 0.097556 0.097556 1 1 0
0.0055846 0.0976164 0.0976164 1 1 0
0.00572366 0.0976769 0.0976769 1 1 0
0.00586254 0.0977375 0.0977375 1 1 0
0.00600125 0.0977981 0.0977981 1 1 0
0.00613978 0.0978589 0.0978589 1 1 0
0.00627814 0.0979197 0.0979197 1 1 0
0.00641632 0.0979806 0.0979806 1 1 0
0.00655434 0.0980415 0.0980415 1 1 0
0.00669219 0.0981026 0.0981026 1 1 0
0.00682988 0.0981637 0.0981637 1 1 0
0.0069674 0.0982249 0.0982249 1 1 0
0.00710475 0.0982861 0.0982861 1 1 0
0.00724195 0.0983474 0.0983474 1 1 0
0.00737899 0.0984089 0.0984089 1 1 0
0.00751587 0.0984703 0.0984703 1 1 0
0.00765259 0.0985319 0.0985319 1 1 0
0.00778916 0.0985935 0.0985935 1 1 0
0.00792558 0.0986552 0.0986552 1 1 0
0.00806184 0.098717 0.098717 1 1 0
0.00819796 0.0987789 0.0987789 1 1 0
0.00833392 0.0988408 0.0988408 1 1 0
0.00846975 0.0989028 0.0989028 1 1 0
0.00860542 0.0989649 0.0989649 1 1 0
0.00874095 0.0990271 0.0990271 1 1 0
0.00887634 0.0990894 0.0990894 1 1 0
0.00901159 0.0991517 0.0991517 1 1 0
0.0091467 0.0992141 0.0992141 1 1 0
0.00928168 0.0992765 0.0992765 1 1 0
0.00941651 0.0993391 0.0993391 1 1 0
0.00955121 0.0994017 0.0994017 1 1 0
0.00968578 0.0994644 0.0994644 1 1 0
0.00982022 0.0995272 0.0995272 1 1 0
0.00995452 0.0995901 0.0995901 1 1 0
0.0100887 0.099653 0.099653 1 1 0
0.0102227 0.099716 0.099716 1 1 0
0.0103567 0.0997791 0.0997791 1 1 0
0.0104905 0.0998423 0.0998423 1 1 0
0.0106241 0.0999055 0.0999055 1 1 0
0.0107577 0.0999689 0.0999689 1 1 0
0.0108911 0.100032 0.100032 1 1 0
0.0110244 0.100096 0.100096 1 1 0
0.0111576 0.100159 0.100159 1 1 0
0.0112907 0.100223 0.100223 1 1 0
0.0114236 0.100287 0.100287 1 1 0
0.0115565 0.10035 0.10035 1 1 0
0.0116892 0.100414 0.100414 1 1 0
0.0118218 0.100478 0.100478 1 1 0
0.0119543 0.100542 0.100542 1 1 0
0.0120867 0.100606 0.100606 1 1 0
0.012219 0.100671 0.100671 1 1 0
0.0123512 0.100735 0.100735 1 1 0
0.0124832 0.100799 0.100799 1 1 0
0.0126152 0.100864 0.100864 1 1 0
0.012747 0.100928 0.100928 1 1 0
0.0128788 0.100993 0.100993 1 1 0
0.0130104 0.101057 0.101057 1 1 0
0.013142 0.101122 0.101122 1 1 0
0.0132735 0.101187 0.101187 1 1 0
0.0134048 0.101252 0.101252 1 1 0
0.0135361 0.101317 0.101317 1 1 0
0.0136672 0.101382 0.101382 1 1 0
0.0137983 0.101447 0.101447 1 1 0
0.0139293 0.101512 0.101512 1 1 0
0.0140601 0.101578 0.101578 1 1 0
0.0141909 0.101643 0.101643 1 1 0
0.0143216 0.101709 0.101709 1 1 0
0.0144522 0.101774 0.101774 1 1 0
0.0145827 0.10184 0.10184 1 1 0
0.0147132 0.101905 0.101905 1 1 0
0.0148435 0.101971 0.101971 1 1 0
0.0149737 0.102037 0.102037 1 1 0
0.0151039 0.102103 0.102103 1 1 0
0.015234 0.102169 0.102169 1 1 0
0.015364 0.102235 0.102235 1 1 0
0.0154939 0.102301 0.102301 1 1 0
0.0156238 0.102368 0.102368 1 1 0
0.0157535 0.102434 0.102434 1 1 0
0.0158832 0.1025 0.1025 1 1 0
0.0160128 0.102567 0.102567 1 1 0
0.0161423 0.102634 0.102634 1 1 0
0.0162718 0.1027 0.1027 1 1 0
0.0164012 0.102767 0.102767 1 1 0
0.0165305 0.102834 0.102834 1 1 0
0.0166597 0.102901 0.102901 1 1 0
0.0167888 0.102968 0.102968 1 1 0
0.0169179 0.103035 0.103035 1 1 0
0.0170469 0.103102 0.103102 1 1 0
0.0171759 0.103169 0.103169 1 1 0
0.0173048 0.103237 0.103237 1 1 0
0.0174336 0.103304 0.103304 1 1 0
0.0175623 0.103372 0.103372 1 1 0
0.017691 0.103439 0.103439 1 1 0
0.0178196 0.103507 0.103507 1 1 0
0.0179482 0.103575 0.103575 1 1 0
0.0180767 0.103643 0.103643 1 1 0
0.0182051 0.103711 0.103711 1 1 0
0.0183334 0.103779 0.103779 1 1 0
0.0184617 0.103847 0.103847 1 1 0
0.01859 0.103915 0.103915 1 1 0
0.0187182 0.103983 0.103983 1 1 0
0.0188463 0.104052 0.104052 1 1 0
0.0189744 0.10412 0.10412 1 1 0
0.0191024 0.104189 0.104189 1 1 0
0.0192304 0.104257 0.104257 1 1 0
0.0193583 0.104326 0.104326 1 1 0
0.0194861 0.104395 0.104395 1 1 0
0.0196139 0.104464 0.104464 1 1 0
0.0197417 0.104532 0.104532 1 1 0
0.0198694 0.104602 0.104602 1 1 0
0.019997 0.104671 0.104671 1 1 0
0.0201246 0.10474 0.10474 1 1 0
0.0202521 0.104809 0.104809 1 1 0
0.0203797 0.104879 0.104879 1 1 0
0.0205071 0.104948 0.104948 1 1 0
0.0206345 0.105018 0.105018 1 1 0
0.0207619 0.105087 0.105087 1 1 0
0.0208892 0.105157 0.105157 1 1 0
0.0210165 0.105227 0.105227 1 1 0
0.0211437 0.105297 0.105297 1 1 0
0.0212709 0.105367 0.105367 1 1 0
0.0213981 0.105437 0.105437 1 1 0
0.0215252 0.105507 0.105507 1 1 0
0.0216522 0.105577 0.105577 1 1 0
0.0217793 0.105647 0.105647 1 1 0
0.0219063 0.105718 0.105718 1 1 0
0.0220332 0.105788 0.105788 1 1 0
0.0221601 0.105859 0.105859 1 1 0
0.022287 0.10593 0.10593 1 1 0
0.0224139 0.106 0.106 1 1 0
0.0225407 0.106071 0.106071 1 1 0
0.0226675 0.106142 0.106142 1 1 0
0.0227942 0.106213 0.106213 1 1 0
0.0229209 0.106284 0.106284 1 1 0
0.0230476 0.106356 0.106356 1 1 0
0.0231743 0.106427 0.106427 1 1 0
0.0233009 0.106498 0.106498 1 1 0
0.0234275 0.10657 0.10657 1 1 0
0.0235541 0.106641 0.106641 1 1 0
0.0236806 0.106713 0.106713 1 1 0
0.0238071 0.106785 0.106785 1 1 0
0.0239336 0.106857 0.106857 1 1 0
0.0240601 0.106929 0.106929 1 1 0
0.0241865 0.107001 0.107001 1 1 0
0.024313 0.107073 0.107073 1 1 0
0.0244393 0.107145 0.107145 1 1 0
0.0245657 0.107217 0.107217 1 1 0
0.0246921 0.10729 0.10729 1 1 0
0.0248184 0.107362 0.107362 1 1 0
0.0249447 0.107435 0.107435 1 1 0
0.025071 0.107507 0.107507 1 1 0
0.0251973 0.10758 0.10758 1 1 0
0.0253235 0.107653 0.107653 1 1 0
0.0254498 0.107726 0.107726 1 1 0
0.025576 0.107799 0.107799 1 1 0
0.0257022 0.107872 0.107872 1 1 0
0.0258284 0.107945 0.107945 1 1 0
0.0259546 0.108018 0.108018 1 1 0
0.0260807 0.108092 0.108092 1 1 0
0.0262069 0.108165 0.108165 1 1 0
0.026333 0.108239 0.108239 1 1 0
0.0264591 0.108312 0.108312 1 1 0
0.0265852 0.108386 0.108386 1 1 0
0.0267113 0.10846 0.10846 1 1 0
0.0268374 0.108534 0.108534 1 1 0
0.0269635 0.108608 0.108608 1 1 0
0.0270896 0.108682 0.108682 1 1 0
0.0272157 0.108756 0.108756 1 1 0
0.0273417 0.10883 0.10883 1 1 0
0.0274678 0.108905 0.108905 1 1 0
0.0275938 0.108979 0.108979 1 1 0
0.0277199 0.109054 0.109054 1 1 0
0.0278459 0.109128 0.109128 1 1 0
0.027972 0.109203 0.109203 1 1 0
0.028098 0.109278 0.109278 1 1 0
0.028224 0.109353 0.109353 1 1 0
0.0283501 0.109428 0.109428 1 1 0
0.0284761 0.109503 0.109503 1 1 0
0.0286022 0.109578 0.109578 1 1 0
0.0287282 0.109654 0.109654 1 1 0
0.0288542 0.109729 0.109729 1 1 0
0.0289803 0.109804 0.109804 1 1 0
0.0291063 0.10988 0.10988 1 1 0
0.0292323 0.109956 0.109956 1 1 0
0.0293584 0.110032 0.110032 1 1 0
0.0294845 0.110107 0.110107 1 1 0
0.0296105 0.110183 0.110183 1 1 0
0.0297366 0.110259 0.110259 1 1 0
0.0298627 0.110336 0.110336 1 1 0
0.0299887 0.110412 0.110412 1 1 0
0.0301148 0.110488 0.110488 1 1 0
0.0302409 0.110565 0.110565 1 1 0
0.030367 0.110641 0.110641 1 1 0
0.0304931 0.110718 0.110718 1 1 0
0.0306193 0.110795 0.110795 1 1 0
0.0307454 0.110871 0.110871 1 1 0
0.0308716 0.110948 0.110948 1 1 0
0.0309977 0.111025 0.111025 1 1 0
0.0311239 0.111102 0.111102 1 1 0
0.0312501 0.11118 0.11118 1 1 0
0.0313763 0.111257 0.111257 1 1 0
0.0315025 0.111334 0.111334 1 1 0
0.0316288 0.111412 0.111412 1 1 0
0.031755 0.111489 0.111489 1 1 0
0.0318813 0.111567 0.111567 1 1 0
0.0320076 0.111645 0.111645 1 1 0
0.0321339 0.111723 0.111723 1 1 0
0.0322602 0.111801 0.111801 1 1 0
0.0323866 0.111879 0.111879 1 1 0
0.0325129 0.111957 0.111957 1 1 0
0.0326393 0.112035 0.112035 1 1 0
0.0327657 0.112114 0.112114 1 1 0
0.0328922 0.112192 0.112192 1 1 0
0.0330186 0.112271 0.112271 1 1 0
0.0331451 0.112349 0.112349 1 1 0
0.0332716 0.112428 0.112428 1 1 0
0.0333982 0.112507 0.112507 1 1 0
0.0335247 0.112586 0.112586 1 1 0
0.0336513 0.112665 0.112665 1 1 0
0.0337779 0.112744 0.112744 1 1 0
0.0339046 0.112824 0.112824 1 1 0
0.0340312 0.112903 0.112903 1 1 0
0.0341579 0.112982 0.112982 1 1 0
0.0342847 0.113062 0.113062 1 1 0
0.0344114 0.113142 0.113142 1 1 0
0.0345382 0.113221 0.113221 1 1 0
0.034665 0.113301 0.113301 1 1 0
0.0347919 0.113381 0.113381 1 1 0
0.0349188 0.113461 0.113461 1 1 0
0.0350457 0.113541 0.113541 1 1 0
0.0351726 0.113622 0.113622 1 1 0
0.0352996 0.113702 0.113702 1 1 0
0.0354266 0.113782 0.113782 1 1 0
0.0355537 0.113863 0.113863 1 1 0
0.0356808 0.113944 0.113944 1 1 0
0.0358079 0.114024 0.114024 1 1 0
0.0359351 0.114105 0.114105 1 1 0
0.0360623 0.114186 0.114186 1 1 0
0.0361896 0.114267 0.114267 1 1 0
0.0363169 0.114348 0.114348 1 1 0
0.0364442 0.11443 0.11443 1 1 0
0.0365716 0.114511 0.114511 1 1 0
0.036699 0.114593 0.114593 1 1 0
0.0368265 0.114674 0.114674 1 1 0
0.036954 0.114756 0.114756 1 1 0
0.0370815 0.114838 0.114838 1 1 0
0.0372091 0.114919 0.114919 1 1 0
0.0373367 0.115001 0.115001 1 1 0
0.0374644 0.115084 0.115084 1 1 0
0.0375922 0.115166 0.115166 1 1 0
0.0377199 0.115248 0.115248 1 1 0
0.0378478 0.11533 0.11533 1 1 0
0.0379756 0.115413 0.115413 1 1 0
0.0381036 0.115495 0.115495 1 1 0
0.0382315 0.115578 0.115578 1 1 0
0.0383595 0.115661 0.115661 1 1 0
0.0384876 0.115744 0.115744 1 1 0
0.0386157 0.115827 0.115827 1 1 0
0.0387439 0.11591 0.11591 1 1 0
0.0388722 0.115993 0.115993 1 1 0
0.0390004 0.116077 0.116077 1 1 0
0.0391288 0.11616 0.11616 1 1 0
0.0392572 0.116244 0.116244 1 1 0
0.0393856 0.116327 0.116327 1 1 0
0.0395141 0.116411 0.116411 1 1 0
0.0396427 0.116495 0.116495 1 1 0
0.0397713 0.116579 0.116579 1 1 0
0.0399 0.116663 0.116663 1 1 0
0.0400288 0.116747 0.116747 1 1 0
0.0401576 0.116831 0.116831 1 1 0
0.0402864 0.116916 0.116916 1 1 0
0.0404153 0.117 0.117 1 1 0
0.0405443 0.117085 0.117085 1 1 0
0.0406734 0.117169 0.117169 1 1 0
0.0408025 0.117254 0.117254 1 1 0
0.0409316 0.117339 0.117339 1 1 0
0.0410609 0.117424 0.117424 1 1 0
0.0411902 0.117509 0.117509 1 1 0
0.0413196 0.117594 0.117594 1 1 0
0.041449 0.11768 0.11768 1 1 0
0.0415785 0.117765 0.117765 1 1 0
0.0417081 0.117851 0.117851 1 1 0
0.0418377 0.117936 0.117936 1 1 0
0.0419674 0.118022 0.118022 1 1 0
0.0420972 0.118108 0.118108 1 1 0
0.042227 0.118194 0.118194 1 1 0
0.0423569 0.11828 0.11828 1 1 0
0.0424869 0.118366 0.118366 1 1 0
0.042617 0.118453 0.118453 1 1 0
0.0427471 0.118539 0.118539 1 1 0
0.0428773 0.118626 0.118626 1 1 0
0.0430076 0.118712 0.118712 1 1 0
0.043138 0.118799 0.118799 1 1 0
0.0432684 0.118886 0.118886 1 1 0
0.0433989 0.118973 0.118973 1 1 0
0.0435295 0.11906 0.11906 1 1 0
0.0436602 0.119147 0.119147 1 1 0
0.0437909 0.119234 0.119234 1 1 0
0.0439217 0.119322 0.119322 1 1 0
0.0440526 0.119409 0.119409 1 1 0
0.0441836 0.119497 0.119497 1 1 0
0.0443147 0.119584 0.119584 1 1 0
0.0444458 0.119672 0.119672 1 1 0
0.044577 0.11976 0.11976 1 1 0
0.0447084 0.119848 0.119848 1 1 0
0.0448397 0.119936 0.119936 1 1 0
0.0449712 0.120025 0.120025 1 1 0
0.0451028 0.120113 0.120113 1 1 0
0.0452344 0.120202 0.120202 1 1 0
0.0453662 0.12029 0.12029 1 1 0
0.045498 0.120379 0.120379 1 1 0
0.0456299 0.120468 0.120468 1 1 0
0.0457619 0.120557 0.120557 1 1 0
0.045894 0.120646 0.120646 1 1 0
0.0460262 0.120735 0.120735 1 1 0
0.0461585 0.120824 0.120824 1 1 0
0.0462908 0.120914 0.120914 1 1 0
0.0464233 0.121003 0.121003 1 1 0
0.0465558 0.121093 0.121093 1 1 0
0.0466885 0.121182 0.121182 1 1 0
0.0468212 0.121272 0.121272 1 1 0
0.046954 0.121362 0.121362 1 1 0
0.047087 0.121452 0.121452 1 1 0
0.04722 0.121542 0.121542 1 1 0
0.0473531 0.121633 0.121633 1 1 0
0.0474863 0.121723 0.121723 1 1 0
0.0476196 0.121814 0.121814 1 1 0
0.047753 0.121904 0.121904 1 1 0
0.0478866 0.121995 0.121995 1 1 0
0.0480202 0.122086 0.122086 1 1 0
0.0481539 0.122177 0.122177 1 1 0
0.0482877 0.122268 0.122268 1 1 0
0.0484216 0.122359 0.122359 1 1 0
0.0485557 0.122451 0.122451 1 1 0
0.0486898 0.122542 0.122542 1 1 0
0.048824 0.122634 0.122634 1 1 0
0.0489584 0.122725 0.122725 1 1 0
0.0490928 0.122817 0.122817 1 1 0
0.0492274 0.122909 0.122909 1 1 0
0.049362 0.123001 0.123001 1 1 0
0.0494968 0.123093 0.123093 1 1 0
0.0496317 0.123185 0.123185 1 1 0
0.0497667 0.123278 0.123278 1 1 0
0.0499018 0.12337 0.12337 1 1 0
0.050037 0.123463 0.123463 1 1 0
0.0501723 0.123555 0.123555 1 1 0
0.0503077 0.123648 0.123648 1 1 0
0.0504433 0.123741 0.123741 1 1 0
0.050579 0.123834 0.123834 1 1 0
0.0507147 0.123927 0.123927 1 1 0
0.0508506 0.124021 0.124021 1 1 0
0.0509866 0.124114 0.124114 1 1 0
0.0511228 0.124208 0.124208 1 1 0
0.051259 0.124301 0.124301 1 1 0
0.0513954 0.124395 0.124395 1 1 0
0.0515319 0.124489 0.124489 1 1 0
0.0516685 0.124583 0.124583 1 1 0
0.0518052 0.124677 0.124677 1 1 0
0.0519421 0.124771 0.124771 1 1 0
0.052079 0.124866 0.124866 1 1 0
0.0522161 0.12496 0.12496 1 1 0
0.0523533 0.125055 0.125055 1 1 0
0.0524907 0.125149 0.125149 1 1 0
0.0526282 0.125244 0.125244 1 1 0
0.0527658 0.125339 0.125339 1 1 0
0.0529035 0.125434 0.125434 1 1 0
0.0530413 0.125529 0.125529 1 1 0
0.0531793 0.125625 0.125625 1 1 0
0.0533174 0.12572 0.12572 1 1 0
0.0534557 0.125816 0.125816 1 1 0
0.053594 0.125911 0.125911 1 1 0
0.0537325 0.126007 0.126007 1 1 0
0.0538712 0.126103 0.126103 1 1 0
0.0540099 0.126199 0.126199 1 1 0
0.0541489 0.126295 0.126295 1 1 0
0.0542879 0.126392 0.126392 1 1 0
0.0544271 0.126488 0.126488 1 1 0
0.0545664 0.126585 0.126585 1 1 0
0.0547058 0.126681 0.126681 1 1 0
0.0548454 0.126778 0.126778 1 1 0
0.0549851 0.126875 0.126875 1 1 0
0.055125 0.126972 0.126972 1 1 0
0.055265 0.127069 0.127069 1 1 0
0.0554052 0.127166 0.127166 1 1 0
0.0555454 0.127264 0.127264 1 1 0
0.0556859 0.127361 0.127361 1 1 0
0.0558264 0.127459 0.127459 1 1 0
0.0559672 0.127556 0.127556 1 1 0
0.056108 0.127654 0.127654 1 1 0
0.056249 0.127752 0.127752 1 1 0
0.0563902 0.12785 0.12785 1 1 0
0.0565315 0.127949 0.127949 1 1 0
0.056673 0.128047 0.128047 1 1 0
0.0568146 0.128146 0.128146 1 1 0
0.0569563 0.128244 0.128244 1 1 0
0.0570982 0.128343 0.128343 1 1 0
0.0572403 0.128442 0.128442 1 1 0
0.0573825 0.128541 0.128541 1 1 0
0.0575248 0.12864 0.12864 1 1 0
0.0576674 0.128739 0.128739 1 1 0
0.05781 0.128838 0.128838 1 1 0
0.0579529 0.128938 0.128938 1 1 0
0.0580958 0.129037 0.129037 1 1 0
0.058239 0.129137 0.129137 1 1 0
0.0583823 0.129237 0.129237 1 1 0
0.0585257 0.129337 0.129337 1 1 0
0.0586694 0.129437 0.129437 1 1 0
0.0588131 0.129537 0.129537 1 1 0
0.0589571 0.129638 0.129638 1 1 0
0.0591012 0.129738 0.129738 1 1 0
0.0592455 0.129839 0.129839 1 1 0
0.0593899 0.12994 0.12994 1 1 0
0.0595345 0.130041 0.130041 1 1 0
0.0596793 0.130141 0.130141 1 1 0
0.0598242 0.130243 0.130243 1 1 0
0.0599693 0.130344 0.130344 1 1 0
0.0601146 0.130445 0.130445 1 1 0
0.06026 0.130547 0.130547 1 1 0
0.0604056 0.130648 0.130648 1 1 0
0.0605514 0.13075 0.13075 1 1 0
0.0606973 0.130852 0.130852 1 1 0
0.0608434 0.130954 0.130954 1 1 0
0.0609897 0.131056 0.131056 1 1 0
0.0611362 0.131159 0.131159 1 1 0
0.0612829 0.131261 0.131261 1 1 0
0.0614297 0.131363 0.131363 1 1 0
0.0615767 0.131466 0.131466 1 1 0
0.0617239 0.131569 0.131569 1 1 0
0.0618712 0.131672 0.131672 1 1 0
0.0620188 0.131775 0.131775 1 1 0
0.0621665 0.131878 0.131878 1 1 0
0.0623144 0.131981 0.131981 1 1 0
0.0624625 0.132085 0.132085 1 1 0
0.0626107 0.132188 0.132188 1 1 0
0.0627592 0.132292 0.132292 1 1 0
0.0629078 0.132396 0.132396 1 1 0
0.0630567 0.1325 0.1325 1 1 0
0.0632057 0.132604 0.132604 1 1 0
0.0633549 0.132708 0.132708 1 1 0
0.0635043 0.132813 0.132813 1 1 0
0.0636538 0.132917 0.132917 1 1 0
0.0638036 0.133022 0.133022 1 1 0
0.0639536 0.133127 0.133127 1 1 0
0.0641037 0.133231 0.133231 1 1 0
0.0642541 0.133337 0.133337 1 1 0
0.0644046 0.133442 0.133442 1 1 0
0.0645553 0.133547 0.133547 1 1 0
0.0647063 0.133652 0.133652 1 1 0
0.0648574 0.133758 0.133758 1 1 0
0.0650087 0.133864 0.133864 1 1 0
0.0651603 0.133969 0.133969 1 1 0
0.065312 0.134075 0.134075 1 1 0
0.0654639 0.134182 0.134182 1 1 0
0.0656161 0.134288 0.134288 1 1 0
0.0657684 0.134394 0.134394 1 1 0
0.065921 0.134501 0.134501 1 1 0
0.0660737 0.134607 0.134607 1 1 0
0.0662267 0.134714 0.134714 1 1 0
0.0663798 0.134821 0.134821 1 1 0
0.0665332 0.134928 0.134928 1 1 0
0.0666868 0.135035 0.135035 1 1 0
0.0668405 0.135142 0.135142 1 1 0
0.0669945 0.13525 0.13525 1 1 0
0.0671487 0.135357 0.135357 1 1 0
0.0673032 0.135465 0.135465 1 1 0
0.0674578 0.135573 0.135573 1 1 0
0.0676127 0.135681 0.135681 1 1 0
0.0677677 0.135789 0.135789 1 1 0
0.067923 0.135897 0.135897 1 1 0
0.0680785 0.136006 0.136006 1 1 0
0.0682342 0.136114 0.136114 1 1 0
0.0683902 0.136223 0.136223 1 1 0
0.0685463 0.136332 0.136332 1 1 0
0.0687027 0.136441 0.136441 1 1 0
0.0688593 0.13655 0.13655 1 1 0
0.0690162 0.136659 0.136659 1 1 0
0.0691732 0.136768 0.136768 1 1 0
0.0693305 0.136878 0.136878 1 1 0
0.069488 0.136987 0.136987 1 1 0
0.0696457 0.137097 0.137097 1 1 0
0.0698037 0.137207 0.137207 1 1 0
0.0699619 0.137317 0.137317 1 1 0
0.0701203 0.137427 0.137427 1 1 0
0.070279 0.137538 0.137538 1 1 0
0.0704379 0.137648 0.137648 1 1 0
0.070597 0.137759 0.137759 1 1 0
0.0707564 0.137869 0.137869 1 1 0
0.070916 0.13798 0.13798 1 1 0
0.0710758 0.138091 0.138091 1 1 0
0.0712359 0.138203 0.138203 1 1 0
0.0713962 0.138314 0.138314 1 1 0
0.0715567 0.138425 0.138425 1 1 0
0.0717175 0.138537 0.138537 1 1 0
0.0718786 0.138649 0.138649 1 1 0
0.0720399 0.13876 0.13876 1 1 0
0.0722014 0.138873 0.138873 1 1 0
0.0723632 0.138985 0.138985 1 1 0
0.0725252 0.139097 0.139097 1 1 0
0.0726874 0.139209 0.139209 1 1 0
0.07285 0.139322 0.139322 1 1 0
0.0730127 0.139435 0.139435 1 1 0
0.0731758 0.139548 0.139548 1 1 0
0.073339 0.139661 0.139661 1 1 0
0.0735026 0.139774 0.139774 1 1 0
0.0736663 0.139887 0.139887 1 1 0
0.0738304 0.14 0.14 1 1 0
0.0739947 0.140114 0.140114 1 1 0
0.0741592 0.140228 0.140228 1 1 0
0.074324 0.140342 0.140342 1 1 0
0.0744891 0.140456 0.140456 1 1 0
0.0746544 0.14057 0.14057 1 1 0
0.07482 0.140684 0.140684 1 1 0
0.0749859 0.140798 0.140798 1 1 0
0.075152 0.140913 0.140913 1 1 0
0.0753184 0.141028 0.141028 1 1 0
0.0754851 0.141143 0.141143 1 1 0
0.075652 0.141258 0.141258 1 1 0
0.0758192 0.141373 0.141373 1 1 0
0.0759866 0.141488 0.141488 1 1 0
0.0761544 0.141604 0.141604 1 1 0
0.0763224 0.141719 0.141719 1 1 0
0.0764907 0.141835 0.141835 1 1 0
0.0766592 0.141951 0.141951 1 1 0
0.0768281 0.142067 0.142067 1 1 0
0.0769972 0.142183 0.142183 1 1 0
0.0771666 0.142299 0.142299 1 1 0
0.0773363 0.142416 0.142416 1 1 0
0.0775062 0.142532 0.142532 1 1 0
0.0776765 0.142649 0.142649 1 1 0
0.077847 0.142766 0.142766 1 1 0
0.0780178 0.142883 0.142883 1 1 0
0.0781889 0.143 0.143 1 1 0
0.0783603 0.143118 0.143118 1 1 0
0.0785319 0.143235 0.143235 1 1 0
0.0787039 0.143353 0.143353 1 1 0
0.0788761 0.143471 0.143471 1 1 0
0.0790487 0.143589 0.143589 1 1 0
0.0792215 0.143707 0.143707 1 1 0
0.0793946 0.143825 0.143825 1 1 0
0.0795681 0.143943 0.143943 1 1 0
0.0797418 0.144062 0.144062 1 1 0
0.0799158 0.144181 0.144181 1 1 0
0.0800901 0.1443 0.1443 1 1 0
0.0802647 0.144419 0.144419 1 1 0
0.0804397 0.144538 0.144538 1 1 0
0.0806149 0.144657 0.144657 1 1 0
0.0807904 0.144776 0.144776 1 1 0
0.0809663 0.144896 0.144896 1 1 0
0.0811424 0.145016 0.145016 1 1 0
0.0813189 0.145136 0.145136 1 1 0
0.0814956 0.145256 0.145256 1 1 0
0.0816727 0.145376 0.145376 1 1 0
0.0818501 0.145496 0.145496 1 1 0
0.0820278 0.145617 0.145617 1 1 0
0.0822058 0.145738 0.145738 1 1 0
0.0823841 0.145858 0.145858 1 1 0
0.0825628 0.145979 0.145979 1 1 0
0.0827417 0.1461 0.1461 1 1 0
0.082921 0.146222 0.146222 1 1 0
0.0831006 0.146343 0.146343 1 1 0
0.0832806 0.146465 0.146465 1 1 0
0.0834608 0.146586 0.146586 1 1 0
0.0836414 0.146708 0.146708 1 1 0
0.0838223 0.14683 0.14683 1 1 0
0.0840036 0.146953 0.146953 1 1 0
0.0841851 0.147075 0.147075 1 1 0
0.0842691 0.147131 0.147131 1 1 0
0.0844511 0.147254 0.147254 2 1 0
0.0846335 0.147377 0.147377 2 1 0
0.0848162 0.1475 0.1475 2 1 0
0.0849993 0.147623 0.147623 2 1 0
0.0851826 0.147746 0.147746 2 1 0
0.0853664 0.147869 0.147869 2 1 0
0.0855504 0.147993 0.147993 2 1 0
0.0857349 0.148116 0.148116 2 1 0
0.0859196 0.14824 0.14824 2 1 0
0.0861047 0.148364 0.148364 2 1 0
0.0862901 0.148488 0.148488 2 1 0
0.0864759 0.148613 0.148613 2 1 0
0.0866621 0.148737 0.148737 2 1 0
0.0868486 0.148862 0.148862 2 1 0
0.0870354 0.148986 0.148986 2 1 0
0.0872226 0.149111 0.149111 2 1 0
0.0874101 0.149236 0.149236 2 1 0
0.087598 0.149362 0.149362 2 1 0
0.0877863 0.149487 0.149487 2 1 0
0.0879749 0.149613 0.149613 2 1 0
0.0881639 0.149738 0.149738 2 1 0
0.0883532 0.149864 0.149864 2 1 0
0.0885429 0.14999 0.14999 2 1 0
0.088733 0.150116 0.150116 2 1 0
0.0889234 0.150243 0.150243 2 1 0
0.0891142 0.150369 0.150369 2 1 0
0.0893054 0.150496 0.150496 2 1 0
0.0894969 0.150623 0.150623 2 1 0
0.0896888 0.15075 0.15075 2 1 0
0.0898811 0.150877 0.150877 2 1 0
0.0900737 0.151004 0.151004 2 1 0
0.0902668 0.151131 0.151131 2 1 0
0.0904602 0.151259 0.151259 2 1 0
0.090654 0.151387 0.151387 2 1 0
0.0908481 0.151515 0.151515 2 1 0
0.0910427 0.151643 0.151643 2 1 0
0.0912376 0.151771 0.151771 2 1 0
0.0914329 0.1519 0.1519 2 1 0
0.0916286 0.152028 0.152028 2 1 0
0.0918247 0.152157 0.152157 2 1 0
0.0920212 0.152286 0.152286 2 1 0
0.0922181 0.152415 0.152415 2 1 0
0.0924154 0.152544 0.152544 2 1 0
0.092613 0.152674 0.152674 2 1 0
0.0928111 0.152803 0.152803 2 1 0
0.0930095 0.152933 0.152933 2 1 0
0.0932084 0.153063 0.153063 2 1 0
0.0934076 0.153193 0.153193 2 1 0
0.0936073 0.153323 0.153323 2 1 0
0.0938074 0.153453 0.153453 2 1 0
0.0940078 0.153584 0.153584 2 1 0
0.0942087 0.153715 0.153715 2 1 0
0.09441 0.153845 0.153845 2 1 0
0.0946117 0.153976 0.153976 2 1 0
0.0948138 0.154108 0.154108 2 1 0
0.0950163 0.154239 0.154239 2 1 0
0.0952193 0.154371 0.154371 2 1 0
0.0954226 0.154502 0.154502 2 1 0
0.0956264 0.154634 0.154634 2 1 0
0.0958306 0.154766 0.154766 2 1 0
0.0960352 0.154898 0.154898 2 1 0
0.0962402 0.155031 0.155031 2 1 0
0.0964457 0.155163 0.155163 2 1 0
0.0966516 0.155296 0.155296 2 1 0
0.0968579 0.155429 0.155429 2 1 0
0.0970647 0.155562 0.155562 2 1 0
0.0972718 0.155695 0.155695 2 1 0
0.0974795 0.155828 0.155828 2 1 0
0.0976875 0.155962 0.155962 2 1 0
0.097896 0.156096 0.156096 2 1 0
0.0981049 0.156229 0.156229 2 1 0
0.0983143 0.156363 0.156363 2 1 0
0.0985241 0.156498 0.156498 2 1 0
0.0987344 0.156632 0.156632 2 1 0
0.0989451 0.156767 0.156767 2 1 0
0.0991563 0.156901 0.156901 2 1 0
0.0993679 0.157036 0.157036 2 1 0
0.0995799 0.157171 0.157171 2 1 0
0.0997924 0.157306 0.157306 2 1 0
0.100005 0.157442 0.157442 2 1 0
0.100219 0.157577 0.157577 2 1 0
0.100433 0.157713 0.157713 2 1 0
0.100647 0.157849 0.157849 2 1 0
0.100862 0.157985 0.157985 2 1 0
0.101077 0.158121 0.158121 2 1 0
0.101293 0.158258 0.158258 2 1 0
0.101509 0.158394 0.158394 2 1 0
0.101726 0.158531 0.158531 2 1 0
0.101943 0.158668 0.158668 2 1 0
0.10216 0.158805 0.158805 2 1 0
0.102379 0.158942 0.158942 2 1 0
0.102597 0.15908 0.15908 2 1 0
0.102816 0.159217 0.159217 2 1 0
0.103036 0.159355 0.159355 2 1 0
0.103256 0.159493 0.159493 2 1 0
0.103476 0.159631 0.159631 2 1 0
0.103697 0.159769 0.159769 2 1 0
0.103919 0.159908 0.159908 2 1 0
0.104141 0.160047 0.160047 2 1 0
0.104363 0.160185 0.160185 2 1 0
0.104586 0.160324 0.160324 2 1 0
0.10481 0.160464 0.160464 2 1 0
0.105033 0.160603 0.160603 2 1 0
0.105258 0.160742 0.160742 2 1 0
0.105483 0.160882 0.160882 2 1 0
0.105708 0.161022 0.161022 2 1 0
0.105934 0.161162 0.161162 2 1 0
0.106161 0.161302 0.161302 2 1 0
0.106388 0.161443 0.161443 2 1 0
0.106615 0.161583 0.161583 2 1 0
0.106843 0.161724 0.161724 2 1 0
0.107072 0.161865 0.161865 2 1 0
0.107301 0.162006 0.162006 2 1 0
0.10753 0.162147 0.162147 2 1 0
0.10776 0.162289 0.162289 2 1 0
0.107991 0.16243 0.16243 2 1 0
0.108222 0.162572 0.162572 2 1 0
0.108454 0.162714 0.162714 2 1 0
0.108686 0.162856 0.162856 2 1 0
0.108919 0.162999 0.162999 2 1 0
0.109152 0.163141 0.163141 2 1 0
0.109386 0.163284 0.163284 2 1 0
0.10962 0.163427 0.163427 2 1 0
0.109855 0.16357 0.16357 2 1 0
0.11009 0.163713 0.163713 2 1 0
0.110326 0.163856 0.163856 2 1 0
0.110563 0.164 0.164 2 1 0
0.1108 0.164144 0.164144 2 1 0
0.111038 0.164288 0.164288 2 1 0
0.111276 0.164432 0.164432 2 1 0
0.111514 0.164576 0.164576 2 1 0
0.111754 0.164721 0.164721 2 1 0
0.111994 0.164865 0.164865 2 1 0
0.112234 0.16501 0.16501 2 1 0
0.112475 0.165155 0.165155 2 1 0
0.112716 0.165301 0.165301 2 1 0
0.112959 0.165446 0.165446 2 1 0
0.113201 0.165592 0.165592 2 1 0
0.113445 0.165737 0.165737 2 1 0
0.113688 0.165883 0.165883 2 1 0
0.113933 0.166029 0.166029 2 1 0
0.114178 0.166176 0.166176 2 1 0
0.114423 0.166322 0.166322 2 1 0
0.11467 0.166469 0.166469 2 1 0
0.114916 0.166616 0.166616 2 1 0
0.115164 0.166763 0.166763 2 1 0
0.115412 0.16691 0.16691 2 1 0
0.11566 0.167057 0.167057 2 1 0
0.115909 0.167205 0.167205 2 1 0
0.116159 0.167353 0.167353 2 1 0
0.116409 0.167501 0.167501 2 1 0
0.11666 0.167649 0.167649 2 1 0
0.116912 0.167797 0.167797 2 1 0
0.117164 0.167946 0.167946 2 1 0
0.117417 0.168094 0.168094 2 1 0
0.11767 0.168243 0.168243 2 1 0
0.117924 0.168392 0.168392 2 1 0
0.118179 0.168542 0.168542 2 1 0
0.118434 0.168691 0.168691 2 1 0
0.11869 0.168841 0.168841 2 1 0
0.118946 0.16899 0.16899 2 1 0
0.119203 0.169141 0.169141 2 1 0
0.119461 0.169291 0.169291 2 1 0
0.119719 0.169441 0.169441 2 1 0
0.119978 0.169592 0.169592 2 1 0
0.120238 0.169742 0.169742 2 1 0
0.120498 0.169893 0.169893 2 1 0
0.120759 0.170044 0.170044 2 1 0
0.121021 0.170196 0.170196 2 1 0
0.121283 0.170347 0.170347 2 1 0
0.121546 0.170499 0.170499 2 1 0
0.121809 0.170651 0.170651 2 1 0
0.122073 0.170803 0.170803 2 1 0
0.122338 0.170955 0.170955 2 1 0
0.122604 0.171108 0.171108 2 1 0
0.12287 0.17126 0.17126 2 1 0
0.123137 0.171413 0.171413 2 1 0
0.123404 0.171566 0.171566 2 1 0
0.123672 0.171719 0.171719 2 1 0
0.123941 0.171873 0.171873 2 1 0
0.124211 0.172026 0.172026 2 1 0
0.124481 0.17218 0.17218 2 1 0
0.124752 0.172334 0.172334 2 1 0
0.125023 0.172488 0.172488 2 1 0
0.125296 0.172643 0.172643 2 1 0
0.125569 0.172797 0.172797 2 1 0
0.125842 0.172952 0.172952 2 1 0
0.126117 0.173107 0.173107 2 1 0
0.126392 0.173262 0.173262 2 1 0
0.126667 0.173417 0.173417 2 1 0
0.126944 0.173573 0.173573 2 1 0
0.127221 0.173728 0.173728 2 1 0
0.127499 0.173884 0.173884 2 1 0
0.127777 0.17404 0.17404 2 1 0
0.128057 0.174197 0.174197 2 1 0
0.128337 0.174353 0.174353 2 1 0
0.128617 0.17451 0.17451 2 1 0
0.128899 0.174667 0.174667 2 1 0
0.129181 0.174824 0.174824 2 1 0
0.129464 0.174981 0.174981 2 1 0
0.129747 0.175138 0.175138 2 1 0
0.130032 0.175296 0.175296 2 1 0
0.130317 0.175454 0.175454 2 1 0
0.130603 0.175612 0.175612 2 1 0
0.130889 0.17577 0.17577 2 1 0
0.131177 0.175929 0.175929 2 1 0
0.131465 0.176087 0.176087 2 1 0
0.131754 0.176246 0.176246 2 1 0
0.132043 0.176405 0.176405 2 1 0
0.132334 0.176564 0.176564 2 1 0
0.132625 0.176724 0.176724 2 1 0
0.132917 0.176883 0.176883 2 1 0
0.133209 0.177043 0.177043 2 1 0
0.133503 0.177203 0.177203 2 1 0
0.133797 0.177363 0.177363 2 1 0
0.134092 0.177524 0.177524 2 1 0
0.134388 0.177684 0.177684 2 1 0
0.134684 0.177845 0.177845 2 1 0
0.134982 0.178006 0.178006 2 1 0
0.13528 0.178167 0.178167 2 1 0
0.135579 0.178329 0.178329 2 1 0
0.135878 0.17849 0.17849 2 1 0
0.136179 0.178652 0.178652 2 1 0
0.13648 0.178814 0.178814 2 1 0
0.136782 0.178976 0.178976 2 1 0
0.137085 0.179139 0.179139 2 1 0
0.137389 0.179301 0.179301 2 1 0
0.137693 0.179464 0.179464 2 1 0
0.137999 0.179627 0.179627 2 1 0
0.138305 0.17979 0.17979 2 1 0
0.138612 0.179954 0.179954 2 1 0
0.13892 0.180117 0.180117 2 1 0
0.139229 0.180281 0.180281 2 1 0
0.139538 0.180445 0.180445 2 1 0
0.139848 0.180609 0.180609 2 1 0
0.14016 0.180774 0.180774 2 1 0
0.140472 0.180938 0.180938 2 1 0
0.140785 0.181103 0.181103 2 1 0
0.141098 0.181268 0.181268 2 1 0
0.141413 0.181433 0.181433 2 1 0
0.141728 0.181599 0.181599 2 1 0
0.142045 0.181764 0.181764 2 1 0
0.142362 0.18193 0.18193 2 1 0
0.14268 0.182096 0.182096 2 1 0
0.142999 0.182262 0.182262 2 1 0
0.143319 0.182429 0.182429 2 1 0
0.143639 0.182595 0.182595 2 1 0
0.143961 0.182762 0.182762 2 1 0
0.144284 0.182929 0.182929 2 1 0
0.144607 0.183097 0.183097 2 1 0
0.144931 0.183264 0.183264 2 1 0
0.145256 0.183432 0.183432 2 1 0
0.145582 0.1836 0.1836 2 1 0
0.145909 0.183768 0.183768 2 1 0
0.146237 0.183936 0.183936 2 1 0
0.146566 0.184104 0.184104 2 1 0
0.146896 0.184273 0.184273 2 1 0
0.147226 0.184442 0.184442 2 1 0
0.147558 0.184611 0.184611 2 1 0
0.14789 0.184781 0.184781 2 1 0
0.148224 0.18495 0.18495 2 1 0
0.148558 0.18512 0.18512 2 1 0
0.148893 0.18529 0.18529 2 1 0
0.149229 0.18546 0.18546 2 1 0
0.149567 0.18563 0.18563 2 1 0
0.149905 0.185801 0.185801 2 1 0
0.150244 0.185972 0.185972 2 1 0
0.150584 0.186143 0.186143 2 1 0
0.150925 0.186314 0.186314 2 1 0
0.151267 0.186485 0.186485 2 1 0
0.15161 0.186657 0.186657 2 1 0
0.151954 0.186829 0.186829 2 1 0
0.152298 0.187001 0.187001 2 1 0
0.152644 0.187173 0.187173 2 1 0
0.152991 0.187345 0.187345 2 1 0
0.153339 0.187518 0.187518 2 1 0
0.153688 0.187691 0.187691 2 1 0
0.154038 0.187864 0.187864 2 1 0
0.154388 0.188037 0.188037 2 1 0
0.15474 0.188211 0.188211 2 1 0
0.155093 0.188385 0.188385 2 1 0
0.155447 0.188559 0.188559 2 1 0
0.155802 0.188733 0.188733 2 1 0
0.156158 0.188907 0.188907 2 1 0
0.156515 0.189082 0.189082 2 1 0
0.156873 0.189256 0.189256 2 1 0
0.157232 0.189431 0.189431 2 1 0
0.157592 0.189607 0.189607 2 1 0
0.157953 0.189782 0.189782 2 1 0
0.158315 0.189958 0.189958 2 1 0
0.158678 0.190134 0.190134 2 1 0
0.159042 0.19031 0.19031 2 1 0
0.159407 0.190486 0.190486 2 1 0
0.159774 0.190662 0.190662 2 1 0
0.160141 0.190839 0.190839 2 1 0
0.16051 0.191016 0.191016 2 1 0
0.160879 0.191193 0.191193 2 1 0
0.16125 0.191371 0.191371 2 1 0
0.161622 0.191548 0.191548 2 1 0
0.161995 0.191726 0.191726 2 1 0
0.162369 0.191904 0.191904 2 1 0
0.162744 0.192082 0.192082 2 1 0
0.16312 0.192261 0.192261 2 1 0
0.163497 0.192439 0.192439 2 1 0
0.163875 0.192618 0.192618 2 1 0
0.164255 0.192797 0.192797 2 1 0
0.164636 0.192977 0.192977 2 1 0
0.165017 0.193156 0.193156 2 1 0
0.1654 0.193336 0.193336 2 1 0
0.165784 0.193516 0.193516 2 1 0
0.166169 0.193696 0.193696 2 1 0
0.166556 0.193876 0.193876 2 1 0
0.166943 0.194057 0.194057 2 1 0
0.167332 0.194238 0.194238 2 1 0
0.167722 0.194419 0.194419 2 1 0
0.168113 0.1946 0.1946 2 1 0
0.168505 0.194782 0.194782 2 1 0
0.168898 0.194963 0.194963 2 1 0
0.169292 0.195145 0.195145 2 1 0
0.169688 0.195328 0.195328 2 1 0
0.170085 0.19551 0.19551 2 1 0
0.170483 0.195692 0.195692 2 1 0
0.170882 0.195875 0.195875 2 1 0
0.171283 0.196058 0.196058 2 1 0
0.171685 0.196242 0.196242 2 1 0
0.172087 0.196425 0.196425 2 1 0
0.172492 0.196609 0.196609 2 1 0
0.172897 0.196793 0.196793 2 1 0
0.173304 0.196977 0.196977 2 1 0
0.173711 0.197161 0.197161 2 1 0
0.17412 0.197346 0.197346 2 1 0
0.174531 0.197531 0.197531 2 1 0
0.174942 0.197716 0.197716 2 1 0
0.175355 0.197901 0.197901 2 1 0
0.175769 0.198086 0.198086 2 1 0
0.176185 0.198272 0.198272 2 1 0
0.176601 0.198458 0.198458 2 1 0
0.177019 0.198644 0.198644 2 1 0
0.177438 0.198831 0.198831 2 1 0
0.177859 0.199017 0.199017 2 1 0
0.178281 0.199204 0.199204 2 1 0
0.178704 0.199391 0.199391 2 1 0
0.179128 0.199578 0.199578 2 1 0
0.179554 0.199766 0.199766 2 1 0
0.179981 0.199954 0.199954 2 1 0
0.180409 0.200141 0.200141 2 1 0
0.180839 0.20033 0.20033 2 1 0
0.18127 0.200518 0.200518 2 1 0
0.181702 0.200707 0.200707 2 1 0
0.182136 0.200895 0.200895 2 1 0
0.182571 0.201085 0.201085 2 1 0
0.183008 0.201274 0.201274 2 1 0
0.183445 0.201463 0.201463 2 1 0
0.183885 0.201653 0.201653 2 1 0
0.184325 0.201843 0.201843 2 1 0
0.184767 0.202033 0.202033 2 1 0
0.18521 0.202224 0.202224 2 1 0
0.185655 0.202414 0.202414 2 1 0
0.186101 0.202605 0.202605 2 1 0
0.186549 0.202796 0.202796 2 1 0
0.186998 0.202988 0.202988 2 1 0
0.187448 0.203179 0.203179 2 1 0
0.1879 0.203371 0.203371 2 1 0
0.188353 0.203563 0.203563 2 1 0
0.188808 0.203756 0.203756 2 1 0
0.189264 0.203948 0.203948 2 1 0
0.189721 0.204141 0.204141 2 1 0
0.19018 0.204334 0.204334 2 1 0
0.190641 0.204527 0.204527 2 1 0
0.191103 0.20472 0.20472 2 1 0
0.191566 0.204914 0.204914 2 1 0
0.192031 0.205108 0.205108 2 1 0
0.192498 0.205302 0.205302 2 1 0
0.192965 0.205496 0.205496 2 1 0
0.193435 0.205691 0.205691 2 1 0
0.193906 0.205886 0.205886 2 1 0
0.194378 0.206081 0.206081 2 1 0
0.194852 0.206276 0.206276 2 1 0
0.195327 0.206471 0.206471 2 1 0
0.195804 0.206667 0.206667 2 1 0
0.196283 0.206863 0.206863 2 1 0
0.196763 0.207059 0.207059 2 1 0
0.197245 0.207256 0.207256 2 1 0
0.197728 0.207452 0.207452 2 1 0
0.198213 0.207649 0.207649 2 1 0
0.198699 0.207846 0.207846 2 1 0
0.199187 0.208044 0.208044 2 1 0
0.199676 0.208241 0.208241 2 1 0
0.200167 0.208439 0.208439 2 1 0
0.20066 0.208637 0.208637 2 1 0
0.201154 0.208836 0.208836 2 1 0
0.20165 0.209034 0.209034 2 1 0
0.202148 0.209233 0.209233 2 1 0
0.202647 0.209432 0.209432 2 1 0
0.203148 0.209631 0.209631 2 1 0
0.20365 0.209831 0.209831 2 1 0
0.204155 0.21003 0.21003 2 1 0
0.20466 0.21023 0.21023 2 1 0
0.205168 0.21043 0.21043 2 1 0
0.205677 0.210631 0.210631 2 1 0
0.206188 0.210831 0.210831 2 1 0
0.2067 0.211032 0.211032 2 1 0
0.207215 0.211233 0.211233 2 1 0
0.20773 0.211435 0.211435 2 1 0
0.208248 0.211636 0.211636 2 1 0
0.208767 0.211838 0.211838 2 1 0
0.209288 0.21204 0.21204 2 1 0
0.209811 0.212243 0.212243 2 1 0
0.210336 0.212445 0.212445 2 1 0
0.210862 0.212648 0.212648 2 1 0
0.21139 0.212851 0.212851 2 1 0
0.21192 0.213054 0.213054 2 1 0
0.212452 0.213258 0.213258 2 1 0
0.212985 0.213461 0.213461 2 1 0
0.21352 0.213665 0.213665 2 1 0
0.214057 0.21387 0.21387 2 1 0
0.214596 0.214074 0.214074 2 1 0
0.215137 0.214279 0.214279 2 1 0
0.215679 0.214484 0.214484 2 1 0
0.216223 0.214689 0.214689 2 1 0
0.21677 0.214894 0.214894 2 1 0
0.217318 0.2151 0.2151 2 1 0
0.217867 0.215306 0.215306 2 1 0
0.218419 0.215512 0.215512 2 1 0
0.218973 0.215718 0.215718 2 1 0
0.219528 0.215925 0.215925 2 1 0
0.220085 0.216132 0.216132 2 1 0
0.220645 0.216339 0.216339 2 1 0
0.221206 0.216546 0.216546 2 1 0
0.221769 0.216754 0.216754 2 1 0
0.222334 0.216962 0.216962 2 1 0
0.222901 0.21717 0.21717 2 1 0
0.22347 0.217378 0.217378 2 1 0
0.224041 0.217587 0.217587 2 1 0
0.224613 0.217795 0.217795 2 1 0
0.225188 0.218004 0.218004 2 1 0
0.225765 0.218214 0.218214 2 1 0
0.226344 0.218423 0.218423 2 1 0
0.226924 0.218633 0.218633 2 1 0
0.227507 0.218843 0.218843 2 1 0
0.228092 0.219053 0.219053 2 1 0
0.228679 0.219264 0.219264 2 1 0
0.229268 0.219474 0.219474 2 1 0
0.229859 0.219685 0.219685 2 1 0
0.230451 0.219897 0.219897 2 1 0
0.231046 0.220108 0.220108 2 1 0
0.231644 0.22032 0.22032 2 1 0
0.232243 0.220532 0.220532 2 1 0
0.232844 0.220744 0.220744 2 1 0
0.233447 0.220956 0.220956 2 1 0
0.234053 0.221169 0.221169 2 1 0
0.23466 0.221382 0.221382 2 1 0
0.23527 0.221595 0.221595 2 1 0
0.235882 0.221809 0.221809 2 1 0
0.236496 0.222022 0.222022 2 1 0
0.237112 0.222236 0.222236 2 1 0
0.237731 0.22245 0.22245 2 1 0
0.238351 0.222665 0.222665 2 1 0
0.238974 0.222879 0.222879 2 1 0
0.239599 0.223094 0.223094 2 1 0
0.240226 0.223309 0.223309 2 1 0
0.240855 0.223525 0.223525 2 1 0
0.241487 0.22374 0.22374 2 1 0
0.242121 0.223956 0.223956 2 1 0
0.242757 0.224172 0.224172 2 1 0
0.243395 0.224389 0.224389 2 1 0
0.244036 0.224605 0.224605 2 1 0
0.244679 0.224822 0.224822 2 1 0
0.245324 0.225039 0.225039 2 1 0
0.245972 0.225257 0.225257 2 1 0
0.246622 0.225474 0.225474 2 1 0
0.247274 0.225692 0.225692 2 1 0
0.247929 0.22591 0.22591 2 1 0
0.248586 0.226129 0.226129 2 1 0
0.249245 0.226347 0.226347 2 1 0
0.249907 0.226566 0.226566 2 1 0
0.250571 0.226785 0.226785 2 1 0
0.251237 0.227005 0.227005 2 1 0
0.251906 0.227224 0.227224 2 1 0
0.252577 0.227444 0.227444 2 1 0
0.253251 0.227664 0.227664 2 1 0
0.253927 0.227884 0.227884 2 1 0
0.254606 0.228105 0.228105 2 1 0
0.255287 0.228326 0.228326 2 1 0
0.255971 0.228547 0.228547 2 1 0
0.256657 0.228768 0.228768 2 1 0
0.257345 0.22899 0.22899 2 1 0
0.258037 0.229212 0.229212 2 1 0
0.25873 0.229434 0.229434 2 1 0
0.259427 0.229656 0.229656 2 1 0
0.260125 0.229879 0.229879 2 1 0
0.260827 0.230102 0.230102 2 1 0
0.261531 0.230325 0.230325 2 1 0
0.262237 0.230548 0.230548 2 1 0
0.262946 0.230772 0.230772 2 1 0
0.263658 0.230996 0.230996 2 1 0
0.264372 0.23122 0.23122 2 1 0
0.265089 0.231444 0.231444 2 1 0
0.265809 0.231669 0.231669 2 1 0
0.266531 0.231894 0.231894 2 1 0
0.267256 0.232119 0.232119 2 1 0
0.267984 0.232344 0.232344 2 1 0
0.268715 0.23257 0.23257 2 1 0
0.269448 0.232796 0.232796 2 1 0
0.270184 0.233022 0.233022 2 1 0
0.270922 0.233248 0.233248 2 1 0
0.271664 0.233475 0.233475 2 1 0
0.272408 0.233702 0.233702 2 1 0
0.273155 0.233929 0.233929 2 1 0
0.273905 0.234156 0.234156 2 1 0
0.274657 0.234384 0.234384 2 1 0
0.275413 0.234612 0.234612 2 1 0
0.276171 0.23484 0.23484 2 1 0
0.276932 0.235068 0.235068 2 1 0
0.277696 0.235297 0.235297 2 1 0
0.278463 0.235526 0.235526 2 1 0
0.279233 0.235755 0.235755 2 1 0
0.280006 0.235985 0.235985 2 1 0
0.280781 0.236214 0.236214 2 1 0
0.28156 0.236444 0.236444 2 1 0
0.282342 0.236674 0.236674 2 1 0
0.283126 0.236905 0.236905 2 1 0
0.283914 0.237135 0.237135 2 1 0
0.284704 0.237366 0.237366 2 1 0
0.285498 0.237598 0.237598 2 1 0
0.286295 0.237829 0.237829 2 1 0
0.287094 0.238061 0.238061 2 1 0
0.287897 0.238293 0.238293 2 1 0
0.288703 0.238525 0.238525 2 1 0
0.289512 0.238757 0.238757 2 1 0
0.290324 0.23899 0.23899 2 1 0
0.291139 0.239223 0.239223 2 1 0
0.291958 0.239456 0.239456 2 1 0
0.292779 0.23969 0.23969 2 1 0
0.293604 0.239924 0.239924 2 1 0
0.294432 0.240158 0.240158 2 1 0
0.295263 0.240392 0.240392 2 1 0
0.296097 0.240627 0.240627 2 1 0
0.296935 0.240861 0.240861 2 1 0
0.297776 0.241096 0.241096 2 1 0
0.29862 0.241332 0.241332 2 1 0
0.299467 0.241567 0.241567 2 1 0
0.300318 0.241803 0.241803 2 1 0
0.301172 0.242039 0.242039 2 1 0
0.30203 0.242275 0.242275 2 1 0
0.30289 0.242512 0.242512 2 1 0
0.303754 0.242749 0.242749 2 1 0
0.304622 0.242986 0.242986 2 1 0
0.305493 0.243223 0.243223 2 1 0
0.306368 0.243461 0.243461 2 1 0
0.307245 0.243699 0.243699 2 1 0
0.308127 0.243937 0.243937 2 1 0
0.309012 0.244175 0.244175 2 1 0
0.3099 0.244414 0.244414 2 1 0
0.310792 0.244653 0.244653 2 1 0
0.311687 0.244892 0.244892 2 1 0
0.312586 0.245131 0.245131 2 1 0
0.313489 0.245371 0.245371 2 1 0
0.314395 0.245611 0.245611 2 1 0
0.315305 0.245851 0.245851 2 1 0
0.316218 0.246091 0.246091 2 1 0
0.317135 0.246332 0.246332 2 1 0
0.318056 0.246573 0.246573 2 1 0
0.318981 0.246814 0.246814 2 1 0
0.319909 0.247056 0.247056 2 1 0
0.320841 0.247297 0.247297 2 1 0
0.321776 0.247539 0.247539 2 1 0
0.322716 0.247782 0.247782 2 1 0
0.323659 0.248024 0.248024 2 1 0
0.324606 0.248267 0.248267 2 1 0
0.325557 0.24851 0.24851 2 1 0
0.326512 0.248753 0.248753 2 1 0
0.32747 0.248997 0.248997 2 1 0
0.328433 0.24924 0.24924 2 1 0
0.329399 0.249484 0.249484 2 1 0
0.33037 0.249729 0.249729 2 1 0
0.331344 0.249973 0.249973 2 1 0
0.332322 0.250218 0.250218 2 1 0
0.333305 0.250463 0.250463 2 1 0
0.334291 0.250708 0.250708 2 1 0
0.335281 0.250954 0.250954 2 1 0
0.336276 0.2512 0.2512 2 1 0
0.337274 0.251446 0.251446 2 1 0
0.338277 0.251692 0.251692 2 1 0
0.339284 0.251939 0.251939 2 1 0
0.340295 0.252186 0.252186 2 1 0
0.34131 0.252433 0.252433 2 1 0
0.342329 0.25268 0.25268 2 1 0
0.343353 0.252928 0.252928 2 1 0
0.344381 0.253176 0.253176 2 1 0
0.345413 0.253424 0.253424 2 1 0
0.346449 0.253672 0.253672 2 1 0
0.34749 0.253921 0.253921 2 1 0
0.348535 0.25417 0.25417 2 1 0
0.349584 0.254419 0.254419 2 1 0
0.349584 0.254419 0.254419 2 1 0
0.350638 0.254669 0.254669 2 1 0
0.351696 0.254918 0.254918 2 1 0
0.352759 0.255168 0.255168 2 1 0
0.353826 0.255419 0.255419 2 1 0
0.354897 0.255669 0.255669 2 1 0
0.355973 0.25592 0.25592 2 1 0
0.357054 0.256171 0.256171 2 1 0
0.358139 0.256422 0.256422 2 1 0
0.359229 0.256674 0.256674 2 1 0
0.360323 0.256925 0.256925 2 1 0
0.361422 0.257177 0.257177 2 1 0
0.362526 0.25743 0.25743 2 1 0
0.363634 0.257682 0.257682 2 1 0
0.364747 0.257935 0.257935 2 1 0
0.365865 0.258188 0.258188 2 1 0
0.366988 0.258441 0.258441 2 1 0
0.368115 0.258695 0.258695 2 1 0
0.369247 0.258949 0.258949 2 1 0
0.370384 0.259203 0.259203 2 1 0
0.371526 0.259457 0.259457 2 1 0
0.372673 0.259712 0.259712 2 1 0
0.373824 0.259967 0.259967 2 1 0
0.374981 0.260222 0.260222 2 1 0
0.376143 0.260477 0.260477 2 1 0
0.377309 0.260733 0.260733 2 1 0
0.378481 0.260989 0.260989 2 1 0
0.379658 0.261245 0.261245 2 1 0
0.38084 0.261501 0.261501 2 1 0
0.382027 0.261758 0.261758 2 1 0
0.383219 0.262015 0.262015 2 1 0
0.384416 0.262272 0.262272 2 1 0
0.385619 0.262529 0.262529 2 1 0
0.386826 0.262787 0.262787 2 1 0
0.388039 0.263045 0.263045 2 1 0
0.389258 0.263303 0.263303 2 1 0
0.390481 0.263561 0.263561 2 1 0
0.39171 0.26382 0.26382 2 1 0
0.392945 0.264079 0.264079 2 1 0
0.394185 0.264338 0.264338 2 1 0
0.39543 0.264598 0.264598 2 1 0
0.396681 0.264857 0.264857 2 1 0
0.397937 0.265117 0.265117 2 1 0
0.399199 0.265378 0.265378 2 1 0
0.400466 0.265638 0.265638 2 1 0
0.40174 0.265899 0.265899 2 1 0
0.403018 0.26616 0.26616 2 1 0
0.404303 0.266421 0.266421 2 1 0
0.405593 0.266682 0.266682 2 1 0
0.406888 0.266944 0.266944 2 1 0
0.40819 0.267206 0.267206 2 1 0
0.409498 0.267468 0.267468 2 1 0
0.410811 0.267731 0.267731 2 1 0
0.41213 0.267994 0.267994 2 1 0
0.413455 0.268257 0.268257 2 1 0
0.414786 0.26852 0.26852 2 1 0
0.416123 0.268783 0.268783 2 1 0
0.417466 0.269047 0.269047 2 1 0
0.418815 0.269311 0.269311 2 1 0
0.42017 0.269575 0.269575 2 1 0
0.421531 0.26984 0.26984 2 1 0
0.422899 0.270105 0.270105 2 1 0
0.424272 0.27037 0.27037 2 1 0
0.425652 0.270635 0.270635 2 1 0
0.427038 0.2709 0.2709 2 1 0
0.428431 0.271166 0.271166 2 1 0
0.429829 0.271432 0.271432 2 1 0
0.431235 0.271698 0.271698 2 1 0
0.432646 0.271965 0.271965 2 1 0
0.434064 0.272232 0.272232 2 1 0
0.435489 0.272499 0.272499 2 1 0
0.43692 0.272766 0.272766 2 1 0
0.438357 0.273033 0.273033 2 1 0
0.439801 0.273301 0.273301 2 1 0
0.441252 0.273569 0.273569 2 1 0
0.44271 0.273837 0.273837 2 1 0
0.444174 0.274106 0.274106 2 1 0
0.445645 0.274374 0.274374 2 1 0
0.447123 0.274643 0.274643 2 1 0
0.448607 0.274913 0.274913 2 1 0
0.450099 0.275182 0.275182 2 1 0
0.451598 0.275452 0.275452 2 1 0
0.453103 0.275722 0.275722 2 1 0
0.454615 0.275992 0.275992 2 1 0
0.456135 0.276262 0.276262 2 1 0
0.457662 0.276533 0.276533 2 1 0
0.459195 0.276804 0.276804 2 1 0
0.460736 0.277075 0.277075 2 1 0
0.462285 0.277346 0.277346 2 1 0
0.46384 0.277618 0.277618 2 1 0
0.465403 0.27789 0.27789 2 1 0
0.466973 0.278162 0.278162 2 1 0
0.46855 0.278434 0.278434 2 1 0
0.470135 0.278707 0.278707 2 1 0
0.471728 0.27898 0.27898 2 1 0
0.473328 0.279253 0.279253 2 1 0
0.474935 0.279526 0.279526 2 1 0
0.476551 0.2798 0.2798 2 1 0
0.478173 0.280074 0.280074 2 1 0
0.479804 0.280348 0.280348 2 1 0
0.481442 0.280622 0.280622 2 1 0
0.483089 0.280897 0.280897 2 1 0
0.484743 0.281171 0.281171 2 1 0
0.486405 0.281446 0.281446 2 1 0
0.488075 0.281721 0.281721 2 1 0
0.489753 0.281997 0.281997 2 1 0
0.491439 0.282273 0.282273 2 1 0
0.493133 0.282549 0.282549 2 1 0
0.494835 0.282825 0.282825 2 1 0
0.496546 0.283101 0.283101 2 1 0
0.498264 0.283378 0.283378 2 1 0
0.499991 0.283655 0.283655 2 1 0
0.501727 0.283932 0.283932 2 1 0
0.503471 0.284209 0.284209 2 1 0
0.505223 0.284487 0.284487 2 1 0
0.506984 0.284764 0.284764 2 1 0
0.508753 0.285042 0.285042 2 1 0
0.510531 0.285321 0.285321 2 1 0
0.512318 0.285599 0.285599 2 1 0
0.514113 0.285878 0.285878 2 1 0
0.515917 0.286157 0.286157 2 1 0
0.51773 0.286436 0.286436 2 1 0
0.519552 0.286715 0.286715 2 1 0
0.521383 0.286995 0.286995 2 1 0
0.523223 0.287274 0.287274 2 1 0
0.525072 0.287554 0.287554 2 1 0
0.52693 0.287835 0.287835 2 1 0
0.528797 0.288115 0.288115 2 1 0
0.530674 0.288396 0.288396 2 1 0
0.53256 0.288677 0.288677 2 1 0
0.534455 0.288958 0.288958 2 1 0
0.536359 0.289239 0.289239 2 1 0
0.538273 0.289521 0.289521 2 1 0
0.540197 0.289803 0.289803 2 1 0
0.54213 0.290085 0.290085 2 1 0
0.544073 0.290367 0.290367 2 1 0
0.546025 0.290649 0.290649 2 1 0
0.547987 0.290932 0.290932 2 1 0
0.549959 0.291215 0.291215 2 1 0
0.551941 0.291498 0.291498 2 1 0
0.553933 0.291781 0.291781 2 1 0
0.555935 0.292065 0.292065 2 1 0
0.557947 0.292348 0.292348 2 1 0
0.559969 0.292632 0.292632 2 1 0
0.562001 0.292916 0.292916 2 1 0
0.564044 0.293201 0.293201 2 1 0
0.566096 0.293485 0.293485 2 1 0
0.56816 0.29377 0.29377 2 1 0
0.570233 0.294055 0.294055 2 1 0
0.572318 0.29434 0.29434 2 1 0
0.574413 0.294625 0.294625 2 1 0
0.576518 0.294911 0.294911 2 1 0
0.578634 0.295197 0.295197 2 1 0
0.580761 0.295483 0.295483 2 1 0
0.582899 0.295769 0.295769 2 1 0
0.585048 0.296055 0.296055 2 1 0
0.587208 0.296342 0.296342 2 1 0
0.589379 0.296628 0.296628 2 1 0
0.591561 0.296915 0.296915 2 1 0
0.593754 0.297202 0.297202 2 1 0
0.595959 0.29749 0.29749 2 1 0
0.598175 0.297777 0.297777 2 1 0
0.600402 0.298065 0.298065 2 1 0
0.602641 0.298353 0.298353 2 1 0
0.604891 0.298641 0.298641 2 1 0
0.607153 0.298929 0.298929 2 1 0
0.609427 0.299218 0.299218 2 1 0
0.611713 0.299506 0.299506 2 1 0
0.61401 0.299795 0.299795 2 1 0
0.61632 0.300084 0.300084 2 1 0
0.618641 0.300373 0.300373 2 1 0
0.620974 0.300662 0.300662 2 1 0
0.62332 0.300952 0.300952 2 1 0
0.625678 0.301242 0.301242 2 1 0
0.628048 0.301532 0.301532 2 1 0
0.630431 0.301822 0.301822 2 1 0
0.632826 0.302112 0.302112 2 1 0
0.635234 0.302402 0.302402 2 1 0
0.637654 0.302693 0.302693 2 1 0
0.640087 0.302983 0.302983 2 1 0
0.642533 0.303274 0.303274 2 1 0
0.644992 0.303565 0.303565 2 1 0
0.647463 0.303857 0.303857 2 1 0
0.649948 0.304148 0.304148 2 1 0
0.652446 0.304439 0.304439 2 1 0
0.654957 0.304731 0.304731 2 1 0
0.657482 0.305023 0.305023 2 1 0
0.660019 0.305315 0.305315 2 1 0
0.662571 0.305607 0.305607 2 1 0
0.665136 0.305899 0.305899 2 1 0
0.667714 0.306192 0.306192 2 1 0
0.670306 0.306485 0.306485 2 1 0
0.672912 0.306777 0.306777 2 1 0
0.675532 0.30707 0.30707 2 1 0
0.678166 0.307363 0.307363 2 1 0
0.680814 0.307656 0.307656 2 1 0
0.683476 0.30795 0.30795 2 1 0
0.686152 0.308243 0.308243 2 1 0
0.688843 0.308537 0.308537 2 1 0
0.691548 0.30883 0.30883 2 1 0
0.694268 0.309124 0.309124 2 1 0
0.697002 0.309418 0.309418 2 1 0
0.699751 0.309712 0.309712 2 1 0
0.702515 0.310007 0.310007 2 1 0
0.705293 0.310301 0.310301 2 1 0
0.708087 0.310596 0.310596 2 1 0
0.710895 0.31089 0.31089 2 1 0
0.713719 0.311185 0.311185 2 1 0
0.716558 0.31148 0.31148 2 1 0
0.719413 0.311775 0.311775 2 1 0
0.722283 0.31207 0.31207 2 1 0
0.725168 0.312365 0.312365 2 1 0
0.728069 0.31266 0.31266 2 1 0
0.730986 0.312956 0.312956 2 1 0
0.733919 0.313251 0.313251 2 1 0
0.736867 0.313547 0.313547 2 1 0
0.739832 0.313842 0.313842 2 1 0
0.742812 0.314138 0.314138 2 1 0
0.745809 0.314434 0.314434 2 1 0
0.748823 0.31473 0.31473 2 1 0
0.751852 0.315026 0.315026 2 1 0
0.754899 0.315322 0.315322 2 1 0
0.757961 0.315618 0.315618 2 1 0
0.761041 0.315915 0.315915 2 1 0
0.764137 0.316211 0.316211 2 1 0
0.767251 0.316508 0.316508 2 1 0
0.770381 0.316804 0.316804 2 1 0
0.773528 0.317101 0.317101 2 1 0
0.776693 0.317397 0.317397 2 1 0
0.779875 0.317694 0.317694 2 1 0
0.783075 0.317991 0.317991 2 1 0
0.786292 0.318288 0.318288 2 1 0
0.789526 0.318585 0.318585 2 1 0
0.792779 0.318882 0.318882 2 1 0
0.796049 0.319179 0.319179 2 1 0
0.799337 0.319476 0.319476 2 1 0
0.802644 0.319773 0.319773 2 1 0
0.805968 0.32007 0.32007 2 1 0
0.809311 0.320367 0.320367 2 1 0
0.812672 0.320664 0.320664 2 1 0
0.816052 0.320962 0.320962 2 1 0
0.81945 0.321259 0.321259 2 1 0
0.822867 0.321556 0.321556 2 1 0
0.826303 0.321854 0.321854 2 1 0
0.829757 0.322151 0.322151 2 1 0
0.833231 0.322448 0.322448 2 1 0
0.836724 0.322746 0.322746 2 1 0
0.840236 0.323043 0.323043 2 1 0
0.843767 0.323341 0.323341 2 1 0
0.847318 0.323638 0.323638 2 1 0
0.850889 0.323935 0.323935 2 1 0
0.854479 0.324233 0.324233 2 1 0
0.858089 0.32453 0.32453 2 1 0
0.861719 0.324827 0.324827 2 1 0
0.865368 0.325125 0.325125 2 1 0
0.869038 0.325422 0.325422 2 1 0
0.872728 0.32572 0.32572 2 1 0
0.876439 0.326017 0.326017 2 1 0
0.88017 0.326314 0.326314 2 1 0
0.883921 0.326611 0.326611 2 1 0
0.887693 0.326908 0.326908 2 1 0
0.891486 0.327206 0.327206 2 1 0
0.8953 0.327503 0.327503 2 1 0
0.899135 0.3278 0.3278 2 1 0
0.902991 0.328097 0.328097 2 1 0
0.906868 0.328394 0.328394 2 1 0
0.910766 0.328691 0.328691 2 1 0
0.914686 0.328987 0.328987 2 1 0
0.918627 0.329284 0.329284 2 1 0
0.92259 0.329581 0.329581 2 1 0
0.926575 0.329877 0.329877 2 1 0
0.930581 0.330174 0.330174 2 1 0
0.93461 0.33047 0.33047 2 1 0
0.93866 0.330767 0.330767 2 1 0
0.942733 0.331063 0.331063 2 1 0
0.946828 0.331359 0.331359 2 1 0
0.950945 0.331655 0.331655 2 1 0
0.955085 0.331951 0.331951 2 1 0
0.959248 0.332247 0.332247 2 1 0
0.963433 0.332542 0.332542 2 1 0
0.967641 0.332838 0.332838 2 1 0
0.971872 0.333133 0.333133 2 1 0
0.976126 0.333428 0.333428 2 1 0
0.980403 0.333724 0.333724 2 1 0
0.984703 0.334019 0.334019 2 1 0
0.989027 0.334313 0.334313 2 1 0
0.993373 0.334608 0.334608 2 1 0
0.997744 0.334903 0.334903 2 1 0
1.00214 0.335197 0.335197 2 1 0
1.00656 0.335491 0.335491 2 1 0
1.011 0.335785 0.335785 2 1 0
1.01546 0.336079 0.336079 2 1 0
1.01995 0.336373 0.336373 2 1 0
1.02447 0.336666 0.336666 2 1 0
1.029 0.336959 0.336959 2 1 0
1.03357 0.337252 0.337252 2 1 0
1.03815 0.337545 0.337545 2 1 0
1.04276 0.337838 0.337838 2 1 0
1.0474 0.33813 0.33813 2 1 0
1.05206 0.338422 0.338422 2 1 0
1.05675 0.338714 0.338714 2 1 0
1.06146 0.339006 0.339006 2 1 0
1.06619 0.339298 0.339298 2 1 0
1.07095 0.339589 0.339589 2 1 0
1.07574 0.33988 0.33988 2 1 0
1.08055 0.340171 0.340171 2 1 0
1.08538 0.340461 0.340461 2 1 0
1.09024 0.340751 0.340751 2 1 0
1.09513 0.341041 0.341041 2 1 0
1.10004 0.341331 0.341331 2 1 0
1.10498 0.34162 0.34162 2 1 0
1.10994 0.341909 0.341909 2 1 0
1.11493 0.342198 0.342198 2 1 0
1.11994 0.342486 0.342486 2 1 0
1.12498 0.342775 0.342775 2 1 0
1.13005 0.343062 0.343062 2 1 0
1.13514 0.34335 0.34335 2 1 0
1.14026 0.343637 0.343637 2 1 0
1.14541 0.343924 0.343924 2 1 0
1.15058 0.344211 0.344211 2 1 0
1.15577 0.344497 0.344497 2 1 0
1.161 0.344783 0.344783 2 1 0
1.16625 0.345068 0.345068 2 1 0
1.17152 0.345353 0.345353 2 1 0
1.17683 0.345638 0.345638 2 1 0
1.18216 0.345922 0.345922 2 1 0
1.18751 0.346206 0.346206 2 1 0
1.1929 0.34649 0.34649 2 1 0
1.1983 0.346773 0.346773 2 1 0
1.20374 0.347055 0.347055 2 1 0
1.2092 0.347338 0.347338 2 1 0
1.21469 0.34762 0.34762 2 1 0
1.22021 0.347901 0.347901 2 1 0
1.22575 0.348182 0.348182 2 1 0
1.23133 0.348463 0.348463 2 1 0
1.23692 0.348743 0.348743 2 1 0
1.24255 0.349023 0.349023 2 1 0
1.2482 0.349302 0.349302 2 1 0
1.25388 0.349581 0.349581 2 1 0
1.25958 0.349859 0.349859 2 1 0
1.26532 0.350137 0.350137 2 1 0
1.27108 0.350415 0.350415 2 1 0
1.27686 0.350692 0.350692 2 1 0
1.28268 0.350968 0.350968 2 1 0
1.28852 0.351244 0.351244 2 1 0
1.29439 0.35152 0.35152 2 1 0
1.30028 0.351794 0.351794 2 1 0
1.30621 0.352069 0.352069 2 1 0
1.31216 0.352343 0.352343 2 1 0
1.31814 0.352616 0.352616 2 1 0
1.32414 0.352889 0.352889 2 1 0
1.33017 0.353161 0.353161 2 1 0
1.33623 0.353433 0.353433 2 1 0
1.34232 0.353704 0.353704 2 1 0
1.34843 0.353975 0.353975 2 1 0
1.35457 0.354245 0.354245 2 1 0
1.36074 0.354514 0.354514 2 1 0
1.36694 0.354783 0.354783 2 1 0
1.37316 0.355051 0.355051 2 1 0
1.37941 0.355319 0.355319 2 1 0
1.38568 0.355586 0.355586 2 1 0
1.39199 0.355853 0.355853 2 1 0
1.39832 0.356119 0.356119 2 1 0
1.40467 0.356384 0.356384 2 1 0
1.41106 0.356649 0.356649 2 1 0
1.41747 0.356913 0.356913 2 1 0
1.42391 0.357176 0.357176 2 1 0
1.43037 0.357439 0.357439 2 1 0
1.43686 0.357701 0.357701 2 1 0
1.44338 0.357962 0.357962 2 1 0
1.44993 0.358223 0.358223 2 1 0
1.4565 0.358483 0.358483 2 1 0
1.4631 0.358743 0.358743 2 1 0
1.46972 0.359002 0.359002 2 1 0
1.47637 0.35926 0.35926 2 1 0
1.48305 0.359517 0.359517 2 1 0
1.48975 0.359774 0.359774 2 1 0
1.49648 0.36003 0.36003 2 1 0
1.50324 0.360285 0.360285 2 1 0
1.51002 0.36054 0.36054 2 1 0
1.51683 0.360794 0.360794 2 1 0
1.52366 0.361047 0.361047 2 1 0
1.53052 0.3613 0.3613 2 1 0
1.53741 0.361552 0.361552 2 1 0
1.54432 0.361803 0.361803 2 1 0
1.55125 0.362053 0.362053 2 1 0
1.55822 0.362303 0.362303 2 1 0
1.5652 0.362552 0.362552 2 1 0
1.57222 0.3628 0.3628 2 1 0
1.57925 0.363047 0.363047 2 1 0
1.58632 0.363294 0.363294 2 1 0
1.59341 0.36354 0.36354 2 1 0
1.60052 0.363785 0.363785 2 1 0
1.60766 0.364029 0.364029 2 1 0
1.61482 0.364273 0.364273 2 1 0
1.62201 0.364516 0.364516 2 1 0
1.62922 0.364758 0.364758 2 1 0
1.63645 0.364999 0.364999 2 1 0
1.64371 0.36524 0.36524 2 1 0
1.651 0.365479 0.365479 2 1 0
1.65831 0.365718 0.365718 2 1 0
1.66564 0.365956 0.365956 2 1 0
1.673 0.366194 0.366194 2 1 0
1.68038 0.36643 0.36643 2 1 0
1.68778 0.366666 0.366666 2 1 0
1.69521 0.366901 0.366901 2 1 0
1.70266 0.367135 0.367135 2 1 0
1.71013 0.367368 0.367368 2 1 0
1.71762 0.367601 0.367601 2 1 0
1.72514 0.367832 0.367832 2 1 0
1.73269 0.368063 0.368063 2 1 0
1.74025 0.368293 0.368293 2 1 0
1.74784 0.368523 0.368523 2 1 0
1.75545 0.368751 0.368751 2 1 0
1.76308 0.368978 0.368978 2 1 0
1.77073 0.369205 0.369205 2 1 0
1.77841 0.369431 0.369431 2 1 0
1.78611 0.369656 0.369656 2 1 0
1.79382 0.36988 0.36988 2 1 0
1.80157 0.370104 0.370104 2 1 0
1.80933 0.370326 0.370326 2 1 0
1.81711 0.370548 0.370548 2 1 0
1.82492 0.370769 0.370769 2 1 0
1.83274 0.370989 0.370989 2 1 0
1.84059 0.371208 0.371208 2 1 0
1.84845 0.371427 0.371427 2 1 0
1.85634 0.371644 0.371644 2 1 0
1.86425 0.371861 0.371861 2 1 0
1.87218 0.372077 0.372077 2 1 0
1.88013 0.372292 0.372292 2 1 0
1.88809 0.372506 0.372506 2 1 0
1.89608 0.372719 0.372719 2 1 0
1.90409 0.372932 0.372932 2 1 0
1.91212 0.373143 0.373143 2 1 0
1.92016 0.373354 0.373354 2 1 0
1.92823 0.373564 0.373564 2 1 0
1.93631 0.373773 0.373773 2 1 0
1.94442 0.373981 0.373981 2 1 0
1.95254 0.374188 0.374188 2 1 0
1.96068 0.374395 0.374395 2 1 0
1.96884 0.3746 0.3746 2 1 0
1.97702 0.374805 0.374805 2 1 0
1.97776 0.374824 0.374824 2 1 0
1.98596 0.375028 0.375028 1 1 0
1.99418 0.375231 0.375231 1 1 0
2.00241 0.375433 0.375433 1 1 0
2.01066 0.375634 0.375634 1 1 0
2.01893 0.375835 0.375835 1 1 0
2.02722 0.376034 0.376034 1 1 0
2.03552 0.376233 0.376233 1 1 0
2.04384 0.376431 0.376431 1 1 0
2.05218 0.376628 0.376628 1 1 0
2.06053 0.376824 0.376824 1 1 0
2.0689 0.37702 0.37702 1 1 0
2.07729 0.377214 0.377214 1 1 0
2.08569 0.377408 0.377408 1 1 0
2.09411 0.377601 0.377601 1 1 0
2.10254 0.377793 0.377793 1 1 0
2.111 0.377984 0.377984 1 1 0
2.11946 0.378175 0.378175 1 1 0
2.12795 0.378364 0.378364 1 1 0
2.13644 0.378553 0.378553 1 1 0
2.14496 0.378741 0.378741 1 1 0
2.15349 0.378928 0.378928 1 1 0
2.16203 0.379114 0.379114 1 1 0
2.17059 0.3793 0.3793 1 1 0
2.17916 0.379484 0.379484 1 1 0
2.18775 0.379668 0.379668 1 1 0
2.19635 0.379851 0.379851 1 1 0
2.20497 0.380033 0.380033 1 1 0
2.2136 0.380215 0.380215 1 1 0
2.22224 0.380395 0.380395 1 1 0
2.2309 0.380575 0.380575 1 1 0
2.23958 0.380754 0.380754 1 1 0
2.24826 0.380932 0.380932 1 1 0
2.25696 0.381109 0.381109 1 1 0
2.26567 0.381286 0.381286 1 1 0
2.2744 0.381462 0.381462 1 1 0
2.28314 0.381636 0.381636 1 1 0
2.29189 0.381811 0.381811 1 1 0
2.30066 0.381984 0.381984 1 1 0
2.30944 0.382156 0.382156 1 1 0
2.31823 0.382328 0.382328 1 1 0
2.32703 0.382499 0.382499 1 1 0
2.33584 0.382669 0.382669 1 1 0
2.34467 0.382839 0.382839 1 1 0
2.35351 0.383007 0.383007 1 1 0
2.36236 0.383175 0.383175 1 1 0
2.37123 0.383342 0.383342 1 1 0
2.3801 0.383509 0.383509 1 1 0
2.38899 0.383674 0.383674 1 1 0
2.39789 0.383839 0.383839 1 1 0
2.40679 0.384003 0.384003 1 1 0
2.41572 0.384166 0.384166 1 1 0
2.42465 0.384329 0.384329 1 1 0
2.43359 0.384491 0.384491 1 1 0
2.44254 0.384652 0.384652 1 1 0
2.45151 0.384812 0.384812 1 1 0
2.46048 0.384972 0.384972 1 1 0
2.46947 0.38513 0.38513 1 1 0
2.47846 0.385288 0.385288 1 1 0
2.48747 0.385446 0.385446 1 1 0
2.49649 0.385602 0.385602 1 1 0
2.50551 0.385758 0.385758 1 1 0
2.51455 0.385914 0.385914 1 1 0
2.52359 0.386068 0.386068 1 1 0
2.53265 0.386222 0.386222 1 1 0
2.54172 0.386375 0.386375 1 1 0
2.55079 0.386527 0.386527 1 1 0
2.55988 0.386679 0.386679 1 1 0
2.56897 0.38683 0.38683 1 1 0
2.57807 0.38698 0.38698 1 1 0
2.58719 0.387129 0.387129 1 1 0
2.59631 0.387278 0.387278 1 1 0
2.60544 0.387426 0.387426 1 1 0
2.61458 0.387574 0.387574 1 1 0
2.62372 0.38772 0.38772 1 1 0
2.63288 0.387866 0.387866 1 1 0
2.64205 0.388012 0.388012 1 1 0
2.65122 0.388156 0.388156 1 1 0
2.6604 0.3883 0.3883 1 1 0
2.66959 0.388444 0.388444 1 1 0
2.67879 0.388586 0.388586 1 1 0
2.688 0.388729 0.388729 1 1 0
2.69721 0.38887 0.38887 1 1 0
2.70643 0.389011 0.389011 1 1 0
2.71567 0.389151 0.389151 1 1 0
2.7249 0.38929 0.38929 1 1 0
2.73415 0.389429 0.389429 1 1 0
2.7434 0.389567 0.389567 1 1 0
2.75266 0.389704 0.389704 1 1 0
2.76193 0.389841 0.389841 1 1 0
2.77121 0.389977 0.389977 1 1 0
2.78049 0.390113 0.390113 1 1 0
2.78978 0.390248 0.390248 1 1 0
2.79908 0.390382 0.390382 1 1 0
2.80838 0.390516 0.390516 1 1 0
2.81769 0.390649 0.390649 1 1 0
2.82701 0.390782 0.390782 1 1 0
2.83633 0.390913 0.390913 1 1 0
2.84567 0.391045 0.391045 1 1 0
2.855 0.391175 0.391175 1 1 0
2.86435 0.391305 0.391305 1 1 0
2.8737 0.391435 0.391435 1 1 0
2.88306 0.391564 0.391564 1 1 0
2.89242 0.391692 0.391692 1 1 0
2.90179 0.391819 0.391819 1 1 0
2.91117 0.391947 0.391947 1 1 0
2.92055 0.392073 0.392073 1 1 0
2.92994 0.392199 0.392199 1 1 0
2.93933 0.392324 0.392324 1 1 0
2.94873 0.392449 0.392449 1 1 0
2.95814 0.392573 0.392573 1 1 0
2.96755 0.392697 0.392697 1 1 0
2.97697 0.39282 0.39282 1 1 0
2.98639 0.392942 0.392942 1 1 0
2.99582 0.393064 0.393064 1 1 0
3.00526 0.393186 0.393186 1 1 0
0.084269 0.147131 0.147131 4 2 0
0.0842626 0.148611 0.145692 4 2 0
0.0842286 0.150895 0.143615 4 2 0
0.0841413 0.154038 0.141023 4 2 0
0.0840135 0.157243 0.138633 4 2 0
0.0838536 0.160494 0.136448 4 2 0
0.0836685 0.163796 0.134428 4 2 0
0.0834632 0.167222 0.132546 4 2 0
0.0832411 0.170756 0.130765 4 2 0
0.0830049 0.174518 0.129038 4 2 0
0.0827568 0.178493 0.127369 4 2 0
0.0824992 0.182853 0.125704 4 2 0
0.082236 0.187596 0.124089 4 2 0
0.0819747 0.19281 0.122465 4 2 0
0.0817281 0.198343 0.120884 4 2 0
0.0815125 0.204205 0.119435 4 2 0
0.0813395 0.20985 0.118169 4 2 0
0.0812094 0.215151 0.117047 4 2 0
0.0811163 0.220209 0.116101 4 2 0
0.0810531 0.224859 0.115284 4 2 0
0.081014 0.229317 0.114532 4 2 0
0.0809945 0.233577 0.113917 4 2 0
0.0809908 0.236494 0.113481 3 2 0
0.0809979 0.240385 0.112925 3 2 0
0.0810174 0.244146 0.112464 3 2 0
0.0810478 0.247732 0.112 3 2 0
0.0810879 0.251194 0.111577 3 2 0
0.0811365 0.254507 0.111236 3 2 0
0.081193 0.257756 0.110878 3 2 0
0.0812565 0.260911 0.110541 3 2 0
0.0813266 0.263855 0.110254 3 2 0
0.0814028 0.26681 0.109984 3 2 0
0.0814845 0.26968 0.109713 3 2 0
0.0815716 0.272673 0.109472 3 2 0
0.0816636 0.275437 0.109249 3 2 0
0.0817603 0.278133 0.109024 3 2 0
0.0818613 0.280789 0.10883 3 2 0
0.0819665 0.283338 0.10864 3 2 0
0.0820757 0.285823 0.108454 3 2 0
0.0821886 0.288268 0.108287 3 2 0
0.0823051 0.290636 0.108136 3 2 0
0.0824249 0.292944 0.107994 3 2 0
0.082548 0.295146 0.107838 3 2 0
0.0826742 0.297382 0.107711 3 2 0
0.0828034 0.299564 0.107592 3 2 0
0.0829353 0.30157 0.107457 3 2 0
0.08307 0.303595 0.10735 3 2 0
0.0832073 0.305567 0.10725 3 2 0
0.0833471 0.307783 0.107138 3 2 0
0.0834892 0.309706 0.107048 3 2 0
0.0836337 0.311584 0.106964 3 2 0
0.0837803 0.313429 0.106865 3 2 0
0.0839291 0.31525 0.106789 3 2 0
0.08408 0.317029 0.106718 3 2 0
0.0842328 0.318582 0.106638 3 2 0
0.0843875 0.320314 0.106574 3 2 0
0.084544 0.322007 0.106514 3 2 0
0.0847023 0.323427 0.106448 3 2 0
0.0848624 0.325068 0.106394 3 2 0
0.0850241 0.326674 0.106343 3 2 0
0.0851874 0.327947 0.106296 3 2 0
0.0853522 0.329378 0.106252 3 2 0
0.0855186 0.330775 0.10621 3 2 0
0.0856864 0.332243 0.106161 3 2 0
0.0858557 0.333718 0.106124 3 2 0
0.0860264 0.335168 0.106089 3 2 0
0.0861984 0.336627 0.106047 3 2 0
0.0863717 0.337907 0.106017 3 2 0
0.0865463 0.339158 0.105988 3 2 0
0.0867221 0.340483 0.105955 3 2 0
0.0868992 0.341687 0.105931 3 2 0
0.0870774 0.342923 0.105907 3 2 0
0.0872569 0.344262 0.105883 3 2 0
0.0874374 0.345406 0.105863 3 2 0
0.0876191 0.346527 0.105845 3 2 0
0.0878019 0.347892 0.105827 3 2 0
0.0879857 0.348984 0.105811 3 2 0
0.0881706 0.350054 0.105797 3 2 0
0.0883565 0.351367 0.105784 3 2 0
0.0885434 0.352412 0.105772 3 2 0
0.0887313 0.353438 0.105762 3 2 0
0.0889202 0.354717 0.105753 3 2 0
0.0891101 0.355723 0.105745 3 2 0
0.0893009 0.356711 0.105738 3 2 0
0.0894926 0.357871 0.105733 3 2 0
0.0896852 0.35884 0.105728 3 2 0
0.0898788 0.359791 0.105724 3 2 0
0.0900732 0.360904 0.105722 3 2 0
0.0902686 0.36184 0.10572 3 2 0
0.0904648 0.36276 0.105719 3 2 0
0.0906618 0.363769 0.105719 3 2 0
0.0908598 0.364673 0.10572 3 2 0
0.0910585 0.365561 0.105721 3 2 0
0.0912581 0.366512 0.105724 3 2 0
0.0914585 0.367388 0.105727 3 2 0
0.0916597 0.368251 0.10573 3 2 0
0.0918617 0.369109 0.105735 3 2 0
0.0920646 0.369962 0.10574 3 2 0
0.0922682 0.370802 0.105746 3 2 0
0.0924726 0.371488 0.105752 3 2 0
0.0926778 0.372327 0.105759 3 2 0
0.0928837 0.373153 0.105766 3 2 0
0.0930905 0.373951 0.105775 3 2 0
0.093298 0.374755 0.105784 3 2 0
0.0935062 0.375548 0.105793 3 2 0
0.0937152 0.376282 0.105804 3 2 0
0.093925 0.377058 0.105815 3 2 0
0.0941354 0.377823 0.105826 3 2 0
0.0943467 0.378554 0.105838 3 2 0
0.0945586 0.379302 0.10585 3 2 0
0.0947713 0.380039 0.105862 3 2 0
0.0949848 0.380657 0.105876 3 2 0
0.0951989 0.381387 0.105889 3 2 0
0.0954138 0.382106 0.105903 3 2 0
0.0956294 0.382711 0.105917 3 2 0
0.0958457 0.383421 0.105932 3 2 0
0.0960627 0.384121 0.105947 3 2 0
0.0962804 0.384659 0.105962 3 2 0
0.0964988 0.385352 0.105978 3 2 0
0.096718 0.386036 0.105994 3 2 0
0.0969378 0.386564 0.10601 3 2 0
0.0971583 0.387239 0.106026 3 2 0
0.0973796 0.387906 0.106044 3 2 0
0.0976015 0.388305 0.106061 3 2 0
0.0978241 0.388967 0.106079 3 2 0
0.0980474 0.389622 0.106097 3 2 0
0.0982715 0.390054 0.106114 3 2 0
0.0984962 0.390619 0.106132 3 2 0
0.0987216 0.391234 0.106151 3 2 0
0.0989476 0.39188 0.106172 3 2 0
0.0991744 0.39243 0.106191 3 2 0
0.0994019 0.392981 0.106211 3 2 0
0.09963 0.393876 0.106231 3 2 0
0.0998588 0.394419 0.106251 3 2 0
0.100088 0.394955 0.106272 3 2 0
0.100319 0.395417 0.106294 3 2 0
0.100549 0.39594 0.106315 3 2 0
0.100781 0.396456 0.106337 3 2 0
0.101013 0.397117 0.106361 3 2 0
0.101246 0.397627 0.106383 3 2 0
0.10148 0.398131 0.106405 3 2 0
0.101714 0.398715 0.106426 3 2 0
0.101949 0.399211 0.106449 3 2 0
0.102185 0.399702 0.106471 3 2 0
0.102421 0.400431 0.106495 3 2 0
0.102658 0.400919 0.106518 3 2 0
0.102896 0.401402 0.106541 3 2 0
0.103134 0.402041 0.106564 3 2 0
0.103373 0.40252 0.106588 3 2 0
0.103613 0.402994 0.106612 3 2 0
0.103853 0.403628 0.106636 3 2 0
0.104094 0.4041 0.106661 3 2 0
0.104336 0.404566 0.106685 3 2 0
0.104579 0.405145 0.106707 3 2 0
0.104822 0.405608 0.106732 3 2 0
0.105066 0.406066 0.106757 3 2 0
0.10531 0.406625 0.106783 3 2 0
0.105555 0.407081 0.106808 3 2 0
0.105801 0.407532 0.106833 3 2 0
0.106048 0.408049 0.106857 3 2 0
0.106295 0.408497 0.106883 3 2 0
0.106543 0.408941 0.106909 3 2 0
0.106792 0.409444 0.106935 3 2 0
0.107041 0.409887 0.106962 3 2 0
0.107291 0.410325 0.106988 3 2 0
0.107542 0.410788 0.107011 3 2 0
0.107793 0.411225 0.107038 3 2 0
0.108046 0.411658 0.107065 3 2 0
0.108298 0.412083 0.10709 3 2 0
0.108552 0.412514 0.107117 3 2 0
0.108806 0.412941 0.107144 3 2 0
0.109061 0.413343 0.107172 3 2 0
0.109317 0.413767 0.107199 3 2 0
0.109573 0.414188 0.107226 3 2 0
0.10983 0.414552 0.107253 3 2 0
0.110088 0.414972 0.107281 3 2 0
0.110346 0.415388 0.107308 3 2 0
0.110605 0.415626 0.107333 3 2 0
0.110865 0.416045 0.107361 3 2 0
0.111125 0.416461 0.107389 3 2 0
0.111387 0.417002 0.107418 3 2 0
0.111649 0.417402 0.107447 3 2 0
0.111911 0.417798 0.107475 3 2 0
0.112175 0.418127 0.107505 3 2 0
0.112439 0.418523 0.107534 3 2 0
0.112704 0.418916 0.107563 3 2 0
0.112969 0.419198 0.107591 3 2 0
0.113236 0.419591 0.10762 3 2 0
0.113503 0.41998 0.107649 3 2 0
0.11377 0.420079 0.107675 3 2 0
0.114039 0.420474 0.107705 3 2 0
0.114308 0.420865 0.107734 3 2 0
0.114578 0.421007 0.107761 3 2 0
0.114848 0.421399 0.107791 3 2 0
0.11512 0.421788 0.10782 3 2 0
0.115392 0.422646 0.107843 3 2 0
0.115665 0.422997 0.107872 3 2 0
0.115938 0.423345 0.107902 3 2 0
0.116213 0.423595 0.107932 3 2 0
0.116488 0.423959 0.107962 3 2 0
0.116763 0.42432 0.107992 3 2 0
0.11704 0.424596 0.108037 3 2 0
0.117317 0.424925 0.108067 3 2 0
0.117595 0.425253 0.108097 3 2 0
0.117874 0.425344 0.108122 3 2 0
0.118154 0.42566 0.108152 3 2 0
0.118434 0.425974 0.108183 3 2 0
0.118715 0.426648 0.108213 3 2 0
0.118997 0.426994 0.108244 3 2 0
0.119279 0.427338 0.108274 3 2 0
0.119563 0.427226 0.108308 3 2 0
0.119847 0.427529 0.108339 3 2 0
0.120132 0.427838 0.10837 3 2 0
0.120417 0.428681 0.108404 3 2 0
0.120704 0.429013 0.108435 3 2 0
0.120991 0.429342 0.108466 3 2 0
0.121279 0.429542 0.108501 3 2 0
0.121568 0.429872 0.108532 3 2 0
0.121857 0.4302 0.108563 3 2 0
0.122147 0.430627 0.108598 3 2 0
0.122438 0.430945 0.108629 3 2 0
0.12273 0.431261 0.108661 3 2 0
0.123023 0.431569 0.108697 3 2 0
0.123316 0.431881 0.108728 3 2 0
0.123611 0.432191 0.108759 3 2 0
0.123906 0.432486 0.108792 3 2 0
0.124202 0.432792 0.108823 3 2 0
0.124498 0.433097 0.108855 3 2 0
0.124796 0.433421 0.108891 3 2 0
0.125094 0.433717 0.108922 3 2 0
0.125393 0.43401 0.108953 3 2 0
0.125693 0.434294 0.10899 3 2 0
0.125994 0.434582 0.109021 3 2 0
0.126295 0.434868 0.109053 3 2 0
0.126598 0.43515 0.109089 3 2 0
0.126901 0.435432 0.109121 3 2 0
0.127205 0.435712 0.109153 3 2 0
0.127509 0.435976 0.109187 3 2 0
0.127815 0.436252 0.109219 3 2 0
0.128122 0.436525 0.10925 3 2 0
0.128429 0.436809 0.109286 3 2 0
0.128737 0.437079 0.109317 3 2 0
0.129046 0.437348 0.109349 3 2 0
0.129356 0.437609 0.109383 3 2 0
0.129667 0.437874 0.109415 3 2 0
0.129978 0.438137 0.109447 3 2 0
0.13029 0.438401 0.109482 3 2 0
0.130604 0.438661 0.109514 3 2 0
0.130918 0.43892 0.109546 3 2 0
0.131233 0.43923 0.109581 3 2 0
0.131549 0.439488 0.109613 3 2 0
0.131865 0.439744 0.109645 3 2 0
0.132183 0.440035 0.109684 3 2 0
0.132501 0.440289 0.109715 3 2 0
0.13282 0.440542 0.109747 3 2 0
0.133141 0.440747 0.109787 3 2 0
0.133462 0.440995 0.109819 3 2 0
0.133784 0.441242 0.10985 3 2 0
0.134106 0.441447 0.109902 3 2 0
0.13443 0.441689 0.109935 3 2 0
0.134755 0.44193 0.109968 3 2 0
0.13508 0.442023 0.110002 3 2 0
0.135407 0.442258 0.110033 3 2 0
0.135734 0.442492 0.110065 3 2 0
0.136062 0.442509 0.110057 3 2 0
0.136391 0.442781 0.110089 3 2 0
0.136721 0.443051 0.110121 3 2 0
0.137052 0.443247 0.110144 3 2 0
0.137384 0.443515 0.110176 3 2 0
0.137717 0.443782 0.110208 3 2 0
0.13805 0.444015 0.110226 3 2 0
0.138385 0.444279 0.110258 3 2 0
0.138721 0.444541 0.11029 3 2 0
0.139057 0.44487 0.11032 3 2 0
0.139394 0.445128 0.110352 3 2 0
0.139733 0.445384 0.110384 3 2 0
0.140072 0.445565 0.110412 3 2 0
0.140412 0.44582 0.110444 3 2 0
0.140754 0.446074 0.110476 3 2 0
0.141096 0.446424 0.110506 3 2 0
0.141439 0.446673 0.110539 3 2 0
0.141783 0.44692 0.110571 3 2 0
0.142128 0.447188 0.1106 3 2 0
0.142474 0.447432 0.110632 3 2 0
0.142821 0.447674 0.110665 3 2 0
0.143169 0.447932 0.110695 3 2 0
0.143518 0.448171 0.110727 3 2 0
0.143868 0.448409 0.11076 3 2 0
0.144218 0.448652 0.110791 3 2 0
0.14457 0.448888 0.110823 3 2 0
0.144923 0.449121 0.110856 3 2 0
0.145277 0.449394 0.110887 3 2 0
0.145632 0.449624 0.11092 3 2 0
0.145988 0.449852 0.110952 3 2 0
0.146345 0.450103 0.110984 3 2 0
0.146703 0.450328 0.111016 3 2 0
0.147061 0.450552 0.111048 3 2 0
0.147421 0.450809 0.111081 3 2 0
0.147782 0.451028 0.111113 3 2 0
0.148144 0.451246 0.111145 3 2 0
0.148507 0.451464 0.111178 3 2 0
0.148871 0.451679 0.11121 3 2 0
0.149236 0.451894 0.111243 3 2 0
0.149602 0.452108 0.111276 3 2 0
0.14997 0.452321 0.111309 3 2 0
0.150338 0.452532 0.111341 3 2 0
0.150707 0.452742 0.111376 3 2 0
0.151077 0.452951 0.111408 3 2 0
0.151449 0.453158 0.11144 3 2 0
0.151821 0.453356 0.111474 3 2 0
0.152195 0.453561 0.111506 3 2 0
0.152569 0.453764 0.111538 3 2 0
0.152945 0.453865 0.111575 3 2 0
0.153322 0.454062 0.111607 3 2 0
0.153699 0.454258 0.111639 3 2 0
0.154078 0.454354 0.111675 3 2 0
0.154458 0.454546 0.111707 3 2 0
0.154839 0.454737 0.11174 3 2 0
0.155222 0.455077 0.111773 3 2 0
0.155605 0.45527 0.111805 3 2 0
0.155989 0.455462 0.111837 3 2 0
0.156375 0.455586 0.111874 3 2 0
0.156761 0.455775 0.111906 3 2 0
0.157149 0.455963 0.111938 3 2 0
0.157538 0.45626 0.111971 3 2 0
0.157928 0.456449 0.112003 3 2 0
0.158319 0.456637 0.112035 3 2 0
0.158712 0.456778 0.112072 3 2 0
0.159105 0.456963 0.112104 3 2 0
0.1595 0.457147 0.112136 3 2 0
0.159896 0.457384 0.11217 3 2 0
0.160292 0.457568 0.112202 3 2 0
0.160691 0.457752 0.112234 3 2 0
0.16109 0.45795 0.11227 3 2 0
0.16149 0.458132 0.112302 3 2 0
0.161892 0.458313 0.112334 3 2 0
0.162295 0.458534 0.112365 3 2 0
0.162699 0.458715 0.112392 3 2 0
0.163104 0.458895 0.112419 3 2 0
0.16351 0.458994 0.112447 3 2 0
0.163918 0.459171 0.112474 3 2 0
0.164327 0.459347 0.112501 3 2 0
0.164737 0.459566 0.112518 3 2 0
0.165148 0.459742 0.112545 3 2 0
0.16556 0.459917 0.112572 3 2 0
0.165974 0.46014 0.112596 3 2 0
0.166389 0.460314 0.112623 3 2 0
0.166805 0.460488 0.11265 3 2 0
0.167222 0.460564 0.112673 3 2 0
0.167641 0.460735 0.1127 3 2 0
0.168061 0.460906 0.112726 3 2 0
0.168482 0.460978 0.112747 3 2 0
0.168904 0.461147 0.112773 3 2 0
0.169328 0.461314 0.1128 3 2 0
0.169753 0.461405 0.112823 3 2 0
0.170179 0.461571 0.112849 3 2 0
0.170607 0.461736 0.112876 3 2 0
0.171035 0.461654 0.112901 3 2 0
0.171465 0.461816 0.112927 3 2 0
0.171897 0.461977 0.112954 3 2 0
0.172329 0.462387 0.112978 3 2 0
0.172763 0.46255 0.113004 3 2 0
0.173199 0.462711 0.11303 3 2 0
0.173635 0.462756 0.113055 3 2 0
0.174073 0.462916 0.113082 3 2 0
0.174512 0.463075 0.113108 3 2 0
0.174953 0.463243 0.113133 3 2 0
0.175395 0.463401 0.113159 3 2 0
0.175838 0.463559 0.113185 3 2 0
0.176283 0.463722 0.113209 3 2 0
0.176729 0.463879 0.113235 3 2 0
0.177176 0.464035 0.113261 3 2 0
0.177625 0.464236 0.113287 3 2 0
0.178075 0.464433 0.113312 3 2 0
0.178527 0.464631 0.113338 3 2 0
0.17898 0.465161 0.113364 3 2 0
0.179434 0.465352 0.11339 3 2 0
0.17989 0.465541 0.113415 3 2 0
0.180347 0.465481 0.113442 3 2 0
0.180805 0.465673 0.113468 3 2 0
0.181265 0.465865 0.113493 3 2 0
0.181726 0.466089 0.113522 3 2 0
0.182189 0.466279 0.113547 3 2 0
0.182653 0.466468 0.113573 3 2 0
0.183119 0.466257 0.113606 3 2 0
0.183586 0.46641 0.113632 3 2 0
0.184055 0.466561 0.113658 3 2 0
0.184525 0.46701 0.113678 3 2 0
0.184996 0.467199 0.113704 3 2 0
0.185469 0.467388 0.113729 3 2 0
0.185943 0.467554 0.113752 3 2 0
0.186419 0.467742 0.113777 3 2 0
0.186897 0.467929 0.113802 3 2 0
0.187376 0.468058 0.113856 3 2 0
0.187856 0.468245 0.113882 3 2 0
0.188338 0.468432 0.113907 3 2 0
0.188821 0.468454 0.113923 3 2 0
0.189306 0.468642 0.113948 3 2 0
0.189793 0.46883 0.113973 3 2 0
0.190281 0.468813 0.114003 3 2 0
0.19077 0.469002 0.114028 3 2 0
0.191262 0.469191 0.114053 3 2 0
0.191754 0.469975 0.114077 3 2 0
0.192248 0.470153 0.114102 3 2 0
0.192744 0.47033 0.114127 3 2 0
0.193242 0.470482 0.114172 3 2 0
0.193741 0.470659 0.114197 3 2 0
0.194241 0.470835 0.114222 3 2 0
0.194743 0.471267 0.114254 3 2 0
0.195247 0.471434 0.114279 3 2 0
0.195752 0.4716 0.114303 3 2 0
0.19626 0.471781 0.114319 3 2 0
0.196768 0.471943 0.114343 3 2 0
0.197278 0.472105 0.114367 3 2 0
0.19779 0.471942 0.114408 3 2 0
0.198304 0.472118 0.114432 3 2 0
0.198819 0.472293 0.114456 3 2 0
0.199336 0.472741 0.114468 3 2 0
0.199854 0.472901 0.114491 3 2 0
0.200375 0.473061 0.114514 3 2 0
0.200897 0.473191 0.114565 3 2 0
0.20142 0.473358 0.114589 3 2 0
0.201946 0.473524 0.114613 3 2 0
0.202473 0.473696 0.114601 3 2 0
0.203001 0.473854 0.114624 3 2 0
0.203532 0.474012 0.114647 3 2 0
0.204064 0.473719 0.114687 3 2 0
0.204598 0.473896 0.114711 3 2 0
0.205134 0.474072 0.114734 3 2 0
0.205671 0.473718 0.114689 3 2 0
0.20621 0.473902 0.114712 3 2 0
0.206751 0.474085 0.114734 3 2 0
0.207294 0.475057 0.114809 3 2 0
0.207838 0.475226 0.114833 3 2 0
0.208385 0.475393 0.114857 3 2 0
0.208933 0.475633 0.11482 3 2 0
0.209483 0.47579 0.114843 3 2 0
0.210035 0.475947 0.114866 3 2 0
0.210588 0.476142 0.114911 3 2 0
0.211144 0.476303 0.114934 3 2 0
0.211701 0.476464 0.114958 3 2 0
0.21226 0.476623 0.114978 3 2 0
0.212821 0.476782 0.115002 3 2 0
0.213384 0.476942 0.115025 3 2 0
0.213949 0.477081 0.11503 3 2 0
0.214515 0.477238 0.115053 3 2 0
0.215084 0.477394 0.115077 3 2 0
0.215654 0.477567 0.115101 3 2 0
0.216226 0.477724 0.115125 3 2 0
0.216801 0.477881 0.115148 3 2 0
0.217377 0.478018 0.115147 3 2 0
0.217955 0.478174 0.11517 3 2 0
0.218535 0.478329 0.115194 3 2 0
0.219117 0.478478 0.115219 3 2 0
0.219701 0.478633 0.115243 3 2 0
0.220287 0.478788 0.115267 3 2 0
0.220875 0.478934 0.115275 3 2 0
0.221465 0.479089 0.115299 3 2 0
0.222057 0.479242 0.115322 3 2 0
0.222651 0.479378 0.115342 3 2 0
0.223247 0.479531 0.115366 3 2 0
0.223845 0.479684 0.11539 3 2 0
0.224445 0.479777 0.1154 3 2 0
0.225047 0.479929 0.115424 3 2 0
0.225651 0.48008 0.115447 3 2 0
0.226258 0.480164 0.115471 3 2 0
0.226866 0.480315 0.115495 3 2 0
0.227476 0.480465 0.115519 3 2 0
0.228089 0.480702 0.11553 3 2 0
0.228704 0.480854 0.115554 3 2 0
0.22932 0.481005 0.115578 3 2 0
0.229939 0.481191 0.115601 3 2 0
0.23056 0.481342 0.115625 3 2 0
0.231184 0.481494 0.115649 3 2 0
0.231809 0.481619 0.115664 3 2 0
0.232436 0.48177 0.115687 3 2 0
0.233066 0.48192 0.115711 3 2 0
0.233698 0.482109 0.115735 3 2 0
0.234332 0.482261 0.115759 3 2 0
0.234968 0.482412 0.115783 3 2 0
0.235607 0.482555 0.115801 3 2 0
0.236248 0.482706 0.115825 3 2 0
0.236891 0.482857 0.115849 3 2 0
0.237536 0.48283 0.115871 3 2 0
0.238183 0.482978 0.115896 3 2 0
0.238833 0.483127 0.11592 3 2 0
0.239485 0.483386 0.11594 3 2 0
0.24014 0.483536 0.115964 3 2 0
0.240796 0.483686 0.115988 3 2 0
0.241456 0.483771 0.116012 3 2 0
0.242117 0.48392 0.116036 3 2 0
0.242781 0.484069 0.116061 3 2 0
0.243447 0.484149 0.116082 3 2 0
0.244115 0.484297 0.116106 3 2 0
0.244786 0.484446 0.11613 3 2 0
0.245459 0.484618 0.116154 3 2 0
0.246135 0.484767 0.116178 3 2 0
0.246813 0.484915 0.116203 3 2 0
0.247493 0.484934 0.116227 3 2 0
0.248176 0.485081 0.116251 3 2 0
0.248861 0.485229 0.116275 3 2 0
0.249549 0.485368 0.1163 3 2 0
0.250239 0.485526 0.116324 3 2 0
0.250932 0.485712 0.116349 3 2 0
0.251627 0.485986 0.116376 3 2 0
0.252325 0.48617 0.1164 3 2 0
0.253025 0.486354 0.116424 3 2 0
0.253728 0.486626 0.116449 3 2 0
0.254434 0.486808 0.116474 3 2 0
0.255141 0.48699 0.116499 3 2 0
0.255852 0.48724 0.116529 3 2 0
0.256565 0.487421 0.116553 3 2 0
0.257281 0.487602 0.116578 3 2 0
0.257999 0.488107 0.116605 3 2 0
0.25872 0.48828 0.11663 3 2 0
0.259443 0.488453 0.116654 3 2 0
0.26017 0.48832 0.116683 3 2 0
0.260898 0.4885 0.116708 3 2 0
0.26163 0.48868 0.116733 3 2 0
0.262364 0.48899 0.116763 3 2 0
0.263101 0.489167 0.116787 3 2 0
0.263841 0.489345 0.116812 3 2 0
0.264583 0.489486 0.116841 3 2 0
0.265328 0.489664 0.116866 3 2 0
0.266076 0.489843 0.116891 3 2 0
0.266827 0.490096 0.116925 3 2 0
0.26758 0.490272 0.11695 3 2 0
0.268336 0.490448 0.116975 3 2 0
0.269095 0.49068 0.117007 3 2 0
0.269857 0.490854 0.117032 3 2 0
0.270622 0.491028 0.117057 3 2 0
0.27139 0.491171 0.117091 3 2 0
0.27216 0.491346 0.117116 3 2 0
0.272933 0.491522 0.117141 3 2 0
0.27371 0.491703 0.117173 3 2 0
0.274489 0.491878 0.117198 3 2 0
0.275271 0.492054 0.117224 3 2 0
0.276056 0.492178 0.117266 3 2 0
0.276844 0.492355 0.117291 3 2 0
0.277635 0.492533 0.117316 3 2 0
0.278429 0.492789 0.11734 3 2 0
0.279226 0.492962 0.117366 3 2 0
0.280026 0.493135 0.117392 3 2 0
0.280829 0.493307 0.117435 3 2 0
0.281635 0.49348 0.117461 3 2 0
0.282444 0.493653 0.117487 3 2 0
0.283256 0.493826 0.117519 3 2 0
0.284071 0.493999 0.117545 3 2 0
0.28489 0.494173 0.117571 3 2 0
0.285711 0.49434 0.117616 3 2 0
0.286536 0.494513 0.117642 3 2 0
0.287364 0.494686 0.117668 3 2 0
0.288195 0.494744 0.117696 3 2 0
0.289029 0.494912 0.117722 3 2 0
0.289867 0.495081 0.117749 3 2 0
0.290708 0.495224 0.117805 3 2 0
0.291551 0.495393 0.117831 3 2 0
0.292399 0.495561 0.117857 3 2 0
0.293249 0.495717 0.117886 3 2 0
0.294103 0.495886 0.117912 3 2 0
0.29496 0.496054 0.117939 3 2 0
0.295821 0.496246 0.117984 3 2 0
0.296684 0.496415 0.11801 3 2 0
0.297552 0.496585 0.118037 3 2 0
0.298422 0.49676 0.118075 3 2 0
0.299296 0.49693 0.118102 3 2 0
0.300174 0.4971 0.118129 3 2 0
0.301054 0.497225 0.118172 3 2 0
0.301939 0.497395 0.118201 3 2 0
0.302826 0.497565 0.118228 3 2 0
0.303718 0.497677 0.118262 3 2 0
0.304612 0.497846 0.118299 3 2 0
0.305511 0.498015 0.118328 3 2 0
0.306413 0.498156 0.118358 3 2 0
0.307318 0.498326 0.118396 3 2 0
0.308227 0.498495 0.118424 3 2 0
0.30914 0.498712 0.118444 3 2 0
0.310056 0.498882 0.118481 3 2 0
0.310976 0.499053 0.11852 3 2 0
0.3119 0.499182 0.118547 3 2 0
0.312827 0.499366 0.118585 3 2 0
0.313758 0.499566 0.118625 3 2 0
0.314692 0.499993 0.118642 3 2 0
0.315631 0.500189 0.118681 3 2 0
0.316573 0.500384 0.11872 3 2 0
0.317519 0.500787 0.118733 3 2 0
0.318469 0.500976 0.118772 3 2 0
0.319423 0.501165 0.11881 3 2 0
0.32038 0.501116 0.118823 3 2 0
0.321341 0.501293 0.118861 3 2 0
0.322307 0.50147 0.118899 3 2 0
0.323276 0.501933 0.118945 3 2 0
0.324249 0.502121 0.118984 3 2 0
0.325226 0.502309 0.119025 3 2 0
0.326207 0.502497 0.119039 3 2 0
0.327192 0.502685 0.119078 3 2 0
0.328181 0.502873 0.119118 3 2 0
0.329174 0.503064 0.119156 3 2 0
0.330171 0.503253 0.119197 3 2 0
0.331173 0.503442 0.119238 3 2 0
0.332178 0.503635 0.119259 3 2 0
0.333187 0.503826 0.1193 3 2 0
0.334201 0.504017 0.119342 3 2 0
0.335219 0.504209 0.119367 3 2 0
0.336241 0.504401 0.119409 3 2 0
0.337267 0.504594 0.119451 3 2 0
0.338298 0.504786 0.119477 3 2 0
0.339332 0.50498 0.119519 3 2 0
0.340371 0.505173 0.119562 3 2 0
0.341415 0.505366 0.119591 3 2 0
0.342462 0.505561 0.119634 3 2 0
0.343514 0.505756 0.119678 3 2 0
0.344571 0.505951 0.119707 3 2 0
0.345632 0.506146 0.11975 3 2 0
0.346697 0.506342 0.119795 3 2 0
0.347767 0.506529 0.11982 3 2 0
0.348841 0.506723 0.119864 3 2 0
0.34992 0.506918 0.119909 3 2 0
0.351003 0.507083 0.119938 3 2 0
0.352091 0.507277 0.119982 3 2 0
0.353183 0.50747 0.120028 3 2 0
0.354281 0.507481 0.120049 3 2 0
0.355382 0.507671 0.120093 3 2 0
0.356489 0.507861 0.120139 3 2 0
0.3576 0.507989 0.120174 3 2 0
0.358715 0.508178 0.12022 3 2 0
0.359836 0.508368 0.120267 3 2 0
0.360961 0.508793 0.120307 3 2 0
0.362091 0.508988 0.120354 3 2 0
0.363226 0.509182 0.120402 3 2 0
0.364366 0.509009 0.120398 3 2 0
0.365511 0.509198 0.120443 3 2 0
0.36666 0.509388 0.120489 3 2 0
0.367815 0.510037 0.120566 3 2 0
0.368975 0.510235 0.120613 3 2 0
0.370139 0.510432 0.120649 3 2 0
0.371309 0.510531 0.120658 3 2 0
0.372483 0.510727 0.120705 3 2 0
0.373663 0.510923 0.120753 3 2 0
0.374847 0.511264 0.120826 3 2 0
0.376037 0.511463 0.120865 3 2 0
0.377232 0.511663 0.120902 3 2 0
0.378433 0.511804 0.120913 3 2 0
0.379638 0.512003 0.120961 3 2 0
0.380849 0.512203 0.12101 3 2 0
0.382065 0.512343 0.121089 3 2 0
0.383286 0.512541 0.121128 3 2 0
0.384513 0.51274 0.121167 3 2 0
0.385745 0.513179 0.121207 3 2 0
0.386983 0.513384 0.121259 3 2 0
0.388226 0.513589 0.121313 3 2 0
0.389474 0.513509 0.121342 3 2 0
0.390728 0.513708 0.121382 3 2 0
0.391987 0.513908 0.121422 3 2 0
0.393252 0.513943 0.121462 3 2 0
0.394523 0.51417 0.121504 3 2 0
0.395799 0.514398 0.121546 3 2 0
0.397081 0.514544 0.121627 3 2 0
0.398369 0.514743 0.121668 3 2 0
0.399662 0.514942 0.121709 3 2 0
0.400962 0.515172 0.121765 3 2 0
0.402266 0.515403 0.121806 3 2 0
0.403577 0.515634 0.121848 3 2 0
0.404894 0.516208 0.121902 3 2 0
0.406217 0.516415 0.121945 3 2 0
0.407545 0.516622 0.121988 3 2 0
0.40888 0.516703 0.122027 3 2 0
0.41022 0.516908 0.122072 3 2 0
0.411567 0.517114 0.122117 3 2 0
0.412919 0.517209 0.122172 3 2 0
0.414278 0.517414 0.122217 3 2 0
0.415643 0.517619 0.122264 3 2 0
0.417014 0.517795 0.122317 3 2 0
0.418391 0.51803 0.122364 3 2 0
0.419775 0.518265 0.122412 3 2 0
0.421165 0.518574 0.122465 3 2 0
0.422561 0.518782 0.122514 3 2 0
0.423964 0.518989 0.122563 3 2 0
0.425373 0.519225 0.122621 3 2 0
0.426788 0.51946 0.12267 3 2 0
0.42821 0.519695 0.12272 3 2 0
0.429639 0.519965 0.122774 3 2 0
0.431074 0.520175 0.122825 3 2 0
0.432515 0.520386 0.122876 3 2 0
0.433964 0.520688 0.122932 3 2 0
0.435419 0.520923 0.122984 3 2 0
0.43688 0.521158 0.123036 3 2 0
0.438349 0.521389 0.123092 3 2 0
0.439824 0.521603 0.123145 3 2 0
0.441307 0.521817 0.123199 3 2 0
0.442796 0.522156 0.123256 3 2 0
0.444292 0.52239 0.12331 3 2 0
0.445795 0.522625 0.123366 3 2 0
0.447305 0.522862 0.123423 3 2 0
0.448822 0.52308 0.123478 3 2 0
0.450346 0.523299 0.123534 3 2 0
0.451877 0.52313 0.123591 3 2 0
0.453416 0.523374 0.123649 3 2 0
0.454962 0.523618 0.123708 3 2 0
0.456515 0.523894 0.123766 3 2 0
0.458075 0.524109 0.123827 3 2 0
0.459643 0.524325 0.123888 3 2 0
0.461218 0.524497 0.123945 3 2 0
0.4628 0.524743 0.124008 3 2 0
0.464391 0.524989 0.124071 3 2 0
0.465988 0.525155 0.124125 3 2 0
0.467593 0.525372 0.124189 3 2 0
0.469206 0.525588 0.124253 3 2 0
0.470827 0.525808 0.124308 3 2 0
0.472455 0.526057 0.124373 3 2 0
0.474091 0.526306 0.124438 3 2 0
0.475735 0.526665 0.124498 3 2 0
0.477387 0.526885 0.124565 3 2 0
0.479047 0.527105 0.124633 3 2 0
0.480715 0.5272 0.12469 3 2 0
0.48239 0.527446 0.124759 3 2 0
0.484074 0.527698 0.124829 3 2 0
0.485766 0.527931 0.12489 3 2 0
0.487466 0.528151 0.124961 3 2 0
0.489175 0.528371 0.125033 3 2 0
0.490891 0.528675 0.125088 3 2 0
0.492616 0.528896 0.125161 3 2 0
0.49435 0.529118 0.125235 3 2 0
0.496091 0.529372 0.12529 3 2 0
0.497842 0.529594 0.125365 3 2 0
0.4996 0.529817 0.12544 3 2 0
0.501368 0.530102 0.125506 3 2 0
0.503144 0.530325 0.125583 3 2 0
0.504929 0.530549 0.125661 3 2 0
0.506722 0.530811 0.125718 3 2 0
0.508525 0.531035 0.125797 3 2 0
0.510336 0.53126 0.125877 3 2 0
0.512156 0.531499 0.125938 3 2 0
0.513985 0.531724 0.126019 3 2 0
0.515823 0.531949 0.126102 3 2 0
0.51767 0.532252 0.126161 3 2 0
0.519527 0.532479 0.126245 3 2 0
0.521392 0.532705 0.12633 3 2 0
0.523267 0.532989 0.126389 3 2 0
0.525151 0.533216 0.126474 3 2 0
0.527044 0.533443 0.126561 3 2 0
0.528947 0.533749 0.126623 3 2 0
0.53086 0.533978 0.126711 3 2 0
0.532782 0.534206 0.126797 3 2 0
0.534713 0.534619 0.12685 3 2 0
0.536655 0.53485 0.12694 3 2 0
0.538606 0.535081 0.12701 3 2 0
0.540566 0.535565 0.12708 3 2 0
0.542537 0.5358 0.127165 3 2 0
0.544518 0.536036 0.127228 3 2 0
0.546508 0.536347 0.127316 3 2 0
0.548509 0.536584 0.12738 3 2 0
0.550519 0.536821 0.127444 3 2 0
0.55254 0.537037 0.127524 3 2 0
0.554571 0.537274 0.12759 3 2 0
0.556613 0.537511 0.127657 3 2 0
0.558665 0.537775 0.127725 3 2 0
0.560727 0.538013 0.127794 3 2 0
0.5628 0.538251 0.127864 3 2 0
0.564883 0.53844 0.127955 3 2 0
0.566977 0.538677 0.128026 3 2 0
0.569081 0.538913 0.128098 3 2 0
0.571197 0.539172 0.128186 3 2 0
0.573323 0.539409 0.128259 3 2 0
0.57546 0.539647 0.128334 3 2 0
0.577608 0.539874 0.128422 3 2 0
0.579767 0.540111 0.128498 3 2 0
0.581938 0.540348 0.128574 3 2 0
0.584119 0.540611 0.128661 3 2 0
0.586312 0.540848 0.128739 3 2 0
0.588516 0.541086 0.128818 3 2 0
0.590731 0.541357 0.128907 3 2 0
0.592958 0.541595 0.128988 3 2 0
0.595197 0.541833 0.12907 3 2 0
0.597447 0.542096 0.129161 3 2 0
0.599708 0.542335 0.129244 3 2 0
0.601982 0.542573 0.129329 3 2 0
0.604267 0.542835 0.12942 3 2 0
0.606564 0.543074 0.129506 3 2 0
0.608874 0.543312 0.129593 3 2 0
0.611195 0.543596 0.129688 3 2 0
0.613528 0.543835 0.129777 3 2 0
0.615874 0.544074 0.129866 3 2 0
0.618232 0.54433 0.129961 3 2 0
0.620602 0.544569 0.130052 3 2 0
0.622985 0.544808 0.130144 3 2 0
0.62538 0.545137 0.13024 3 2 0
0.627788 0.545378 0.130334 3 2 0
0.630209 0.545618 0.130429 3 2 0
0.632642 0.546023 0.130528 3 2 0
0.635089 0.546267 0.130624 3 2 0
0.637548 0.546511 0.130721 3 2 0
0.64002 0.546823 0.130819 3 2 0
0.642505 0.547069 0.130918 3 2 0
0.645004 0.547315 0.131018 3 2 0
0.647515 0.547601 0.131118 3 2 0
0.65004 0.547849 0.131219 3 2 0
0.652579 0.548097 0.131322 3 2 0
0.655131 0.548319 0.131425 3 2 0
0.657696 0.548565 0.131531 3 2 0
0.660275 0.54881 0.131638 3 2 0
0.662869 0.548995 0.131737 3 2 0
0.665475 0.549238 0.131845 3 2 0
0.668096 0.549481 0.131954 3 2 0
0.670731 0.549608 0.132069 3 2 0
0.67338 0.549848 0.132182 3 2 0
0.676043 0.550088 0.132297 3 2 0
0.678721 0.5505 0.132396 3 2 0
0.681412 0.550743 0.132513 3 2 0
0.684119 0.550986 0.13263 3 2 0
0.68684 0.551244 0.132737 3 2 0
0.689575 0.551486 0.132857 3 2 0
0.692325 0.551729 0.132978 3 2 0
0.69509 0.551951 0.133095 3 2 0
0.69787 0.552192 0.133219 3 2 0
0.700665 0.552433 0.133345 3 2 0
0.703476 0.55272 0.133475 3 2 0
0.706301 0.552961 0.133605 3 2 0
0.709141 0.553202 0.133736 3 2 0
0.711998 0.553512 0.13385 3 2 0
0.714869 0.553755 0.133984 3 2 0
0.717756 0.553997 0.134095 3 2 0
0.720659 0.554305 0.134218 3 2 0
0.723577 0.55455 0.134335 3 2 0
0.726512 0.554794 0.134443 3 2 0
0.729462 0.555053 0.134573 3 2 0
0.732428 0.555298 0.134682 3 2 0
0.735411 0.555543 0.134793 3 2 0
0.73841 0.55579 0.134904 3 2 0
0.741425 0.556035 0.135019 3 2 0
0.744457 0.556279 0.135135 3 2 0
0.747505 0.556511 0.135256 3 2 0
0.750569 0.556753 0.135375 3 2 0
0.753651 0.556994 0.135495 3 2 0
0.756749 0.557247 0.135619 3 2 0
0.759865 0.557488 0.135743 3 2 0
0.762997 0.557729 0.135868 3 2 0
0.766146 0.557976 0.135999 3 2 0
0.769313 0.558216 0.136127 3 2 0
0.772497 0.558455 0.136258 3 2 0
0.775699 0.558701 0.136392 3 2 0
0.778918 0.55894 0.136526 3 2 0
0.782155 0.559179 0.136662 3 2 0
0.785409 0.559421 0.1368 3 2 0
0.788681 0.55966 0.136939 3 2 0
0.791972 0.559898 0.13708 3 2 0
0.79528 0.560105 0.137221 3 2 0
0.798607 0.560345 0.137364 3 2 0
0.801951 0.560584 0.137509 3 2 0
0.805314 0.560769 0.137653 3 2 0
0.808696 0.561009 0.137801 3 2 0
0.812096 0.561248 0.137951 3 2 0
0.815515 0.561471 0.138102 3 2 0
0.818953 0.561709 0.138256 3 2 0
0.822409 0.561947 0.138412 3 2 0
0.825885 0.562194 0.138572 3 2 0
0.82938 0.562429 0.138733 3 2 0
0.832893 0.562663 0.138896 3 2 0
0.836426 0.562875 0.139057 3 2 0
0.839979 0.563108 0.139224 3 2 0
0.843551 0.563341 0.139393 3 2 0
0.847143 0.563501 0.13955 3 2 0
0.850754 0.563734 0.139722 3 2 0
0.854385 0.563966 0.139897 3 2 0
0.858037 0.563878 0.140037 3 2 0
0.861708 0.564114 0.140214 3 2 0
0.865399 0.564349 0.140393 3 2 0
0.869111 0.564648 0.14058 3 2 0
0.872843 0.56488 0.140764 3 2 0
0.876595 0.56511 0.140923 3 2 0
0.880368 0.565307 0.141101 3 2 0
0.884162 0.565516 0.141256 3 2 0
0.887976 0.565723 0.141414 3 2 0
0.891811 0.566153 0.141563 3 2 0
0.895667 0.566374 0.141725 3 2 0
0.899545 0.566594 0.14189 3 2 0
0.903443 0.566538 0.14207 3 2 0
0.907363 0.56676 0.142238 3 2 0
0.911304 0.566982 0.142409 3 2 0
0.915266 0.567514 0.142584 3 2 0
0.919251 0.567725 0.14276 3 2 0
0.923256 0.567935 0.142938 3 2 0
0.927284 0.567905 0.143121 3 2 0
0.931334 0.568118 0.143303 3 2 0
0.935405 0.56833 0.143488 3 2 0
0.939499 0.568766 0.143678 3 2 0
0.943614 0.568967 0.143867 3 2 0
0.947752 0.569168 0.144059 3 2 0
0.951913 0.569162 0.144253 3 2 0
0.956096 0.56935 0.144453 3 2 0
0.960301 0.569537 0.144655 3 2 0
0.964529 0.569934 0.144871 3 2 0
0.96878 0.570128 0.145081 3 2 0
0.973053 0.570319 0.145294 3 2 0
0.97735 0.570482 0.145495 3 2 0
0.98167 0.570671 0.145712 3 2 0
0.986012 0.570858 0.145931 3 2 0
0.990378 0.571047 0.146144 3 2 0
0.994768 0.57123 0.146369 3 2 0
0.99918 0.571411 0.146596 3 2 0
1.00362 0.571529 0.14682 3 2 0
1.00808 0.571708 0.147053 3 2 0
1.01256 0.571885 0.147289 3 2 0
1.01707 0.572102 0.14752 3 2 0
1.0216 0.572274 0.147761 3 2 0
1.02615 0.572442 0.148006 3 2 0
1.03073 0.572483 0.148248 3 2 0
1.03533 0.572651 0.148499 3 2 0
1.03996 0.572817 0.148723 3 2 0
1.04461 0.573048 0.148952 3 2 0
1.04929 0.573208 0.149172 3 2 0
1.05399 0.573364 0.149396 3 2 0
1.05871 0.573328 0.149623 3 2 0
1.06346 0.573484 0.149853 3 2 0
1.06823 0.573637 0.150085 3 2 0
1.07303 0.573811 0.150339 3 2 0
1.07785 0.573959 0.150577 3 2 0
1.0827 0.574103 0.150818 3 2 0
1.08757 0.573989 0.151069 3 2 0
1.09247 0.574132 0.151316 3 2 0
1.09739 0.574271 0.151567 3 2 0
1.10234 0.574529 0.151827 3 2 0
1.10731 0.574661 0.152084 3 2 0
1.11231 0.574789 0.152344 3 2 0
1.11733 0.574767 0.152607 3 2 0
1.12238 0.574874 0.152875 3 2 0
1.12745 0.574978 0.153146 3 2 0
1.13255 0.575089 0.153423 3 2 0
1.13767 0.575187 0.153701 3 2 0
1.14282 0.575287 0.153983 3 2 0
1.148 0.575548 0.154268 3 2 0
1.15319 0.575637 0.154557 3 2 0
1.15842 0.575723 0.15485 3 2 0
1.16367 0.575865 0.155147 3 2 0
1.16895 0.575944 0.155447 3 2 0
1.17425 0.576019 0.155752 3 2 0
1.17958 0.576206 0.156057 3 2 0
1.18493 0.576275 0.156369 3 2 0
1.19031 0.57634 0.156686 3 2 0
1.19571 0.576474 0.157 3 2 0
1.20114 0.576532 0.157323 3 2 0
1.2066 0.576586 0.157651 3 2 0
1.21208 0.576694 0.157976 3 2 0
1.21759 0.576741 0.158312 3 2 0
1.22312 0.576783 0.158652 3 2 0
1.22868 0.576832 0.158989 3 2 0
1.23427 0.576867 0.159338 3 2 0
1.23988 0.576896 0.159691 3 2 0
1.24551 0.576866 0.160044 3 2 0
1.25117 0.576888 0.160407 3 2 0
1.25686 0.576906 0.160774 3 2 0
1.26258 0.576807 0.16113 3 2 0
1.26831 0.576816 0.161506 3 2 0
1.27408 0.576819 0.161886 3 2 0
1.27987 0.576684 0.162268 3 2 0
1.28568 0.576678 0.162658 3 2 0
1.29153 0.576666 0.163054 3 2 0
1.29739 0.576428 0.16343 3 2 0
1.30328 0.576394 0.1638 3 2 0
1.3092 0.576354 0.164175 3 2 0
1.31515 0.576726 0.164543 3 2 0
1.32111 0.576676 0.16493 3 2 0
1.32711 0.57662 0.165322 3 2 0
1.33313 0.576595 0.165756 3 2 0
1.33917 0.576527 0.166158 3 2 0
1.34524 0.576452 0.166565 3 2 0
1.35133 0.576329 0.167022 3 2 0
1.35745 0.576239 0.167439 3 2 0
1.3636 0.576143 0.167862 3 2 0
1.36977 0.576088 0.168314 3 2 0
1.37596 0.575977 0.168748 3 2 0
1.38218 0.575859 0.169188 3 2 0
1.38842 0.575779 0.169666 3 2 0
1.39469 0.575646 0.170118 3 2 0
1.40098 0.575505 0.170576 3 2 0
1.4073 0.57523 0.171038 3 2 0
1.41364 0.57507 0.171511 3 2 0
1.42 0.574902 0.171991 3 2 0
1.42639 0.574807 0.172486 3 2 0
1.4328 0.57462 0.17298 3 2 0
1.43924 0.574425 0.173482 3 2 0
1.44569 0.574226 0.174002 3 2 0
1.45218 0.574011 0.174519 3 2 0
1.45868 0.573787 0.175043 3 2 0
1.46521 0.573588 0.175582 3 2 0
1.47176 0.573343 0.176123 3 2 0
1.47834 0.573087 0.176671 3 2 0
1.48493 0.572777 0.177233 3 2 0
1.49155 0.572499 0.177799 3 2 0
1.4982 0.572209 0.178374 3 2 0
1.50486 0.571939 0.178959 3 2 0
1.51154 0.571625 0.179553 3 2 0
1.51825 0.571299 0.180157 3 2 0
1.52498 0.570952 0.180772 3 2 0
1.53173 0.570599 0.181396 3 2 0
1.5385 0.570233 0.18203 3 2 0
1.54529 0.569865 0.182675 3 2 0
1.55211 0.56947 0.183331 3 2 0
1.55894 0.569062 0.183998 3 2 0
1.56579 0.56865 0.184676 3 2 0
1.57266 0.56821 0.185366 3 2 0
1.57956 0.567755 0.186069 3 2 0
1.58647 0.567286 0.186783 3 2 0
1.5934 0.566797 0.187511 3 2 0
1.60035 0.56629 0.188253 3 2 0
1.60731 0.56576 0.189007 3 2 0
1.6143 0.565216 0.189776 3 2 0
1.6213 0.564652 0.190561 3 2 0
1.62832 0.564044 0.191354 3 2 0
1.63536 0.563439 0.192168 3 2 0
1.64241 0.562813 0.193 3 2 0
1.64948 0.562131 0.193844 3 2 0
1.65657 0.56146 0.194709 3 2 0
1.66367 0.560764 0.195593 3 2 0
1.67078 0.560052 0.196487 3 2 0
1.67791 0.559307 0.197408 3 2 0
1.68506 0.558535 0.19835 3 2 0
1.69221 0.557561 0.199311 3 2 0
1.69938 0.556731 0.200296 3 2 0
1.70656 0.555871 0.201304 3 2 0
1.71375 0.554758 0.202328 3 2 0
1.72096 0.553832 0.203385 3 2 0
1.72817 0.552873 0.204469 3 2 0
1.73539 0.552118 0.205578 3 2 0
1.74262 0.551106 0.206718 3 2 0
1.74985 0.550054 0.207889 3 2 0
1.7571 0.549157 0.20908 3 2 0
1.76434 0.548006 0.210317 3 2 0
1.77159 0.54681 0.211589 3 2 0
1.77885 0.545544 0.21292 3 2 0
1.7861 0.544261 0.214271 3 2 0
1.79335 0.542925 0.215664 3 2 0
1.8006 0.541407 0.217119 3 2 0
1.80785 0.539962 0.218606 3 2 0
1.81509 0.538453 0.220146 3 2 0
1.82232 0.536754 0.221745 3 2 0
1.82954 0.535111 0.223398 3 2 0
1.83675 0.53339 0.225116 3 2 0
1.84394 0.531504 0.226966 3 2 0
1.85111 0.529573 0.228826 3 2 0
1.85825 0.527543 0.230767 3 2 0
1.86536 0.525646 0.232787 3 2 0
1.87243 0.523428 0.234927 3 2 0
1.87946 0.521085 0.237174 3 2 0
1.88644 0.518645 0.239534 3 2 0
1.89335 0.515996 0.242009 3 2 0
1.9002 0.513178 0.244626 3 2 0
1.90696 0.510061 0.24737 3 2 0
1.91361 0.506838 0.25033 3 2 0
1.92015 0.503384 0.25349 3 2 0
1.92653 0.499871 0.25688 3 2 0
1.93274 0.495893 0.26052 3 2 0
1.93874 0.491592 0.264447 3 2 0
1.94448 0.486964 0.268698 3 2 0
1.94991 0.481912 0.273305 3 2 0
1.95498 0.476429 0.278306 3 2 0
1.9596 0.470519 0.283739 3 2 0
1.96372 0.46411 0.289614 3 2 0
1.96727 0.45724 0.295934 3 2 0
1.97022 0.449989 0.302585 3 2 0
1.97257 0.442411 0.309646 3 2 0
1.97436 0.434563 0.317019 3 2 0
1.97565 0.426496 0.324668 3 2 0
1.97653 0.418294 0.332475 3 2 0
1.9771 0.410006 0.340372 3 2 0
1.97744 0.401675 0.3484 3 2 0
1.97763 0.393343 0.356508 3 2 0
1.97773 0.385017 0.364692 3 2 0
1.97776 0.376714 0.372935 3 2 0
1.97776 0.379543 0.370119 3 2 0
1.9777 0.387842 0.361897 3 2 0
1.97758 0.39618 0.35373 3 2 0
1.97735 0.404515 0.345641 3 2 0
1.97694 0.412822 0.337654 3 2 0
1.97627 0.42109 0.329805 3 2 0
1.97526 0.429247 0.322054 3 2 0
1.97381 0.437237 0.314507 3 2 0
1.97184 0.445065 0.307241 3 2 0
1.96929 0.452569 0.300318 3 2 0
1.96614 0.45969 0.293785 3 2 0
1.96239 0.466357 0.287585 3 2 0
1.95809 0.472602 0.281901 3 2 0
1.95331 0.478374 0.276658 3 2 0
1.94811 0.483688 0.271772 3 2 0
1.94256 0.488577 0.267267 3 2 0
1.93673 0.493081 0.263112 3 2 0
1.93065 0.497295 0.259252 3 2 0
1.92438 0.501162 0.255702 3 2 0
1.91793 0.50475 0.252397 3 2 0
1.91136 0.508098 0.249287 3 2 0
1.90466 0.511232 0.246388 3 2 0
1.89787 0.514167 0.243661 3 2 0
1.891 0.51692 0.241058 3 2 0
1.88406 0.519515 0.238617 3 2 0
1.87707 0.521962 0.236301 3 2 0
1.87002 0.524267 0.234234 3 2 0
1.86293 0.526454 0.232128 3 2 0
1.85581 0.528528 0.230117 3 2 0
1.84866 0.530518 0.2281 3 2 0
1.84149 0.532397 0.226264 3 2 0
1.83429 0.534187 0.2245 3 2 0
1.82708 0.53584 0.222781 3 2 0
1.81986 0.537467 0.221147 3 2 0
1.81262 0.539023 0.219571 3 2 0
1.80538 0.540407 0.218041 3 2 0
1.79813 0.541829 0.21657 3 2 0
1.79088 0.543192 0.215147 3 2 0
1.78362 0.544576 0.213795 3 2 0
1.77637 0.545835 0.212459 3 2 0
1.76912 0.547045 0.211163 3 2 0
1.76187 0.54829 0.209904 3 2 0
1.75462 0.549412 0.208682 3 2 0
1.74738 0.550493 0.207493 3 2 0
1.74015 0.551689 0.20631 3 2 0
1.73292 0.552698 0.205183 3 2 0
1.72571 0.55367 0.204085 3 2 0
1.7185 0.554624 0.203002 3 2 0
1.7113 0.555529 0.201956 3 2 0
1.70411 0.556402 0.200934 3 2 0
1.69693 0.557041 0.199938 3 2 0
1.68977 0.557848 0.198964 3 2 0
1.68262 0.558628 0.198012 3 2 0
1.67548 0.559308 0.197135 3 2 0
1.66835 0.560046 0.196218 3 2 0
1.66124 0.560759 0.195321 3 2 0
1.65415 0.561412 0.194447 3 2 0
1.64707 0.562077 0.193586 3 2 0
1.64 0.562719 0.192742 3 2 0
1.63296 0.563302 0.191913 3 2 0
1.62592 0.5639 0.191102 3 2 0
1.61891 0.564478 0.190306 3 2 0
1.61191 0.565029 0.189537 3 2 0
1.60493 0.565568 0.18877 3 2 0
1.59797 0.566088 0.188017 3 2 0
1.59103 0.566565 0.18729 3 2 0
1.58411 0.567049 0.186563 3 2 0
1.5772 0.567516 0.185849 3 2 0
1.57032 0.568065 0.185149 3 2 0
1.56345 0.5685 0.184459 3 2 0
1.5566 0.568919 0.183781 3 2 0
1.54978 0.569358 0.183134 3 2 0
1.54297 0.569747 0.182477 3 2 0
1.53619 0.570122 0.181831 3 2 0
1.52942 0.570502 0.181239 3 2 0
1.52268 0.570849 0.18061 3 2 0
1.51596 0.571183 0.179991 3 2 0
1.50926 0.571482 0.179351 3 2 0
1.50258 0.57179 0.178755 3 2 0
1.49593 0.572086 0.178169 3 2 0
1.48929 0.572333 0.177628 3 2 0
1.48268 0.572605 0.177054 3 2 0
1.47609 0.572866 0.176489 3 2 0
1.46952 0.573078 0.175939 3 2 0
1.46298 0.573316 0.175391 3 2 0
1.45646 0.573544 0.17485 3 2 0
1.44996 0.57373 0.17433 3 2 0
1.44349 0.573937 0.173804 3 2 0
1.43704 0.574135 0.173286 3 2 0
1.43061 0.574314 0.172786 3 2 0
1.42421 0.574493 0.172282 3 2 0
1.41783 0.574661 0.171784 3 2 0
1.41147 0.574827 0.1713 3 2 0
1.40514 0.574978 0.170816 3 2 0
1.39883 0.57512 0.170339 3 2 0
1.39255 0.575268 0.169879 3 2 0
1.38629 0.575394 0.169413 3 2 0
1.38005 0.575511 0.168953 3 2 0
1.37384 0.575588 0.16854 3 2 0
1.36766 0.57569 0.168088 3 2 0
1.3615 0.575783 0.167641 3 2 0
1.35536 0.575864 0.167243 3 2 0
1.34925 0.575943 0.166805 3 2 0
1.34317 0.576015 0.166373 3 2 0
1.3371 0.576153 0.165937 3 2 0
1.33107 0.576212 0.165518 3 2 0
1.32506 0.576263 0.165105 3 2 0
1.31907 0.576274 0.164846 3 2 0
1.31311 0.576324 0.164431 3 2 0
1.30718 0.576367 0.164021 3 2 0
1.30127 0.576411 0.163683 3 2 0
1.29539 0.576431 0.163281 3 2 0
1.28953 0.576444 0.162883 3 2 0
1.2837 0.576458 0.162533 3 2 0
1.27789 0.576473 0.162144 3 2 0
1.27211 0.576483 0.16176 3 2 0
1.26635 0.576468 0.161403 3 2 0
1.26062 0.576467 0.16106 3 2 0
1.25492 0.576462 0.160721 3 2 0
1.24924 0.576413 0.16028 3 2 0
1.24359 0.576398 0.159945 3 2 0
1.23796 0.576378 0.159614 3 2 0
1.23236 0.576347 0.159248 3 2 0
1.22678 0.576317 0.158924 3 2 0
1.22123 0.576284 0.158605 3 2 0
1.21571 0.576266 0.158235 3 2 0
1.21021 0.576224 0.157921 3 2 0
1.20473 0.576177 0.157611 3 2 0
1.19929 0.576138 0.15727 3 2 0
1.19387 0.576083 0.156966 3 2 0
1.18847 0.576024 0.156667 3 2 0
