0 0.0947599 0.0947599 2 1 0
7.87977e-05 0.0948171 0.0948171 1 1 0
0.000157284 0.0948742 0.0948742 1 1 0
0.000235506 0.0949314 0.0949314 1 1 0
0.000313468 0.0949887 0.0949887 1 1 0
0.000391171 0.0950461 0.0950461 1 1 0
0.000468619 0.0951035 0.0951035 1 1 0
0.000545815 0.095161 0.095161 1 1 0
0.000622761 0.0952186 0.0952186 1 1 0
0.000699459 0.0952762 0.0952762 1 1 0
0.000775913 0.0953339 0.0953339 1 1 0
0.000852124 0.0953917 0.0953917 1 1 0
0.000928096 0.0954495 0.0954495 1 1 0
0.00100383 0.0955075 0.0955075 1 1 0
0.00107933 0.0955655 0.0955655 1 1 0
0.0011546 0.0956235 0.0956235 1 1 0
0.00122963 0.0956816 0.0956816 1 1 0
0.00130444 0.0957398 0.0957398 1 1 0
0.00137903 0.0957981 0.0957981 1 1 0
0.00145339 0.0958565 0.0958565 1 1 0
0.00152753 0.0959149 0.0959149 1 1 0
0.00160145 0.0959734 0.0959734 1 1 0
0.00167515 0.0960319 0.0960319 1 1 0
0.00174864 0.0960905 0.0960905 1 1 0
0.00182192 0.0961492 0.0961492 1 1 0
0.00189499 0.096208 0.096208 1 1 0
0.00196784 0.0962669 0.0962669 1 1 0
0.00204049 0.0963258 0.0963258 1 1 0
0.00211294 0.0963848 0.0963848 1 1 0
0.00218519 0.0964438 0.0964438 1 1 0
0.00225723 0.096503 0.096503 1 1 0
0.00232908 0.0965622 0.0965622 1 1 0
0.00240073 0.0966214 0.0966214 1 1 0
0.00247218 0.0966808 0.0966808 1 1 0
0.00254344 0.0967402 0.0967402 1 1 0
0.00261451 0.0967997 0.0967997 1 1 0
0.00268539 0.0968593 0.0968593 1 1 0
0.00275609 0.0969189 0.0969189 1 1 0
0.00282659 0.0969786 0.0969786 1 1 0
0.00289691 0.0970384 0.0970384 1 1 0
0.00296705 0.0970983 0.0970983 1 1 0
0.00303701 0.0971582 0.0971582 1 1 0
0.00310679 0.0972182 0.0972182 1 1 0
0.00317639 0.0972783 0.0972783 1 1 0
0.00324582 0.0973384 0.0973384 1 1 0
0.00331507 0.0973986 0.0973986 1 1 0
0.00338415 0.0974589 0.0974589 1 1 0
0.00345306 0.0975193 0.0975193 1 1 0
0.0035218 0.0975798 0.0975798 1 1 0
0.00359037 0.0976403 0.0976403 1 1 0
0.00365877 0.0977009 0.0977009 1 1 0
0.003727 0.0977615 0.0977615 1 1 0
0.00379508 0.0978223 0.0978223 1 1 0
0.00386299 0.0978831 0.0978831 1 1 0
0.00393074 0.097944 0.097944 1 1 0
0.00399833 0.098005 0.098005 1 1 0
0.00406576 0.098066 0.098066 1 1 0
0.00413304 0.0981271 0.0981271 1 1 0
0.00420015 0.0981883 0.0981883 1 1 0
0.00426712 0.0982496 0.0982496 1 1 0
0.00433393 0.0983109 0.0983109 1 1 0
0.00440059 0.0983723 0.0983723 1 1 0
0.0044671 0.0984338 0.0984338 1 1 0
0.00453347 0.0984954 0.0984954 1 1 0
0.00459968 0.098557 0.098557 1 1 0
0.00466575 0.0986187 0.0986187 1 1 0
0.00473167 0.0986805 0.0986805 1 1 0
0.00479745 0.0987424 0.0987424 1 1 0
0.00486308 0.0988044 0.0988044 1 1 0
0.00492858 0.0988664 0.0988664 1 1 0
0.00499393 0.0989285 0.0989285 1 1 0
0.00505915 0.0989906 0.0989906 1 1 0
0.00512422 0.0990529 0.0990529 1 1 0
0.00518916 0.0991152 0.0991152 1 1 0
0.00525397 0.0991776 0.0991776 1 1 0
0.00531864 0.0992401 0.0992401 1 1 0
0.00538317 0.0993026 0.0993026 1 1 0
0.00544758 0.0993653 0.0993653 1 1 0
0.00551185 0.099428 0.099428 1 1 0
0.00557599 0.0994908 0.0994908 1 1 0
0.00564001 0.0995536 0.0995536 1 1 0
0.00570389 0.0996166 0.0996166 1 1 0
0.00576765 0.0996796 0.0996796 1 1 0
0.00583128 0.0997427 0.0997427 1 1 0
0.00589479 0.0998059 0.0998059 1 1 0
0.00595817 0.0998691 0.0998691 1 1 0
0.00602143 0.0999324 0.0999324 1 1 0
0.00608457 0.0999958 0.0999958 1 1 0
0.00614758 0.100059 0.100059 1 1 0
0.00621048 0.100123 0.100123 1 1 0
0.00627326 0.100187 0.100187 1 1 0
0.00633592 0.10025 0.10025 1 1 0
0.00639846 0.100314 0.100314 1 1 0
0.00646089 0.100378 0.100378 1 1 0
0.0065232 0.100442 0.100442 1 1 0
0.0065854 0.100506 0.100506 1 1 0
0.00664748 0.10057 0.10057 1 1 0
0.00670945 0.100634 0.100634 1 1 0
0.00677131 0.100698 0.100698 1 1 0
0.00683306 0.100763 0.100763 1 1 0
0.0068947 0.100827 0.100827 1 1 0
0.00695623 0.100892 0.100892 1 1 0
0.00701765 0.100956 0.100956 1 1 0
0.00707896 0.101021 0.101021 1 1 0
0.00714017 0.101086 0.101086 1 1 0
0.00720127 0.101151 0.101151 1 1 0
0.00726227 0.101215 0.101215 1 1 0
0.00732317 0.10128 0.10128 1 1 0
0.00738396 0.101346 0.101346 1 1 0
0.00744465 0.101411 0.101411 1 1 0
0.00750523 0.101476 0.101476 1 1 0
0.00756572 0.101541 0.101541 1 1 0
0.00762611 0.101607 0.101607 1 1 0
0.00768639 0.101672 0.101672 1 1 0
0.00774658 0.101738 0.101738 1 1 0
0.00780667 0.101803 0.101803 1 1 0
0.00786667 0.101869 0.101869 1 1 0
0.00792657 0.101935 0.101935 1 1 0
0.00798637 0.102001 0.102001 1 1 0
0.00804608 0.102067 0.102067 1 1 0
0.0081057 0.102133 0.102133 1 1 0
0.00816522 0.102199 0.102199 1 1 0
0.00822465 0.102265 0.102265 1 1 0
0.00828399 0.102331 0.102331 1 1 0
0.00834324 0.102398 0.102398 1 1 0
0.00840239 0.102464 0.102464 1 1 0
0.00846146 0.10253 0.10253 1 1 0
0.00852044 0.102597 0.102597 1 1 0
0.00857933 0.102664 0.102664 1 1 0
0.00863814 0.102731 0.102731 1 1 0
0.00869685 0.102797 0.102797 1 1 0
0.00875548 0.102864 0.102864 1 1 0
0.00881403 0.102931 0.102931 1 1 0
0.00887249 0.102998 0.102998 1 1 0
0.00893087 0.103066 0.103066 1 1 0
0.00898916 0.103133 0.103133 1 1 0
0.00904737 0.1032 0.1032 1 1 0
0.0091055 0.103268 0.103268 1 1 0
0.00916355 0.103335 0.103335 1 1 0
0.00922152 0.103403 0.103403 1 1 0
0.00927941 0.10347 0.10347 1 1 0
0.00933721 0.103538 0.103538 1 1 0
0.00939494 0.103606 0.103606 1 1 0
0.00945259 0.103674 0.103674 1 1 0
0.00951017 0.103742 0.103742 1 1 0
0.00956766 0.10381 0.10381 1 1 0
0.00962508 0.103878 0.103878 1 1 0
0.00968243 0.103947 0.103947 1 1 0
0.0097397 0.104015 0.104015 1 1 0
0.00979689 0.104083 0.104083 1 1 0
0.00985401 0.104152 0.104152 1 1 0
0.00991106 0.10422 0.10422 1 1 0
0.00996803 0.104289 0.104289 1 1 0
0.0100249 0.104358 0.104358 1 1 0
0.0100818 0.104427 0.104427 1 1 0
0.0101385 0.104496 0.104496 1 1 0
0.0101952 0.104565 0.104565 1 1 0
0.0102518 0.104634 0.104634 1 1 0
0.0103084 0.104703 0.104703 1 1 0
0.0103649 0.104772 0.104772 1 1 0
0.0104213 0.104842 0.104842 1 1 0
0.0104776 0.104911 0.104911 1 1 0
0.0105339 0.104981 0.104981 1 1 0
0.0105901 0.10505 0.10505 1 1 0
0.0106462 0.10512 0.10512 1 1 0
0.0107023 0.10519 0.10519 1 1 0
0.0107583 0.10526 0.10526 1 1 0
0.0108143 0.10533 0.10533 1 1 0
0.0108702 0.1054 0.1054 1 1 0
0.010926 0.10547 0.10547 1 1 0
0.0109818 0.10554 0.10554 1 1 0
0.0110375 0.105611 0.105611 1 1 0
0.0110931 0.105681 0.105681 1 1 0
0.0111487 0.105752 0.105752 1 1 0
0.0112042 0.105822 0.105822 1 1 0
0.0112596 0.105893 0.105893 1 1 0
0.011315 0.105964 0.105964 1 1 0
0.0113704 0.106034 0.106034 1 1 0
0.0114256 0.106105 0.106105 1 1 0
0.0114808 0.106176 0.106176 1 1 0
0.011536 0.106247 0.106247 1 1 0
0.0115911 0.106319 0.106319 1 1 0
0.0116461 0.10639 0.10639 1 1 0
0.0117011 0.106461 0.106461 1 1 0
0.0117561 0.106533 0.106533 1 1 0
0.0118109 0.106604 0.106604 1 1 0
0.0118658 0.106676 0.106676 1 1 0
0.0119205 0.106748 0.106748 1 1 0
0.0119752 0.10682 0.10682 1 1 0
0.0120299 0.106891 0.106891 1 1 0
0.0120845 0.106963 0.106963 1 1 0
0.0121391 0.107036 0.107036 1 1 0
0.0121936 0.107108 0.107108 1 1 0
0.012248 0.10718 0.10718 1 1 0
0.0123024 0.107252 0.107252 1 1 0
0.0123567 0.107325 0.107325 1 1 0
0.012411 0.107397 0.107397 1 1 0
0.0124653 0.10747 0.10747 1 1 0
0.0125195 0.107543 0.107543 1 1 0
0.0125736 0.107616 0.107616 1 1 0
0.0126277 0.107688 0.107688 1 1 0
0.0126818 0.107761 0.107761 1 1 0
0.0127358 0.107835 0.107835 1 1 0
0.0127897 0.107908 0.107908 1 1 0
0.0128437 0.107981 0.107981 1 1 0
0.0128975 0.108054 0.108054 1 1 0
0.0129513 0.108128 0.108128 1 1 0
0.0130051 0.108201 0.108201 1 1 0
0.0130588 0.108275 0.108275 1 1 0
0.0131125 0.108349 0.108349 1 1 0
0.0131661 0.108422 0.108422 1 1 0
0.0132197 0.108496 0.108496 1 1 0
0.0132733 0.10857 0.10857 1 1 0
0.0133268 0.108644 0.108644 1 1 0
0.0133803 0.108719 0.108719 1 1 0
0.0134337 0.108793 0.108793 1 1 0
0.0134871 0.108867 0.108867 1 1 0
0.0135404 0.108942 0.108942 1 1 0
0.0135937 0.109016 0.109016 1 1 0
0.013647 0.109091 0.109091 1 1 0
0.0137002 0.109166 0.109166 1 1 0
0.0137533 0.10924 0.10924 1 1 0
0.0138065 0.109315 0.109315 1 1 0
0.0138596 0.10939 0.10939 1 1 0
0.0139126 0.109466 0.109466 1 1 0
0.0139657 0.109541 0.109541 1 1 0
0.0140186 0.109616 0.109616 1 1 0
0.0140716 0.109691 0.109691 1 1 0
0.0141245 0.109767 0.109767 1 1 0
0.0141774 0.109842 0.109842 1 1 0
0.0142302 0.109918 0.109918 1 1 0
0.014283 0.109994 0.109994 1 1 0
0.0143358 0.11007 0.11007 1 1 0
0.0143885 0.110146 0.110146 1 1 0
0.0144412 0.110222 0.110222 1 1 0
0.0144939 0.110298 0.110298 1 1 0
0.0145465 0.110374 0.110374 1 1 0
0.0145991 0.110451 0.110451 1 1 0
0.0146516 0.110527 0.110527 1 1 0
0.0147042 0.110603 0.110603 1 1 0
0.0147567 0.11068 0.11068 1 1 0
0.0148091 0.110757 0.110757 1 1 0
0.0148615 0.110834 0.110834 1 1 0
0.0149139 0.110911 0.110911 1 1 0
0.0149663 0.110988 0.110988 1 1 0
0.0150187 0.111065 0.111065 1 1 0
0.015071 0.111142 0.111142 1 1 0
0.0151232 0.111219 0.111219 1 1 0
0.0151755 0.111296 0.111296 1 1 0
0.0152277 0.111374 0.111374 1 1 0
0.0152799 0.111452 0.111452 1 1 0
0.0153321 0.111529 0.111529 1 1 0
0.0153842 0.111607 0.111607 1 1 0
0.0154363 0.111685 0.111685 1 1 0
0.0154884 0.111763 0.111763 1 1 0
0.0155404 0.111841 0.111841 1 1 0
0.0155924 0.111919 0.111919 1 1 0
0.0156444 0.111997 0.111997 1 1 0
0.0156964 0.112076 0.112076 1 1 0
0.0157484 0.112154 0.112154 1 1 0
0.0158003 0.112233 0.112233 1 1 0
0.0158522 0.112311 0.112311 1 1 0
0.0159041 0.11239 0.11239 1 1 0
0.0159559 0.112469 0.112469 1 1 0
0.0160077 0.112548 0.112548 1 1 0
0.0160595 0.112627 0.112627 1 1 0
0.0161113 0.112706 0.112706 1 1 0
0.0161631 0.112785 0.112785 1 1 0
0.0162148 0.112865 0.112865 1 1 0
0.0162665 0.112944 0.112944 1 1 0
0.0163182 0.113024 0.113024 1 1 0
0.0163698 0.113103 0.113103 1 1 0
0.0164215 0.113183 0.113183 1 1 0
0.0164731 0.113263 0.113263 1 1 0
0.0165247 0.113343 0.113343 1 1 0
0.0165763 0.113423 0.113423 1 1 0
0.0166279 0.113503 0.113503 1 1 0
0.0166794 0.113583 0.113583 1 1 0
0.0167309 0.113664 0.113664 1 1 0
0.0167824 0.113744 0.113744 1 1 0
0.0168339 0.113825 0.113825 1 1 0
0.0168854 0.113905 0.113905 1 1 0
0.0169368 0.113986 0.113986 1 1 0
0.0169883 0.114067 0.114067 1 1 0
0.0170397 0.114148 0.114148 1 1 0
0.0170911 0.114229 0.114229 1 1 0
0.0171425 0.11431 0.11431 1 1 0
0.0171938 0.114391 0.114391 1 1 0
0.0172452 0.114473 0.114473 1 1 0
0.0172965 0.114554 0.114554 1 1 0
0.0173478 0.114636 0.114636 1 1 0
0.0173991 0.114717 0.114717 1 1 0
0.0174504 0.114799 0.114799 1 1 0
0.0175017 0.114881 0.114881 1 1 0
0.017553 0.114963 0.114963 1 1 0
0.0176042 0.115045 0.115045 1 1 0
0.0176554 0.115127 0.115127 1 1 0
0.0177067 0.115209 0.115209 1 1 0
0.0177579 0.115292 0.115292 1 1 0
0.0178091 0.115374 0.115374 1 1 0
0.0178603 0.115457 0.115457 1 1 0
0.0179114 0.115539 0.115539 1 1 0
0.0179626 0.115622 0.115622 1 1 0
0.0180137 0.115705 0.115705 1 1 0
0.0180649 0.115788 0.115788 1 1 0
0.018116 0.115871 0.115871 1 1 0
0.0181671 0.115954 0.115954 1 1 0
0.0182182 0.116038 0.116038 1 1 0
0.0182693 0.116121 0.116121 1 1 0
0.0183204 0.116205 0.116205 1 1 0
0.0183715 0.116288 0.116288 1 1 0
0.0184226 0.116372 0.116372 1 1 0
0.0184736 0.116456 0.116456 1 1 0
0.0185247 0.11654 0.11654 1 1 0
0.0185757 0.116624 0.116624 1 1 0
0.0186268 0.116708 0.116708 1 1 0
0.0186778 0.116792 0.116792 1 1 0
0.0187288 0.116877 0.116877 1 1 0
0.0187799 0.116961 0.116961 1 1 0
0.0188309 0.117046 0.117046 1 1 0
0.0188819 0.11713 0.11713 1 1 0
0.0189329 0.117215 0.117215 1 1 0
0.0189839 0.1173 0.1173 1 1 0
0.0190349 0.117385 0.117385 1 1 0
0.0190859 0.11747 0.11747 1 1 0
0.0191368 0.117555 0.117555 1 1 0
0.0191878 0.117641 0.117641 1 1 0
0.0192388 0.117726 0.117726 1 1 0
0.0192898 0.117811 0.117811 1 1 0
0.0193407 0.117897 0.117897 1 1 0
0.0193917 0.117983 0.117983 1 1 0
0.0194427 0.118069 0.118069 1 1 0
0.0194936 0.118155 0.118155 1 1 0
0.0195446 0.118241 0.118241 1 1 0
0.0195955 0.118327 0.118327 1 1 0
0.0196465 0.118413 0.118413 1 1 0
0.0196975 0.1185 0.1185 1 1 0
0.0197484 0.118586 0.118586 1 1 0
0.0197994 0.118673 0.118673 1 1 0
0.0198503 0.118759 0.118759 1 1 0
0.0199013 0.118846 0.118846 1 1 0
0.0199522 0.118933 0.118933 1 1 0
0.0200032 0.11902 0.11902 1 1 0
0.0200541 0.119107 0.119107 1 1 0
0.0201051 0.119195 0.119195 1 1 0
0.0201561 0.119282 0.119282 1 1 0
0.020207 0.11937 0.11937 1 1 0
0.020258 0.119457 0.119457 1 1 0
0.020309 0.119545 0.119545 1 1 0
0.0203599 0.119633 0.119633 1 1 0
0.0204109 0.119721 0.119721 1 1 0
0.0204619 0.119809 0.119809 1 1 0
0.0205129 0.119897 0.119897 1 1 0
0.0205638 0.119985 0.119985 1 1 0
0.0206148 0.120073 0.120073 1 1 0
0.0206658 0.120162 0.120162 1 1 0
0.0207168 0.12025 0.12025 1 1 0
0.0207678 0.120339 0.120339 1 1 0
0.0208188 0.120428 0.120428 1 1 0
0.0208698 0.120517 0.120517 1 1 0
0.0209209 0.120606 0.120606 1 1 0
0.0209719 0.120695 0.120695 1 1 0
0.0210229 0.120784 0.120784 1 1 0
0.021074 0.120874 0.120874 1 1 0
0.021125 0.120963 0.120963 1 1 0
0.0211761 0.121053 0.121053 1 1 0
0.0212271 0.121142 0.121142 1 1 0
0.0212782 0.121232 0.121232 1 1 0
0.0213293 0.121322 0.121322 1 1 0
0.0213804 0.121412 0.121412 1 1 0
0.0214315 0.121502 0.121502 1 1 0
0.0214826 0.121593 0.121593 1 1 0
0.0215337 0.121683 0.121683 1 1 0
0.0215848 0.121774 0.121774 1 1 0
0.0216359 0.121864 0.121864 1 1 0
0.0216871 0.121955 0.121955 1 1 0
0.0217382 0.122046 0.122046 1 1 0
0.0217894 0.122137 0.122137 1 1 0
0.0218406 0.122228 0.122228 1 1 0
0.0218918 0.122319 0.122319 1 1 0
0.021943 0.12241 0.12241 1 1 0
0.0219942 0.122502 0.122502 1 1 0
0.0220454 0.122593 0.122593 1 1 0
0.0220967 0.122685 0.122685 1 1 0
0.0221479 0.122777 0.122777 1 1 0
0.0221992 0.122868 0.122868 1 1 0
0.0222505 0.12296 0.12296 1 1 0
0.0223018 0.123053 0.123053 1 1 0
0.0223531 0.123145 0.123145 1 1 0
0.0224044 0.123237 0.123237 1 1 0
0.0224557 0.12333 0.12333 1 1 0
0.0225071 0.123422 0.123422 1 1 0
0.0225585 0.123515 0.123515 1 1 0
0.0226099 0.123608 0.123608 1 1 0
0.0226613 0.123701 0.123701 1 1 0
0.0227127 0.123794 0.123794 1 1 0
0.0227641 0.123887 0.123887 1 1 0
0.0228156 0.12398 0.12398 1 1 0
0.022867 0.124073 0.124073 1 1 0
0.0229185 0.124167 0.124167 1 1 0
0.02297 0.124261 0.124261 1 1 0
0.0230216 0.124354 0.124354 1 1 0
0.0230731 0.124448 0.124448 1 1 0
0.0231247 0.124542 0.124542 1 1 0
0.0231762 0.124636 0.124636 1 1 0
0.0232278 0.124731 0.124731 1 1 0
0.0232794 0.124825 0.124825 1 1 0
0.0233311 0.124919 0.124919 1 1 0
0.0233827 0.125014 0.125014 1 1 0
0.0234344 0.125109 0.125109 1 1 0
0.0234861 0.125203 0.125203 1 1 0
0.0235378 0.125298 0.125298 1 1 0
0.0235896 0.125393 0.125393 1 1 0
0.0236413 0.125489 0.125489 1 1 0
0.0236931 0.125584 0.125584 1 1 0
0.0237449 0.125679 0.125679 1 1 0
0.0237968 0.125775 0.125775 1 1 0
0.0238486 0.12587 0.12587 1 1 0
0.0239005 0.125966 0.125966 1 1 0
0.0239524 0.126062 0.126062 1 1 0
0.0240043 0.126158 0.126158 1 1 0
0.0240563 0.126254 0.126254 1 1 0
0.0241082 0.126351 0.126351 1 1 0
0.0241602 0.126447 0.126447 1 1 0
0.0242123 0.126543 0.126543 1 1 0
0.0242643 0.12664 0.12664 1 1 0
0.0243164 0.126737 0.126737 1 1 0
0.0243685 0.126834 0.126834 1 1 0
0.0244206 0.126931 0.126931 1 1 0
0.0244727 0.127028 0.127028 1 1 0
0.0245249 0.127125 0.127125 1 1 0
0.0245771 0.127222 0.127222 1 1 0
0.0246294 0.12732 0.12732 1 1 0
0.0246816 0.127417 0.127417 1 1 0
0.0247339 0.127515 0.127515 1 1 0
0.0247862 0.127613 0.127613 1 1 0
0.0248386 0.127711 0.127711 1 1 0
0.0248909 0.127809 0.127809 1 1 0
0.0249433 0.127907 0.127907 1 1 0
0.0249958 0.128006 0.128006 1 1 0
0.0250482 0.128104 0.128104 1 1 0
0.0251007 0.128203 0.128203 1 1 0
0.0251532 0.128301 0.128301 1 1 0
0.0252058 0.1284 0.1284 1 1 0
0.0252584 0.128499 0.128499 1 1 0
0.025311 0.128598 0.128598 1 1 0
0.0253636 0.128697 0.128697 1 1 0
0.0254163 0.128797 0.128797 1 1 0
0.025469 0.128896 0.128896 1 1 0
0.0255217 0.128996 0.128996 1 1 0
0.0255745 0.129096 0.129096 1 1 0
0.0256273 0.129195 0.129195 1 1 0
0.0256802 0.129295 0.129295 1 1 0
0.025733 0.129395 0.129395 1 1 0
0.0257859 0.129496 0.129496 1 1 0
0.0258389 0.129596 0.129596 1 1 0
0.0258919 0.129697 0.129697 1 1 0
0.0259449 0.129797 0.129797 1 1 0
0.0259979 0.129898 0.129898 1 1 0
0.026051 0.129999 0.129999 1 1 0
0.0261041 0.1301 0.1301 1 1 0
0.0261573 0.130201 0.130201 1 1 0
0.0262104 0.130302 0.130302 1 1 0
0.0262637 0.130403 0.130403 1 1 0
0.0263169 0.130505 0.130505 1 1 0
0.0263702 0.130606 0.130606 1 1 0
0.0264236 0.130708 0.130708 1 1 0
0.026477 0.13081 0.13081 1 1 0
0.0265304 0.130912 0.130912 1 1 0
0.0265838 0.131014 0.131014 1 1 0
0.0266373 0.131117 0.131117 1 1 0
0.0266908 0.131219 0.131219 1 1 0
0.0267444 0.131321 0.131321 1 1 0
0.026798 0.131424 0.131424 1 1 0
0.0268517 0.131527 0.131527 1 1 0
0.0269054 0.13163 0.13163 1 1 0
0.0269591 0.131733 0.131733 1 1 0
0.0270129 0.131836 0.131836 1 1 0
0.0270667 0.131939 0.131939 1 1 0
0.0271205 0.132043 0.132043 1 1 0
0.0271744 0.132146 0.132146 1 1 0
0.0272284 0.13225 0.13225 1 1 0
0.0272823 0.132354 0.132354 1 1 0
0.0273364 0.132458 0.132458 1 1 0
0.0273904 0.132562 0.132562 1 1 0
0.0274445 0.132666 0.132666 1 1 0
0.0274987 0.13277 0.13277 1 1 0
0.0275529 0.132875 0.132875 1 1 0
0.0276071 0.132979 0.132979 1 1 0
0.0276614 0.133084 0.133084 1 1 0
0.0277158 0.133189 0.133189 1 1 0
0.0277701 0.133294 0.133294 1 1 0
0.0278246 0.133399 0.133399 1 1 0
0.027879 0.133505 0.133505 1 1 0
0.0279335 0.13361 0.13361 1 1 0
0.0279881 0.133715 0.133715 1 1 0
0.0280427 0.133821 0.133821 1 1 0
0.0280974 0.133927 0.133927 1 1 0
0.0281521 0.134033 0.134033 1 1 0
0.0282068 0.134139 0.134139 1 1 0
0.0282616 0.134245 0.134245 1 1 0
0.0283165 0.134352 0.134352 1 1 0
0.0283714 0.134458 0.134458 1 1 0
0.0284263 0.134565 0.134565 1 1 0
0.0284813 0.134671 0.134671 1 1 0
0.0285364 0.134778 0.134778 1 1 0
0.0285915 0.134885 0.134885 1 1 0
0.0286466 0.134992 0.134992 1 1 0
0.0287018 0.1351 0.1351 1 1 0
0.0287571 0.135207 0.135207 1 1 0
0.0288124 0.135315 0.135315 1 1 0
0.0288677 0.135422 0.135422 1 1 0
0.0289231 0.13553 0.13553 1 1 0
0.0289786 0.135638 0.135638 1 1 0
0.0290341 0.135746 0.135746 1 1 0
0.0290897 0.135855 0.135855 1 1 0
0.0291453 0.135963 0.135963 1 1 0
0.029201 0.136071 0.136071 1 1 0
0.0292567 0.13618 0.13618 1 1 0
0.0293125 0.136289 0.136289 1 1 0
0.0293683 0.136398 0.136398 1 1 0
0.0294242 0.136507 0.136507 1 1 0
0.0294801 0.136616 0.136616 1 1 0
0.0295361 0.136725 0.136725 1 1 0
0.0295922 0.136835 0.136835 1 1 0
0.0296483 0.136944 0.136944 1 1 0
0.0297045 0.137054 0.137054 1 1 0
0.0297607 0.137164 0.137164 1 1 0
0.029817 0.137274 0.137274 1 1 0
0.0298734 0.137384 0.137384 1 1 0
0.0299298 0.137495 0.137495 1 1 0
0.0299862 0.137605 0.137605 1 1 0
0.0300427 0.137716 0.137716 1 1 0
0.0300993 0.137826 0.137826 1 1 0
0.030156 0.137937 0.137937 1 1 0
0.0302127 0.138048 0.138048 1 1 0
0.0302694 0.138159 0.138159 1 1 0
0.0303262 0.138271 0.138271 1 1 0
0.0303831 0.138382 0.138382 1 1 0
0.0304401 0.138494 0.138494 1 1 0
0.0304971 0.138605 0.138605 1 1 0
0.0305541 0.138717 0.138717 1 1 0
0.0306113 0.138829 0.138829 1 1 0
0.0306685 0.138941 0.138941 1 1 0
0.0307257 0.139054 0.139054 1 1 0
0.030783 0.139166 0.139166 1 1 0
0.0308404 0.139279 0.139279 1 1 0
0.0308979 0.139391 0.139391 1 1 0
0.0309554 0.139504 0.139504 1 1 0
0.0310129 0.139617 0.139617 1 1 0
0.0310706 0.13973 0.13973 1 1 0
0.0311283 0.139844 0.139844 1 1 0
0.0311861 0.139957 0.139957 1 1 0
0.0312439 0.140071 0.140071 1 1 0
0.0313018 0.140184 0.140184 1 1 0
0.0313598 0.140298 0.140298 1 1 0
0.0314178 0.140412 0.140412 1 1 0
0.0314759 0.140526 0.140526 1 1 0
0.0315341 0.140641 0.140641 1 1 0
0.0315923 0.140755 0.140755 1 1 0
0.0316507 0.14087 0.14087 1 1 0
0.031709 0.140984 0.140984 1 1 0
0.0317675 0.141099 0.141099 1 1 0
0.031826 0.141214 0.141214 1 1 0
0.0318846 0.141329 0.141329 1 1 0
0.0319433 0.141445 0.141445 1 1 0
0.032002 0.14156 0.14156 1 1 0
0.0320608 0.141676 0.141676 1 1 0
0.0321197 0.141791 0.141791 1 1 0
0.0321786 0.141907 0.141907 1 1 0
0.0322376 0.142023 0.142023 1 1 0
0.0322967 0.142139 0.142139 1 1 0
0.0323559 0.142256 0.142256 1 1 0
0.0324151 0.142372 0.142372 1 1 0
0.0324745 0.142489 0.142489 1 1 0
0.0325338 0.142606 0.142606 1 1 0
0.0325933 0.142722 0.142722 1 1 0
0.0326528 0.14284 0.14284 1 1 0
0.0327125 0.142957 0.142957 1 1 0
0.0327721 0.143074 0.143074 1 1 0
0.0328319 0.143192 0.143192 1 1 0
0.0328917 0.143309 0.143309 1 1 0
0.0329517 0.143427 0.143427 1 1 0
0.0330117 0.143545 0.143545 1 1 0
0.0330717 0.143663 0.143663 1 1 0
0.0331319 0.143781 0.143781 1 1 0
0.0331921 0.1439 0.1439 1 1 0
0.0332524 0.144018 0.144018 1 1 0
0.0333128 0.144137 0.144137 1 1 0
0.0333733 0.144256 0.144256 1 1 0
0.0334338 0.144375 0.144375 1 1 0
0.0334945 0.144494 0.144494 1 1 0
0.0335552 0.144613 0.144613 1 1 0
0.033616 0.144733 0.144733 1 1 0
0.0336768 0.144852 0.144852 1 1 0
0.0337378 0.144972 0.144972 1 1 0
0.0337988 0.145092 0.145092 1 1 0
0.0338599 0.145212 0.145212 1 1 0
0.0339211 0.145332 0.145332 1 1 0
0.0339824 0.145453 0.145453 1 1 0
0.0340438 0.145573 0.145573 1 1 0
0.0341053 0.145694 0.145694 1 1 0
0.0341668 0.145814 0.145814 1 1 0
0.0342284 0.145935 0.145935 1 1 0
0.0342901 0.146057 0.146057 1 1 0
0.0343519 0.146178 0.146178 1 1 0
0.0344138 0.146299 0.146299 1 1 0
0.0344758 0.146421 0.146421 1 1 0
0.0345378 0.146543 0.146543 1 1 0
0.0346 0.146664 0.146664 1 1 0
0.0346622 0.146786 0.146786 1 1 0
0.0347245 0.146909 0.146909 1 1 0
0.0347869 0.147031 0.147031 1 1 0
0.0348494 0.147153 0.147153 1 1 0
0.034912 0.147276 0.147276 1 1 0
0.0349747 0.147399 0.147399 1 1 0
0.0350375 0.147522 0.147522 1 1 0
0.0351003 0.147645 0.147645 1 1 0
0.0351633 0.147768 0.147768 1 1 0
0.0352263 0.147892 0.147892 1 1 0
0.0352895 0.148015 0.148015 1 1 0
0.0353527 0.148139 0.148139 1 1 0
0.035416 0.148263 0.148263 1 1 0
0.0354794 0.148387 0.148387 1 1 0
0.0355429 0.148511 0.148511 1 1 0
0.0356065 0.148636 0.148636 1 1 0
0.0356702 0.14876 0.14876 1 1 0
0.035734 0.148885 0.148885 1 1 0
0.0357979 0.14901 0.14901 1 1 0
0.0358619 0.149135 0.149135 1 1 0
0.035926 0.14926 0.14926 1 1 0
0.0359901 0.149385 0.149385 1 1 0
0.0360544 0.149511 0.149511 1 1 0
0.0361188 0.149636 0.149636 1 1 0
0.0361832 0.149762 0.149762 1 1 0
0.0362478 0.149888 0.149888 1 1 0
0.0363125 0.150014 0.150014 1 1 0
0.0363772 0.15014 0.15014 1 1 0
0.0364421 0.150267 0.150267 1 1 0
0.0365071 0.150393 0.150393 1 1 0
0.0365721 0.15052 0.15052 1 1 0
0.0366373 0.150647 0.150647 1 1 0
0.0367026 0.150774 0.150774 1 1 0
0.0367679 0.150901 0.150901 1 1 0
0.0368334 0.151029 0.151029 1 1 0
0.036899 0.151156 0.151156 1 1 0
0.0369647 0.151284 0.151284 1 1 0
0.0370304 0.151412 0.151412 1 1 0
0.0370963 0.15154 0.15154 1 1 0
0.0371623 0.151668 0.151668 1 1 0
0.0372284 0.151796 0.151796 1 1 0
0.0372946 0.151925 0.151925 1 1 0
0.0373609 0.152053 0.152053 1 1 0
0.0374273 0.152182 0.152182 1 1 0
0.0374939 0.152311 0.152311 1 1 0
0.0375605 0.15244 0.15244 1 1 0
0.0376272 0.15257 0.15257 1 1 0
0.0376941 0.152699 0.152699 1 1 0
0.037761 0.152829 0.152829 1 1 0
0.0378281 0.152959 0.152959 1 1 0
0.0378953 0.153089 0.153089 1 1 0
0.0379626 0.153219 0.153219 1 1 0
0.0380299 0.153349 0.153349 1 1 0
0.0380975 0.15348 0.15348 1 1 0
0.0381651 0.15361 0.15361 1 1 0
0.0382328 0.153741 0.153741 1 1 0
0.0383006 0.153872 0.153872 1 1 0
0.0383686 0.154003 0.154003 1 1 0
0.0384367 0.154134 0.154134 1 1 0
0.0385049 0.154266 0.154266 1 1 0
0.0385731 0.154397 0.154397 1 1 0
0.0386416 0.154529 0.154529 1 1 0
0.0387101 0.154661 0.154661 1 1 0
0.0387787 0.154793 0.154793 1 1 0
0.0388475 0.154926 0.154926 1 1 0
0.0389164 0.155058 0.155058 1 1 0
0.0389854 0.155191 0.155191 1 1 0
0.0390545 0.155323 0.155323 1 1 0
0.0391237 0.155456 0.155456 1 1 0
0.0391931 0.155589 0.155589 1 1 0
0.0392625 0.155723 0.155723 1 1 0
0.0393321 0.155856 0.155856 1 1 0
0.0394018 0.15599 0.15599 1 1 0
0.0394717 0.156124 0.156124 1 1 0
0.0395416 0.156258 0.156258 1 1 0
0.0396117 0.156392 0.156392 1 1 0
0.0396819 0.156526 0.156526 1 1 0
0.0397522 0.15666 0.15666 1 1 0
0.0398226 0.156795 0.156795 1 1 0
0.0398932 0.15693 0.15693 1 1 0
0.0399639 0.157065 0.157065 1 1 0
0.0400347 0.1572 0.1572 1 1 0
0.0401056 0.157335 0.157335 1 1 0
0.0401767 0.157471 0.157471 1 1 0
0.0402479 0.157606 0.157606 1 1 0
0.0403192 0.157742 0.157742 1 1 0
0.0403907 0.157878 0.157878 1 1 0
0.0404623 0.158014 0.158014 1 1 0
0.040534 0.158151 0.158151 1 1 0
0.0406058 0.158287 0.158287 1 1 0
0.0406778 0.158424 0.158424 1 1 0
0.0407498 0.158561 0.158561 1 1 0
0.0408221 0.158698 0.158698 1 1 0
0.0408944 0.158835 0.158835 1 1 0
0.0409669 0.158972 0.158972 1 1 0
0.0410395 0.15911 0.15911 1 1 0
0.0411123 0.159248 0.159248 1 1 0
0.0411852 0.159386 0.159386 1 1 0
0.0412582 0.159524 0.159524 1 1 0
0.0413313 0.159662 0.159662 1 1 0
0.0414046 0.1598 0.1598 1 1 0
0.041478 0.159939 0.159939 1 1 0
0.0415516 0.160078 0.160078 1 1 0
0.0416253 0.160217 0.160217 1 1 0
0.0416991 0.160356 0.160356 1 1 0
0.0417731 0.160495 0.160495 1 1 0
0.0418472 0.160634 0.160634 1 1 0
0.0419215 0.160774 0.160774 1 1 0
0.0419958 0.160914 0.160914 1 1 0
0.0420704 0.161054 0.161054 1 1 0
0.042145 0.161194 0.161194 1 1 0
0.0422198 0.161334 0.161334 1 1 0
0.0422948 0.161475 0.161475 1 1 0
0.0423699 0.161615 0.161615 1 1 0
0.0424451 0.161756 0.161756 1 1 0
0.0425205 0.161897 0.161897 1 1 0
0.042596 0.162039 0.162039 1 1 0
0.0426717 0.16218 0.16218 1 1 0
0.0427475 0.162322 0.162322 1 1 0
0.0428235 0.162463 0.162463 1 1 0
0.0428996 0.162605 0.162605 1 1 0
0.0429758 0.162747 0.162747 1 1 0
0.0430522 0.16289 0.16289 1 1 0
0.0431287 0.163032 0.163032 1 1 0
0.0432054 0.163175 0.163175 1 1 0
0.0432823 0.163318 0.163318 1 1 0
0.0433593 0.163461 0.163461 1 1 0
0.0434364 0.163604 0.163604 1 1 0
0.0435137 0.163747 0.163747 1 1 0
0.0435911 0.163891 0.163891 1 1 0
0.0436687 0.164034 0.164034 1 1 0
0.0437465 0.164178 0.164178 1 1 0
0.0438244 0.164322 0.164322 1 1 0
0.0439024 0.164467 0.164467 1 1 0
0.0439807 0.164611 0.164611 1 1 0
0.044059 0.164756 0.164756 1 1 0
0.0441375 0.1649 0.1649 1 1 0
0.0442162 0.165045 0.165045 1 1 0
0.0442951 0.165191 0.165191 1 1 0
0.044374 0.165336 0.165336 1 1 0
0.0444532 0.165481 0.165481 1 1 0
0.0445325 0.165627 0.165627 1 1 0
0.044612 0.165773 0.165773 1 1 0
0.0446916 0.165919 0.165919 1 1 0
0.0447714 0.166065 0.166065 1 1 0
0.0448513 0.166212 0.166212 1 1 0
0.0449314 0.166358 0.166358 1 1 0
0.0450117 0.166505 0.166505 1 1 0
0.0450921 0.166652 0.166652 1 1 0
0.0451727 0.166799 0.166799 1 1 0
0.0452535 0.166947 0.166947 1 1 0
0.0453344 0.167094 0.167094 1 1 0
0.0454155 0.167242 0.167242 1 1 0
0.0454968 0.16739 0.16739 1 1 0
0.0455782 0.167538 0.167538 1 1 0
0.0456598 0.167686 0.167686 1 1 0
0.0457416 0.167835 0.167835 1 1 0
0.0458235 0.167983 0.167983 1 1 0
0.0459056 0.168132 0.168132 1 1 0
0.0459879 0.168281 0.168281 1 1 0
0.0460703 0.16843 0.16843 1 1 0
0.0461529 0.16858 0.16858 1 1 0
0.0462357 0.168729 0.168729 1 1 0
0.0463187 0.168879 0.168879 1 1 0
0.0464018 0.169029 0.169029 1 1 0
0.0464851 0.169179 0.169179 1 1 0
0.0465686 0.16933 0.16933 1 1 0
0.0466523 0.16948 0.16948 1 1 0
0.0467361 0.169631 0.169631 1 1 0
0.0468201 0.169782 0.169782 1 1 0
0.0469043 0.169933 0.169933 1 1 0
0.0469887 0.170084 0.170084 1 1 0
0.0470732 0.170236 0.170236 1 1 0
0.0471579 0.170387 0.170387 1 1 0
0.0472428 0.170539 0.170539 1 1 0
0.0473279 0.170691 0.170691 1 1 0
0.0474132 0.170843 0.170843 1 1 0
0.0474986 0.170996 0.170996 1 1 0
0.0475843 0.171148 0.171148 1 1 0
0.0476701 0.171301 0.171301 1 1 0
0.0477561 0.171454 0.171454 1 1 0
0.0478423 0.171607 0.171607 1 1 0
0.0479287 0.171761 0.171761 1 1 0
0.0480152 0.171914 0.171914 1 1 0
0.048102 0.172068 0.172068 1 1 0
0.0481889 0.172222 0.172222 1 1 0
0.048276 0.172376 0.172376 1 1 0
0.0483633 0.17253 0.17253 1 1 0
0.0484508 0.172685 0.172685 1 1 0
0.0485385 0.172839 0.172839 1 1 0
0.0486264 0.172994 0.172994 1 1 0
0.0487145 0.173149 0.173149 1 1 0
0.0488028 0.173305 0.173305 1 1 0
0.0488912 0.17346 0.17346 1 1 0
0.0489799 0.173616 0.173616 1 1 0
0.0490688 0.173772 0.173772 1 1 0
0.0491578 0.173928 0.173928 1 1 0
0.0492471 0.174084 0.174084 1 1 0
0.0493365 0.17424 0.17424 1 1 0
0.0494261 0.174397 0.174397 1 1 0
0.049516 0.174554 0.174554 1 1 0
0.049606 0.174711 0.174711 1 1 0
0.0496963 0.174868 0.174868 1 1 0
0.0497867 0.175026 0.175026 1 1 0
0.0498774 0.175183 0.175183 1 1 0
0.0499682 0.175341 0.175341 1 1 0
0.0500593 0.175499 0.175499 1 1 0
0.0501505 0.175657 0.175657 1 1 0
0.050242 0.175816 0.175816 1 1 0
0.0503337 0.175974 0.175974 1 1 0
0.0504256 0.176133 0.176133 1 1 0
0.0505177 0.176292 0.176292 1 1 0
0.0506099 0.176451 0.176451 1 1 0
0.0507025 0.17661 0.17661 1 1 0
0.0507952 0.17677 0.17677 1 1 0
0.0508881 0.17693 0.17693 1 1 0
0.0509812 0.17709 0.17709 1 1 0
0.0510746 0.17725 0.17725 1 1 0
0.0511681 0.17741 0.17741 1 1 0
0.0512619 0.177571 0.177571 1 1 0
0.0513559 0.177732 0.177732 1 1 0
0.0514501 0.177893 0.177893 1 1 0
0.0515445 0.178054 0.178054 1 1 0
0.0516392 0.178215 0.178215 1 1 0
0.051734 0.178377 0.178377 1 1 0
0.0518291 0.178539 0.178539 1 1 0
0.0519244 0.178701 0.178701 1 1 0
0.0520199 0.178863 0.178863 1 1 0
0.0521157 0.179025 0.179025 1 1 0
0.0522116 0.179188 0.179188 1 1 0
0.0523078 0.17935 0.17935 1 1 0
0.0524042 0.179513 0.179513 1 1 0
0.0525009 0.179677 0.179677 1 1 0
0.0525977 0.17984 0.17984 1 1 0
0.0526948 0.180004 0.180004 1 1 0
0.0527922 0.180167 0.180167 1 1 0
0.0528897 0.180331 0.180331 1 1 0
0.0529875 0.180495 0.180495 1 1 0
0.0530855 0.18066 0.18066 1 1 0
0.0531837 0.180824 0.180824 1 1 0
0.0532822 0.180989 0.180989 1 1 0
0.0533809 0.181154 0.181154 1 1 0
0.0534798 0.181319 0.181319 1 1 0
0.053579 0.181485 0.181485 1 1 0
0.0536784 0.18165 0.18165 1 1 0
0.053778 0.181816 0.181816 1 1 0
0.0538779 0.181982 0.181982 1 1 0
0.053978 0.182149 0.182149 1 1 0
0.0540784 0.182315 0.182315 1 1 0
0.054179 0.182482 0.182482 1 1 0
0.0542798 0.182648 0.182648 1 1 0
0.0543809 0.182816 0.182816 1 1 0
0.0544822 0.182983 0.182983 1 1 0
0.0545838 0.18315 0.18315 1 1 0
0.0546856 0.183318 0.183318 1 1 0
0.0547876 0.183486 0.183486 1 1 0
0.0548899 0.183654 0.183654 1 1 0
0.0549925 0.183822 0.183822 1 1 0
0.0550953 0.183991 0.183991 1 1 0
0.0551983 0.184159 0.184159 1 1 0
0.0553016 0.184328 0.184328 1 1 0
0.0554052 0.184497 0.184497 1 1 0
0.055509 0.184667 0.184667 1 1 0
0.055613 0.184836 0.184836 1 1 0
0.0557173 0.185006 0.185006 1 1 0
0.0558219 0.185176 0.185176 1 1 0
0.0559267 0.185346 0.185346 1 1 0
0.0560318 0.185516 0.185516 1 1 0
0.0561371 0.185687 0.185687 1 1 0
0.0562427 0.185858 0.185858 1 1 0
0.0563486 0.186029 0.186029 1 1 0
0.0564547 0.1862 0.1862 1 1 0
0.0565611 0.186371 0.186371 1 1 0
0.0566677 0.186543 0.186543 1 1 0
0.0567746 0.186715 0.186715 1 1 0
0.0568818 0.186887 0.186887 1 1 0
0.0569892 0.187059 0.187059 1 1 0
0.0570969 0.187232 0.187232 1 1 0
0.0572049 0.187404 0.187404 1 1 0
0.0573131 0.187577 0.187577 1 1 0
0.0574216 0.18775 0.18775 1 1 0
0.0575304 0.187924 0.187924 1 1 0
0.0576394 0.188097 0.188097 1 1 0
0.0577488 0.188271 0.188271 1 1 0
0.0578584 0.188445 0.188445 1 1 0
0.0579682 0.188619 0.188619 1 1 0
0.0580784 0.188794 0.188794 1 1 0
0.0581888 0.188968 0.188968 1 1 0
0.0582995 0.189143 0.189143 1 1 0
0.0584105 0.189318 0.189318 1 1 0
0.0585217 0.189493 0.189493 1 1 0
0.0586333 0.189669 0.189669 1 1 0
0.0587451 0.189844 0.189844 1 1 0
0.0588572 0.19002 0.19002 1 1 0
0.0589696 0.190196 0.190196 1 1 0
0.0590823 0.190373 0.190373 1 1 0
0.0591953 0.190549 0.190549 1 1 0
0.0593085 0.190726 0.190726 1 1 0
0.0594221 0.190903 0.190903 1 1 0
0.0595359 0.19108 0.19108 1 1 0
0.05965 0.191258 0.191258 1 1 0
0.0597645 0.191435 0.191435 1 1 0
0.0598792 0.191613 0.191613 1 1 0
0.0599942 0.191791 0.191791 1 1 0
0.0601095 0.191969 0.191969 1 1 0
0.0602251 0.192148 0.192148 1 1 0
0.060341 0.192327 0.192327 1 1 0
0.0604572 0.192506 0.192506 1 1 0
0.0605737 0.192685 0.192685 1 1 0
0.0606905 0.192864 0.192864 1 1 0
0.0608076 0.193044 0.193044 1 1 0
0.060925 0.193223 0.193223 1 1 0
0.0610427 0.193403 0.193403 1 1 0
0.0611607 0.193584 0.193584 1 1 0
0.061279 0.193764 0.193764 1 1 0
0.0613977 0.193945 0.193945 1 1 0
0.0615166 0.194126 0.194126 1 1 0
0.0616359 0.194307 0.194307 1 1 0
0.0617554 0.194488 0.194488 1 1 0
0.0618753 0.19467 0.19467 1 1 0
0.0619955 0.194851 0.194851 1 1 0
0.062116 0.195033 0.195033 1 1 0
0.0622368 0.195216 0.195216 1 1 0
0.062358 0.195398 0.195398 1 1 0
0.0624794 0.195581 0.195581 1 1 0
0.0626012 0.195764 0.195764 1 1 0
0.0627233 0.195947 0.195947 1 1 0
0.0628458 0.19613 0.19613 1 1 0
0.0629685 0.196314 0.196314 1 1 0
0.0630916 0.196497 0.196497 1 1 0
0.063215 0.196681 0.196681 1 1 0
0.0633387 0.196866 0.196866 1 1 0
0.0634628 0.19705 0.19705 1 1 0
0.0635872 0.197235 0.197235 1 1 0
0.0637119 0.19742 0.19742 1 1 0
0.063837 0.197605 0.197605 1 1 0
0.0639623 0.19779 0.19779 1 1 0
0.0640881 0.197976 0.197976 1 1 0
0.0642141 0.198162 0.198162 1 1 0
0.0643405 0.198348 0.198348 1 1 0
0.0644673 0.198534 0.198534 1 1 0
0.0645944 0.19872 0.19872 1 1 0
0.0647218 0.198907 0.198907 1 1 0
0.0648495 0.199094 0.199094 1 1 0
0.0649776 0.199281 0.199281 1 1 0
0.0651061 0.199468 0.199468 1 1 0
0.0652349 0.199656 0.199656 1 1 0
0.0653641 0.199844 0.199844 1 1 0
0.0654936 0.200032 0.200032 1 1 0
0.0656234 0.20022 0.20022 1 1 0
0.0657536 0.200409 0.200409 1 1 0
0.0658842 0.200597 0.200597 1 1 0
0.0660151 0.200786 0.200786 1 1 0
0.0661464 0.200976 0.200976 1 1 0
0.0662489 0.201123 0.201123 2 1 0
0.0663808 0.201313 0.201313 2 1 0
0.066513 0.201502 0.201502 2 1 0
0.0666457 0.201692 0.201692 2 1 0
0.0667787 0.201883 0.201883 2 1 0
0.066912 0.202073 0.202073 2 1 0
0.0670458 0.202264 0.202264 2 1 0
0.0671798 0.202455 0.202455 2 1 0
0.0673143 0.202646 0.202646 2 1 0
0.0674491 0.202838 0.202838 2 1 0
0.0675843 0.203029 0.203029 2 1 0
0.0677199 0.203221 0.203221 2 1 0
0.0678559 0.203413 0.203413 2 1 0
0.0679922 0.203606 0.203606 2 1 0
0.0681289 0.203798 0.203798 2 1 0
0.068266 0.203991 0.203991 2 1 0
0.0684035 0.204184 0.204184 2 1 0
0.0685413 0.204377 0.204377 2 1 0
0.0686795 0.204571 0.204571 2 1 0
0.0688182 0.204765 0.204765 2 1 0
0.0689572 0.204959 0.204959 2 1 0
0.0690965 0.205153 0.205153 2 1 0
0.0692363 0.205347 0.205347 2 1 0
0.0693765 0.205542 0.205542 2 1 0
0.0695171 0.205737 0.205737 2 1 0
0.069658 0.205932 0.205932 2 1 0
0.0697994 0.206127 0.206127 2 1 0
0.0699411 0.206323 0.206323 2 1 0
0.0700833 0.206519 0.206519 2 1 0
0.0702258 0.206715 0.206715 2 1 0
0.0703688 0.206911 0.206911 2 1 0
0.0705121 0.207108 0.207108 2 1 0
0.0706559 0.207305 0.207305 2 1 0
0.0708 0.207502 0.207502 2 1 0
0.0709446 0.207699 0.207699 2 1 0
0.0710896 0.207896 0.207896 2 1 0
0.071235 0.208094 0.208094 2 1 0
0.0713808 0.208292 0.208292 2 1 0
0.071527 0.20849 0.20849 2 1 0
0.0716736 0.208689 0.208689 2 1 0
0.0718207 0.208887 0.208887 2 1 0
0.0719682 0.209086 0.209086 2 1 0
0.0721161 0.209285 0.209285 2 1 0
0.0722644 0.209485 0.209485 2 1 0
0.0724131 0.209684 0.209684 2 1 0
0.0725623 0.209884 0.209884 2 1 0
0.0727119 0.210084 0.210084 2 1 0
0.0728619 0.210285 0.210285 2 1 0
0.0730123 0.210485 0.210485 2 1 0
0.0731632 0.210686 0.210686 2 1 0
0.0733145 0.210887 0.210887 2 1 0
0.0734663 0.211088 0.211088 2 1 0
0.0736185 0.21129 0.21129 2 1 0
0.0737711 0.211492 0.211492 2 1 0
0.0739242 0.211694 0.211694 2 1 0
0.0740777 0.211896 0.211896 2 1 0
0.0742316 0.212098 0.212098 2 1 0
0.074386 0.212301 0.212301 2 1 0
0.0745409 0.212504 0.212504 2 1 0
0.0746962 0.212707 0.212707 2 1 0
0.0748519 0.212911 0.212911 2 1 0
0.0750081 0.213114 0.213114 2 1 0
0.0751648 0.213318 0.213318 2 1 0
0.0753219 0.213522 0.213522 2 1 0
0.0754795 0.213727 0.213727 2 1 0
0.0756375 0.213932 0.213932 2 1 0
0.075796 0.214136 0.214136 2 1 0
0.075955 0.214342 0.214342 2 1 0
0.0761144 0.214547 0.214547 2 1 0
0.0762743 0.214753 0.214753 2 1 0
0.0764346 0.214958 0.214958 2 1 0
0.0765955 0.215165 0.215165 2 1 0
0.0767568 0.215371 0.215371 2 1 0
0.0769185 0.215577 0.215577 2 1 0
0.0770808 0.215784 0.215784 2 1 0
0.0772435 0.215991 0.215991 2 1 0
0.0774067 0.216199 0.216199 2 1 0
0.0775704 0.216406 0.216406 2 1 0
0.0777346 0.216614 0.216614 2 1 0
0.0778993 0.216822 0.216822 2 1 0
0.0780644 0.21703 0.21703 2 1 0
0.0782301 0.217239 0.217239 2 1 0
0.0783962 0.217448 0.217448 2 1 0
0.0785628 0.217657 0.217657 2 1 0
0.0787299 0.217866 0.217866 2 1 0
0.0788976 0.218076 0.218076 2 1 0
0.0790657 0.218285 0.218285 2 1 0
0.0792343 0.218495 0.218495 2 1 0
0.0794034 0.218706 0.218706 2 1 0
0.079573 0.218916 0.218916 2 1 0
0.0797432 0.219127 0.219127 2 1 0
0.0799138 0.219338 0.219338 2 1 0
0.080085 0.219549 0.219549 2 1 0
0.0802566 0.219761 0.219761 2 1 0
0.0804288 0.219973 0.219973 2 1 0
0.0806015 0.220185 0.220185 2 1 0
0.0807747 0.220397 0.220397 2 1 0
0.0809485 0.220609 0.220609 2 1 0
0.0811227 0.220822 0.220822 2 1 0
0.0812975 0.221035 0.221035 2 1 0
0.0814729 0.221248 0.221248 2 1 0
0.0816487 0.221462 0.221462 2 1 0
0.0818251 0.221676 0.221676 2 1 0
0.082002 0.22189 0.22189 2 1 0
0.0821794 0.222104 0.222104 2 1 0
0.0823574 0.222318 0.222318 2 1 0
0.0825359 0.222533 0.222533 2 1 0
0.082715 0.222748 0.222748 2 1 0
0.0828946 0.222963 0.222963 2 1 0
0.0830748 0.223179 0.223179 2 1 0
0.0832555 0.223394 0.223394 2 1 0
0.0834368 0.22361 0.22361 2 1 0
0.0836186 0.223827 0.223827 2 1 0
0.0838009 0.224043 0.224043 2 1 0
0.0839838 0.22426 0.22426 2 1 0
0.0841673 0.224477 0.224477 2 1 0
0.0843514 0.224694 0.224694 2 1 0
0.084536 0.224912 0.224912 2 1 0
0.0847212 0.225129 0.225129 2 1 0
0.0849069 0.225347 0.225347 2 1 0
0.0850932 0.225566 0.225566 2 1 0
0.0852801 0.225784 0.225784 2 1 0
0.0854676 0.226003 0.226003 2 1 0
0.0856556 0.226222 0.226222 2 1 0
0.0858442 0.226441 0.226441 2 1 0
0.0860334 0.226661 0.226661 2 1 0
0.0862232 0.226881 0.226881 2 1 0
0.0864136 0.227101 0.227101 2 1 0
0.0866045 0.227321 0.227321 2 1 0
0.0867961 0.227541 0.227541 2 1 0
0.0869882 0.227762 0.227762 2 1 0
0.087181 0.227983 0.227983 2 1 0
0.0873743 0.228205 0.228205 2 1 0
0.0875682 0.228426 0.228426 2 1 0
0.0877628 0.228648 0.228648 2 1 0
0.0879579 0.22887 0.22887 2 1 0
0.0881537 0.229092 0.229092 2 1 0
0.0883501 0.229315 0.229315 2 1 0
0.088547 0.229538 0.229538 2 1 0
0.0887446 0.229761 0.229761 2 1 0
0.0889428 0.229984 0.229984 2 1 0
0.0891417 0.230208 0.230208 2 1 0
0.0893411 0.230432 0.230432 2 1 0
0.0895412 0.230656 0.230656 2 1 0
0.0897419 0.23088 0.23088 2 1 0
0.0899432 0.231105 0.231105 2 1 0
0.0901452 0.23133 0.23133 2 1 0
0.0903478 0.231555 0.231555 2 1 0
0.090551 0.23178 0.23178 2 1 0
0.0907549 0.232006 0.232006 2 1 0
0.0909594 0.232232 0.232232 2 1 0
0.0911646 0.232458 0.232458 2 1 0
0.0913704 0.232685 0.232685 2 1 0
0.0915769 0.232911 0.232911 2 1 0
0.091784 0.233138 0.233138 2 1 0
0.0919918 0.233365 0.233365 2 1 0
0.0922002 0.233593 0.233593 2 1 0
0.0924093 0.233821 0.233821 2 1 0
0.0926191 0.234049 0.234049 2 1 0
0.0928295 0.234277 0.234277 2 1 0
0.0930406 0.234505 0.234505 2 1 0
0.0932523 0.234734 0.234734 2 1 0
0.0934648 0.234963 0.234963 2 1 0
0.0936779 0.235192 0.235192 2 1 0
0.0938917 0.235422 0.235422 2 1 0
0.0941061 0.235652 0.235652 2 1 0
0.0943213 0.235882 0.235882 2 1 0
0.0945371 0.236112 0.236112 2 1 0
0.0947537 0.236343 0.236343 2 1 0
0.0949709 0.236574 0.236574 2 1 0
0.0951888 0.236805 0.236805 2 1 0
0.0954074 0.237036 0.237036 2 1 0
0.0956267 0.237268 0.237268 2 1 0
0.0958468 0.2375 0.2375 2 1 0
0.0960675 0.237732 0.237732 2 1 0
0.0962889 0.237964 0.237964 2 1 0
0.0965111 0.238197 0.238197 2 1 0
0.0967339 0.23843 0.23843 2 1 0
0.0969575 0.238663 0.238663 2 1 0
0.0971818 0.238897 0.238897 2 1 0
0.0974069 0.239131 0.239131 2 1 0
0.0976326 0.239365 0.239365 2 1 0
0.0978591 0.239599 0.239599 2 1 0
0.0980863 0.239833 0.239833 2 1 0
0.0983143 0.240068 0.240068 2 1 0
0.098543 0.240303 0.240303 2 1 0
0.0987724 0.240539 0.240539 2 1 0
0.0990026 0.240774 0.240774 2 1 0
0.0992335 0.24101 0.24101 2 1 0
0.0994652 0.241246 0.241246 2 1 0
0.0996976 0.241483 0.241483 2 1 0
0.0999308 0.241719 0.241719 2 1 0
0.100165 0.241956 0.241956 2 1 0
0.100399 0.242193 0.242193 2 1 0
0.100635 0.242431 0.242431 2 1 0
0.100871 0.242668 0.242668 2 1 0
0.101108 0.242906 0.242906 2 1 0
0.101346 0.243145 0.243145 2 1 0
0.101584 0.243383 0.243383 2 1 0
0.101824 0.243622 0.243622 2 1 0
0.102064 0.243861 0.243861 2 1 0
0.102305 0.2441 0.2441 2 1 0
0.102547 0.24434 0.24434 2 1 0
0.102789 0.24458 0.24458 2 1 0
0.103032 0.24482 0.24482 2 1 0
0.103276 0.24506 0.24506 2 1 0
0.103521 0.245301 0.245301 2 1 0
0.103767 0.245542 0.245542 2 1 0
0.104014 0.245783 0.245783 2 1 0
0.104261 0.246024 0.246024 2 1 0
0.104509 0.246266 0.246266 2 1 0
0.104758 0.246508 0.246508 2 1 0
0.105008 0.24675 0.24675 2 1 0
0.105258 0.246993 0.246993 2 1 0
0.10551 0.247236 0.247236 2 1 0
0.105762 0.247479 0.247479 2 1 0
0.106015 0.247722 0.247722 2 1 0
0.106269 0.247966 0.247966 2 1 0
0.106524 0.248209 0.248209 2 1 0
0.106779 0.248454 0.248454 2 1 0
0.107036 0.248698 0.248698 2 1 0
0.107293 0.248943 0.248943 2 1 0
0.107551 0.249188 0.249188 2 1 0
0.10781 0.249433 0.249433 2 1 0
0.10807 0.249678 0.249678 2 1 0
0.108331 0.249924 0.249924 2 1 0
0.108593 0.25017 0.25017 2 1 0
0.108855 0.250416 0.250416 2 1 0
0.109119 0.250663 0.250663 2 1 0
0.109383 0.25091 0.25091 2 1 0
0.109648 0.251157 0.251157 2 1 0
0.109914 0.251404 0.251404 2 1 0
0.110181 0.251652 0.251652 2 1 0
0.110449 0.2519 0.2519 2 1 0
0.110718 0.252148 0.252148 2 1 0
0.110987 0.252396 0.252396 2 1 0
0.110987 0.252396 0.252396 2 1 0
0.111258 0.252645 0.252645 2 1 0
0.111529 0.252894 0.252894 2 1 0
0.111802 0.253143 0.253143 2 1 0
0.112075 0.253393 0.253393 2 1 0
0.112349 0.253643 0.253643 2 1 0
0.112624 0.253893 0.253893 2 1 0
0.1129 0.254143 0.254143 2 1 0
0.113177 0.254394 0.254394 2 1 0
0.113455 0.254645 0.254645 2 1 0
0.113734 0.254896 0.254896 2 1 0
0.114014 0.255147 0.255147 2 1 0
0.114294 0.255399 0.255399 2 1 0
0.114576 0.255651 0.255651 2 1 0
0.114859 0.255903 0.255903 2 1 0
0.115142 0.256156 0.256156 2 1 0
0.115427 0.256409 0.256409 2 1 0
0.115712 0.256662 0.256662 2 1 0
0.115999 0.256915 0.256915 2 1 0
0.116286 0.257169 0.257169 2 1 0
0.116575 0.257422 0.257422 2 1 0
0.116864 0.257677 0.257677 2 1 0
0.117154 0.257931 0.257931 2 1 0
0.117446 0.258186 0.258186 2 1 0
0.117738 0.258441 0.258441 2 1 0
0.118031 0.258696 0.258696 2 1 0
0.118326 0.258952 0.258952 2 1 0
0.118621 0.259207 0.259207 2 1 0
0.118918 0.259464 0.259464 2 1 0
0.119215 0.25972 0.25972 2 1 0
0.119513 0.259977 0.259977 2 1 0
0.119813 0.260233 0.260233 2 1 0
0.120113 0.260491 0.260491 2 1 0
0.120415 0.260748 0.260748 2 1 0
0.120717 0.261006 0.261006 2 1 0
0.121021 0.261264 0.261264 2 1 0
0.121325 0.261522 0.261522 2 1 0
0.121631 0.261781 0.261781 2 1 0
0.121938 0.26204 0.26204 2 1 0
0.122245 0.262299 0.262299 2 1 0
0.122554 0.262558 0.262558 2 1 0
0.122864 0.262818 0.262818 2 1 0
0.123175 0.263078 0.263078 2 1 0
0.123487 0.263338 0.263338 2 1 0
0.1238 0.263598 0.263598 2 1 0
0.124114 0.263859 0.263859 2 1 0
0.124429 0.26412 0.26412 2 1 0
0.124745 0.264382 0.264382 2 1 0
0.125063 0.264643 0.264643 2 1 0
0.125381 0.264905 0.264905 2 1 0
0.125701 0.265167 0.265167 2 1 0
0.126022 0.26543 0.26543 2 1 0
0.126343 0.265692 0.265692 2 1 0
0.126666 0.265955 0.265955 2 1 0
0.12699 0.266219 0.266219 2 1 0
0.127315 0.266482 0.266482 2 1 0
0.127642 0.266746 0.266746 2 1 0
0.127969 0.26701 0.26701 2 1 0
0.128298 0.267274 0.267274 2 1 0
0.128627 0.267539 0.267539 2 1 0
0.128958 0.267804 0.267804 2 1 0
0.12929 0.268069 0.268069 2 1 0
0.129623 0.268335 0.268335 2 1 0
0.129958 0.2686 0.2686 2 1 0
0.130293 0.268866 0.268866 2 1 0
0.13063 0.269133 0.269133 2 1 0
0.130967 0.269399 0.269399 2 1 0
0.131306 0.269666 0.269666 2 1 0
0.131647 0.269933 0.269933 2 1 0
0.131988 0.270201 0.270201 2 1 0
0.13233 0.270468 0.270468 2 1 0
0.132674 0.270736 0.270736 2 1 0
0.133019 0.271005 0.271005 2 1 0
0.133365 0.271273 0.271273 2 1 0
0.133713 0.271542 0.271542 2 1 0
0.134061 0.271811 0.271811 2 1 0
0.134411 0.27208 0.27208 2 1 0
0.134762 0.27235 0.27235 2 1 0
0.135114 0.27262 0.27262 2 1 0
0.135468 0.27289 0.27289 2 1 0
0.135822 0.273161 0.273161 2 1 0
0.136178 0.273431 0.273431 2 1 0
0.136535 0.273702 0.273702 2 1 0
0.136894 0.273974 0.273974 2 1 0
0.137254 0.274245 0.274245 2 1 0
0.137614 0.274517 0.274517 2 1 0
0.137977 0.274789 0.274789 2 1 0
0.13834 0.275062 0.275062 2 1 0
0.138705 0.275334 0.275334 2 1 0
0.139071 0.275607 0.275607 2 1 0
0.139438 0.275881 0.275881 2 1 0
0.139807 0.276154 0.276154 2 1 0
0.140177 0.276428 0.276428 2 1 0
0.140548 0.276702 0.276702 2 1 0
0.140921 0.276976 0.276976 2 1 0
0.141295 0.277251 0.277251 2 1 0
0.14167 0.277526 0.277526 2 1 0
0.142046 0.277801 0.277801 2 1 0
0.142424 0.278077 0.278077 2 1 0
0.142804 0.278353 0.278353 2 1 0
0.143184 0.278629 0.278629 2 1 0
0.143566 0.278905 0.278905 2 1 0
0.143949 0.279182 0.279182 2 1 0
0.144334 0.279458 0.279458 2 1 0
0.14472 0.279736 0.279736 2 1 0
0.145107 0.280013 0.280013 2 1 0
0.145496 0.280291 0.280291 2 1 0
0.145886 0.280569 0.280569 2 1 0
0.146277 0.280847 0.280847 2 1 0
0.14667 0.281126 0.281126 2 1 0
0.147064 0.281405 0.281405 2 1 0
0.14746 0.281684 0.281684 2 1 0
0.147857 0.281963 0.281963 2 1 0
0.148255 0.282243 0.282243 2 1 0
0.148655 0.282523 0.282523 2 1 0
0.149057 0.282803 0.282803 2 1 0
0.149459 0.283084 0.283084 2 1 0
0.149863 0.283364 0.283364 2 1 0
0.150269 0.283645 0.283645 2 1 0
0.150676 0.283927 0.283927 2 1 0
0.151084 0.284208 0.284208 2 1 0
0.151494 0.28449 0.28449 2 1 0
0.151906 0.284773 0.284773 2 1 0
0.152319 0.285055 0.285055 2 1 0
0.152733 0.285338 0.285338 2 1 0
0.153149 0.285621 0.285621 2 1 0
0.153566 0.285904 0.285904 2 1 0
0.153985 0.286188 0.286188 2 1 0
0.154405 0.286472 0.286472 2 1 0
0.154827 0.286756 0.286756 2 1 0
0.15525 0.28704 0.28704 2 1 0
0.155675 0.287325 0.287325 2 1 0
0.156101 0.28761 0.28761 2 1 0
0.156529 0.287895 0.287895 2 1 0
0.156959 0.288181 0.288181 2 1 0
0.157389 0.288467 0.288467 2 1 0
0.157822 0.288753 0.288753 2 1 0
0.158256 0.289039 0.289039 2 1 0
0.158692 0.289326 0.289326 2 1 0
0.159129 0.289613 0.289613 2 1 0
0.159567 0.2899 0.2899 2 1 0
0.160008 0.290188 0.290188 2 1 0
0.160449 0.290475 0.290475 2 1 0
0.160893 0.290763 0.290763 2 1 0
0.161338 0.291052 0.291052 2 1 0
0.161784 0.29134 0.29134 2 1 0
0.162233 0.291629 0.291629 2 1 0
0.162683 0.291919 0.291919 2 1 0
0.163134 0.292208 0.292208 2 1 0
0.163587 0.292498 0.292498 2 1 0
0.164042 0.292788 0.292788 2 1 0
0.164498 0.293078 0.293078 2 1 0
0.164956 0.293369 0.293369 2 1 0
0.165416 0.29366 0.29366 2 1 0
0.165877 0.293951 0.293951 2 1 0
0.16634 0.294242 0.294242 2 1 0
0.166805 0.294534 0.294534 2 1 0
0.167271 0.294826 0.294826 2 1 0
0.167739 0.295118 0.295118 2 1 0
0.168208 0.295411 0.295411 2 1 0
0.16868 0.295703 0.295703 2 1 0
0.169153 0.295997 0.295997 2 1 0
0.169627 0.29629 0.29629 2 1 0
0.170104 0.296584 0.296584 2 1 0
0.170582 0.296878 0.296878 2 1 0
0.171062 0.297172 0.297172 2 1 0
0.171544 0.297466 0.297466 2 1 0
0.172027 0.297761 0.297761 2 1 0
0.172512 0.298056 0.298056 2 1 0
0.172999 0.298351 0.298351 2 1 0
0.173488 0.298647 0.298647 2 1 0
0.173978 0.298943 0.298943 2 1 0
0.17447 0.299239 0.299239 2 1 0
0.174964 0.299535 0.299535 2 1 0
0.17546 0.299832 0.299832 2 1 0
0.175957 0.300129 0.300129 2 1 0
0.176457 0.300426 0.300426 2 1 0
0.176958 0.300724 0.300724 2 1 0
0.177461 0.301022 0.301022 2 1 0
0.177965 0.30132 0.30132 2 1 0
0.178472 0.301618 0.301618 2 1 0
0.17898 0.301917 0.301917 2 1 0
0.179491 0.302216 0.302216 2 1 0
0.180003 0.302515 0.302515 2 1 0
0.180517 0.302815 0.302815 2 1 0
0.181032 0.303114 0.303114 2 1 0
0.18155 0.303414 0.303414 2 1 0
0.18207 0.303715 0.303715 2 1 0
0.182591 0.304015 0.304015 2 1 0
0.183114 0.304316 0.304316 2 1 0
0.18364 0.304617 0.304617 2 1 0
0.184167 0.304919 0.304919 2 1 0
0.184696 0.30522 0.30522 2 1 0
0.185227 0.305522 0.305522 2 1 0
0.18576 0.305825 0.305825 2 1 0
0.186294 0.306127 0.306127 2 1 0
0.186831 0.30643 0.30643 2 1 0
0.18737 0.306733 0.306733 2 1 0
0.187911 0.307036 0.307036 2 1 0
0.188453 0.30734 0.30734 2 1 0
0.188998 0.307644 0.307644 2 1 0
0.189544 0.307948 0.307948 2 1 0
0.190093 0.308253 0.308253 2 1 0
0.190643 0.308557 0.308557 2 1 0
0.191196 0.308862 0.308862 2 1 0
0.19175 0.309168 0.309168 2 1 0
0.192307 0.309473 0.309473 2 1 0
0.192866 0.309779 0.309779 2 1 0
0.193426 0.310085 0.310085 2 1 0
0.193989 0.310392 0.310392 2 1 0
0.194553 0.310698 0.310698 2 1 0
0.19512 0.311005 0.311005 2 1 0
0.195689 0.311312 0.311312 2 1 0
0.19626 0.31162 0.31162 2 1 0
0.196833 0.311928 0.311928 2 1 0
0.197408 0.312236 0.312236 2 1 0
0.197985 0.312544 0.312544 2 1 0
0.198564 0.312852 0.312852 2 1 0
0.199145 0.313161 0.313161 2 1 0
0.199729 0.31347 0.31347 2 1 0
0.200314 0.31378 0.31378 2 1 0
0.200902 0.314089 0.314089 2 1 0
0.201492 0.314399 0.314399 2 1 0
0.202083 0.31471 0.31471 2 1 0
0.202678 0.31502 0.31502 2 1 0
0.203274 0.315331 0.315331 2 1 0
0.203872 0.315642 0.315642 2 1 0
0.204473 0.315953 0.315953 2 1 0
0.205076 0.316265 0.316265 2 1 0
0.20568 0.316576 0.316576 2 1 0
0.206288 0.316889 0.316889 2 1 0
0.206897 0.317201 0.317201 2 1 0
0.207509 0.317514 0.317514 2 1 0
0.208122 0.317827 0.317827 2 1 0
0.208738 0.31814 0.31814 2 1 0
0.209357 0.318453 0.318453 2 1 0
0.209977 0.318767 0.318767 2 1 0
0.2106 0.319081 0.319081 2 1 0
0.211196 0.319381 0.319381 2 1 0
0.211823 0.319695 0.319695 1 1 0
0.212453 0.32001 0.32001 1 1 0
0.213084 0.320325 0.320325 1 1 0
0.213718 0.32064 0.32064 1 1 0
0.214355 0.320956 0.320956 1 1 0
0.214993 0.321272 0.321272 1 1 0
0.215634 0.321588 0.321588 1 1 0
0.216278 0.321904 0.321904 1 1 0
0.216923 0.322221 0.322221 1 1 0
0.217571 0.322538 0.322538 1 1 0
0.218222 0.322855 0.322855 1 1 0
0.218874 0.323173 0.323173 1 1 0
0.219529 0.32349 0.32349 1 1 0
0.220187 0.323808 0.323808 1 1 0
0.220847 0.324127 0.324127 1 1 0
0.221509 0.324445 0.324445 1 1 0
0.222173 0.324764 0.324764 1 1 0
0.222841 0.325083 0.325083 1 1 0
0.22351 0.325402 0.325402 1 1 0
0.224182 0.325722 0.325722 1 1 0
0.224856 0.326042 0.326042 1 1 0
0.225533 0.326362 0.326362 1 1 0
0.226212 0.326682 0.326682 1 1 0
0.226894 0.327003 0.327003 1 1 0
0.227578 0.327324 0.327324 1 1 0
0.228265 0.327645 0.327645 1 1 0
0.228954 0.327966 0.327966 1 1 0
0.229645 0.328288 0.328288 1 1 0
0.23034 0.32861 0.32861 1 1 0
0.231036 0.328932 0.328932 1 1 0
0.231735 0.329255 0.329255 1 1 0
0.232437 0.329578 0.329578 1 1 0
0.233141 0.329901 0.329901 1 1 0
0.233848 0.330224 0.330224 1 1 0
0.234558 0.330547 0.330547 1 1 0
0.23527 0.330871 0.330871 1 1 0
0.235984 0.331195 0.331195 1 1 0
0.236701 0.33152 0.33152 1 1 0
0.237421 0.331844 0.331844 1 1 0
0.238143 0.332169 0.332169 1 1 0
0.238868 0.332494 0.332494 1 1 0
0.239596 0.33282 0.33282 1 1 0
0.240326 0.333145 0.333145 1 1 0
0.241058 0.333471 0.333471 1 1 0
0.241794 0.333797 0.333797 1 1 0
0.242532 0.334124 0.334124 1 1 0
0.243273 0.33445 0.33445 1 1 0
0.244016 0.334777 0.334777 1 1 0
0.244762 0.335104 0.335104 1 1 0
0.245511 0.335432 0.335432 1 1 0
0.246263 0.335759 0.335759 1 1 0
0.247017 0.336087 0.336087 1 1 0
0.247774 0.336416 0.336416 1 1 0
0.248534 0.336744 0.336744 1 1 0
0.249296 0.337073 0.337073 1 1 0
0.250061 0.337402 0.337402 1 1 0
0.250829 0.337731 0.337731 1 1 0
0.2516 0.33806 0.33806 1 1 0
0.252373 0.33839 0.33839 1 1 0
0.25315 0.33872 0.33872 1 1 0
0.253929 0.33905 0.33905 1 1 0
0.254711 0.339381 0.339381 1 1 0
0.255495 0.339711 0.339711 1 1 0
0.256283 0.340042 0.340042 1 1 0
0.257073 0.340374 0.340374 1 1 0
0.257866 0.340705 0.340705 1 1 0
0.258662 0.341037 0.341037 1 1 0
0.259461 0.341369 0.341369 1 1 0
0.260263 0.341701 0.341701 1 1 0
0.261068 0.342034 0.342034 1 1 0
0.261875 0.342366 0.342366 1 1 0
0.262685 0.342699 0.342699 1 1 0
0.263499 0.343033 0.343033 1 1 0
0.264315 0.343366 0.343366 1 1 0
0.265134 0.3437 0.3437 1 1 0
0.265956 0.344034 0.344034 1 1 0
0.266781 0.344368 0.344368 1 1 0
0.267609 0.344703 0.344703 1 1 0
0.26844 0.345037 0.345037 1 1 0
0.269274 0.345372 0.345372 1 1 0
0.270111 0.345708 0.345708 1 1 0
0.270951 0.346043 0.346043 1 1 0
0.271794 0.346379 0.346379 1 1 0
0.27264 0.346715 0.346715 1 1 0
0.273489 0.347051 0.347051 1 1 0
0.274341 0.347387 0.347387 1 1 0
0.275196 0.347724 0.347724 1 1 0
0.276054 0.348061 0.348061 1 1 0
0.276915 0.348398 0.348398 1 1 0
0.27778 0.348736 0.348736 1 1 0
0.278647 0.349073 0.349073 1 1 0
0.279517 0.349411 0.349411 1 1 0
0.280391 0.349749 0.349749 1 1 0
0.281267 0.350088 0.350088 1 1 0
0.282147 0.350426 0.350426 1 1 0
0.28303 0.350765 0.350765 1 1 0
0.283916 0.351104 0.351104 1 1 0
0.284805 0.351444 0.351444 1 1 0
0.285698 0.351783 0.351783 1 1 0
0.286593 0.352123 0.352123 1 1 0
0.287492 0.352463 0.352463 1 1 0
0.288394 0.352804 0.352804 1 1 0
0.289299 0.353144 0.353144 1 1 0
0.290207 0.353485 0.353485 1 1 0
0.291118 0.353826 0.353826 1 1 0
0.292033 0.354167 0.354167 1 1 0
0.292951 0.354509 0.354509 1 1 0
0.293872 0.35485 0.35485 1 1 0
0.294797 0.355192 0.355192 1 1 0
0.295724 0.355535 0.355535 1 1 0
0.296655 0.355877 0.355877 1 1 0
0.29759 0.35622 0.35622 1 1 0
0.298527 0.356563 0.356563 1 1 0
0.299468 0.356906 0.356906 1 1 0
0.300412 0.357249 0.357249 1 1 0
0.30136 0.357593 0.357593 1 1 0
0.302311 0.357936 0.357936 1 1 0
0.303265 0.35828 0.35828 1 1 0
0.304222 0.358625 0.358625 1 1 0
0.305183 0.358969 0.358969 1 1 0
0.306148 0.359314 0.359314 1 1 0
0.307115 0.359659 0.359659 1 1 0
0.308087 0.360004 0.360004 1 1 0
0.309061 0.36035 0.36035 1 1 0
0.310039 0.360695 0.360695 1 1 0
0.31102 0.361041 0.361041 1 1 0
0.312005 0.361387 0.361387 1 1 0
0.312994 0.361733 0.361733 1 1 0
0.313985 0.36208 0.36208 1 1 0
0.31498 0.362427 0.362427 1 1 0
0.315979 0.362774 0.362774 1 1 0
0.316981 0.363121 0.363121 1 1 0
0.317987 0.363468 0.363468 1 1 0
0.318996 0.363816 0.363816 1 1 0
0.320009 0.364164 0.364164 1 1 0
0.321025 0.364512 0.364512 1 1 0
0.322045 0.36486 0.36486 1 1 0
0.323068 0.365209 0.365209 1 1 0
0.324095 0.365558 0.365558 1 1 0
0.325125 0.365907 0.365907 1 1 0
0.326159 0.366256 0.366256 1 1 0
0.327197 0.366605 0.366605 1 1 0
0.328238 0.366955 0.366955 1 1 0
0.329283 0.367305 0.367305 1 1 0
0.330331 0.367655 0.367655 1 1 0
0.331384 0.368005 0.368005 1 1 0
0.332439 0.368356 0.368356 1 1 0
0.333499 0.368706 0.368706 1 1 0
0.334562 0.369057 0.369057 1 1 0
0.335628 0.369409 0.369409 1 1 0
0.336699 0.36976 0.36976 1 1 0
0.337773 0.370111 0.370111 1 1 0
0.338851 0.370463 0.370463 1 1 0
0.339932 0.370815 0.370815 1 1 0
0.341017 0.371167 0.371167 1 1 0
0.342106 0.37152 0.37152 1 1 0
0.343199 0.371872 0.371872 1 1 0
0.344295 0.372225 0.372225 1 1 0
0.345396 0.372578 0.372578 1 1 0
0.3465 0.372932 0.372932 1 1 0
0.347607 0.373285 0.373285 1 1 0
0.348719 0.373639 0.373639 1 1 0
0.349834 0.373993 0.373993 1 1 0
0.350954 0.374347 0.374347 1 1 0
0.352077 0.374701 0.374701 1 1 0
0.353203 0.375055 0.375055 1 1 0
0.354334 0.37541 0.37541 1 1 0
0.355469 0.375765 0.375765 1 1 0
0.356607 0.37612 0.37612 1 1 0
0.357749 0.376475 0.376475 1 1 0
0.358896 0.376831 0.376831 1 1 0
0.360046 0.377186 0.377186 1 1 0
0.3612 0.377542 0.377542 1 1 0
0.362358 0.377898 0.377898 1 1 0
0.363519 0.378255 0.378255 1 1 0
0.364685 0.378611 0.378611 1 1 0
0.365855 0.378968 0.378968 1 1 0
0.367029 0.379325 0.379325 1 1 0
0.368206 0.379682 0.379682 1 1 0
0.369388 0.380039 0.380039 1 1 0
0.370573 0.380397 0.380397 1 1 0
0.371763 0.380754 0.380754 1 1 0
0.372957 0.381112 0.381112 1 1 0
0.374154 0.38147 0.38147 1 1 0
0.375356 0.381828 0.381828 1 1 0
0.376562 0.382187 0.382187 1 1 0
0.377771 0.382545 0.382545 1 1 0
0.378985 0.382904 0.382904 1 1 0
0.380203 0.383263 0.383263 1 1 0
0.381425 0.383622 0.383622 1 1 0
0.382651 0.383982 0.383982 1 1 0
0.383881 0.384341 0.384341 1 1 0
0.385115 0.384701 0.384701 1 1 0
0.386354 0.385061 0.385061 1 1 0
0.387596 0.385421 0.385421 1 1 0
0.388843 0.385781 0.385781 1 1 0
0.390094 0.386142 0.386142 1 1 0
0.391349 0.386502 0.386502 1 1 0
0.392608 0.386863 0.386863 1 1 0
0.393871 0.387224 0.387224 1 1 0
0.395139 0.387585 0.387585 1 1 0
0.39641 0.387947 0.387947 1 1 0
0.397686 0.388308 0.388308 1 1 0
0.398966 0.38867 0.38867 1 1 0
0.400251 0.389032 0.389032 1 1 0
0.401539 0.389394 0.389394 1 1 0
0.402832 0.389756 0.389756 1 1 0
0.404129 0.390119 0.390119 1 1 0
0.40543 0.390481 0.390481 1 1 0
0.406736 0.390844 0.390844 1 1 0
0.408046 0.391207 0.391207 1 1 0
0.40936 0.39157 0.39157 1 1 0
0.410679 0.391933 0.391933 1 1 0
0.412001 0.392297 0.392297 1 1 0
0.413329 0.39266 0.39266 1 1 0
0.41466 0.393024 0.393024 1 1 0
0.415996 0.393388 0.393388 1 1 0
0.417336 0.393752 0.393752 1 1 0
0.418681 0.394117 0.394117 1 1 0
0.42003 0.394481 0.394481 1 1 0
0.421383 0.394846 0.394846 1 1 0
0.422741 0.395211 0.395211 1 1 0
0.424103 0.395576 0.395576 1 1 0
0.425469 0.395941 0.395941 1 1 0
0.42684 0.396306 0.396306 1 1 0
0.428216 0.396671 0.396671 1 1 0
0.429595 0.397037 0.397037 1 1 0
0.43098 0.397403 0.397403 1 1 0
0.432368 0.397769 0.397769 1 1 0
0.433762 0.398135 0.398135 1 1 0
0.435159 0.398501 0.398501 1 1 0
0.436561 0.398867 0.398867 1 1 0
0.437968 0.399234 0.399234 1 1 0
0.439379 0.399601 0.399601 1 1 0
0.440795 0.399968 0.399968 1 1 0
0.442215 0.400335 0.400335 1 1 0
0.44364 0.400702 0.400702 1 1 0
0.445069 0.401069 0.401069 1 1 0
0.446503 0.401436 0.401436 1 1 0
0.447941 0.401804 0.401804 1 1 0
0.449384 0.402172 0.402172 1 1 0
0.450832 0.40254 0.40254 1 1 0
0.452284 0.402908 0.402908 1 1 0
0.453741 0.403276 0.403276 1 1 0
0.455202 0.403644 0.403644 1 1 0
0.456668 0.404013 0.404013 1 1 0
0.458139 0.404381 0.404381 1 1 0
0.459614 0.40475 0.40475 1 1 0
0.461094 0.405119 0.405119 1 1 0
0.462578 0.405488 0.405488 1 1 0
0.464068 0.405857 0.405857 1 1 0
0.465562 0.406227 0.406227 1 1 0
0.46706 0.406596 0.406596 1 1 0
0.468563 0.406966 0.406966 1 1 0
0.470071 0.407336 0.407336 1 1 0
0.471584 0.407705 0.407705 1 1 0
0.473101 0.408075 0.408075 1 1 0
0.474623 0.408446 0.408446 1 1 0
0.47615 0.408816 0.408816 1 1 0
0.477682 0.409186 0.409186 1 1 0
0.479218 0.409557 0.409557 1 1 0
0.480759 0.409927 0.409927 1 1 0
0.482305 0.410298 0.410298 1 1 0
0.483856 0.410669 0.410669 1 1 0
0.485411 0.41104 0.41104 1 1 0
0.486971 0.411411 0.411411 1 1 0
0.488536 0.411783 0.411783 1 1 0
0.490106 0.412154 0.412154 1 1 0
0.491681 0.412526 0.412526 1 1 0
0.49326 0.412897 0.412897 1 1 0
0.494844 0.413269 0.413269 1 1 0
0.496433 0.413641 0.413641 1 1 0
0.498027 0.414013 0.414013 1 1 0
0.499626 0.414385 0.414385 1 1 0
0.50123 0.414758 0.414758 1 1 0
0.502839 0.41513 0.41513 1 1 0
0.504452 0.415503 0.415503 1 1 0
0.50607 0.415875 0.415875 1 1 0
0.507694 0.416248 0.416248 1 1 0
0.509322 0.416621 0.416621 1 1 0
0.510955 0.416994 0.416994 1 1 0
0.512593 0.417367 0.417367 1 1 0
0.514236 0.41774 0.41774 1 1 0
0.515884 0.418113 0.418113 1 1 0
0.517536 0.418487 0.418487 1 1 0
0.519194 0.41886 0.41886 1 1 0
0.520857 0.419234 0.419234 1 1 0
0.522525 0.419608 0.419608 1 1 0
0.524197 0.419981 0.419981 1 1 0
0.525875 0.420355 0.420355 1 1 0
0.527558 0.420729 0.420729 1 1 0
0.529245 0.421103 0.421103 1 1 0
0.530938 0.421478 0.421478 1 1 0
0.532635 0.421852 0.421852 1 1 0
0.534338 0.422226 0.422226 1 1 0
0.536046 0.422601 0.422601 1 1 0
0.537759 0.422976 0.422976 1 1 0
0.539476 0.42335 0.42335 1 1 0
0.541199 0.423725 0.423725 1 1 0
0.542927 0.4241 0.4241 1 1 0
0.54466 0.424475 0.424475 1 1 0
0.546398 0.42485 0.42485 1 1 0
0.548141 0.425225 0.425225 1 1 0
0.549889 0.425601 0.425601 1 1 0
0.551643 0.425976 0.425976 1 1 0
0.553401 0.426351 0.426351 1 1 0
0.555165 0.426727 0.426727 1 1 0
0.556933 0.427103 0.427103 1 1 0
0.558707 0.427478 0.427478 1 1 0
0.560486 0.427854 0.427854 1 1 0
0.56227 0.42823 0.42823 1 1 0
0.564059 0.428606 0.428606 1 1 0
0.565853 0.428982 0.428982 1 1 0
0.567653 0.429358 0.429358 1 1 0
0.569457 0.429734 0.429734 1 1 0
0.571267 0.430111 0.430111 1 1 0
0.573082 0.430487 0.430487 1 1 0
0.574902 0.430863 0.430863 1 1 0
0.576727 0.43124 0.43124 1 1 0
0.578558 0.431616 0.431616 1 1 0
0.580393 0.431993 0.431993 1 1 0
0.582234 0.43237 0.43237 1 1 0
0.58408 0.432746 0.432746 1 1 0
0.585932 0.433123 0.433123 1 1 0
0.587788 0.4335 0.4335 1 1 0
0.58965 0.433877 0.433877 1 1 0
0.591517 0.434254 0.434254 1 1 0
0.593389 0.434631 0.434631 1 1 0
0.595267 0.435008 0.435008 1 1 0
0.597149 0.435386 0.435386 1 1 0
0.599037 0.435763 0.435763 1 1 0
0.60093 0.43614 0.43614 1 1 0
0.602829 0.436518 0.436518 1 1 0
0.604733 0.436895 0.436895 1 1 0
0.606642 0.437273 0.437273 1 1 0
0.608556 0.43765 0.43765 1 1 0
0.610476 0.438028 0.438028 1 1 0
0.6124 0.438406 0.438406 1 1 0
0.614331 0.438783 0.438783 1 1 0
0.616266 0.439161 0.439161 1 1 0
0.618207 0.439539 0.439539 1 1 0
0.620153 0.439917 0.439917 1 1 0
0.622104 0.440295 0.440295 1 1 0
0.624061 0.440673 0.440673 1 1 0
0.626023 0.441051 0.441051 1 1 0
0.627991 0.441429 0.441429 1 1 0
0.629963 0.441807 0.441807 1 1 0
0.631941 0.442185 0.442185 1 1 0
0.633925 0.442564 0.442564 1 1 0
0.635914 0.442942 0.442942 1 1 0
0.637908 0.44332 0.44332 1 1 0
0.639907 0.443698 0.443698 1 1 0
0.641912 0.444077 0.444077 1 1 0
0.643922 0.444455 0.444455 1 1 0
0.645938 0.444834 0.444834 1 1 0
0.647959 0.445212 0.445212 1 1 0
0.649985 0.445591 0.445591 1 1 0
0.652017 0.445969 0.445969 1 1 0
0.654054 0.446348 0.446348 1 1 0
0.656097 0.446726 0.446726 1 1 0
0.658144 0.447105 0.447105 1 1 0
0.660198 0.447483 0.447483 1 1 0
0.662256 0.447862 0.447862 1 1 0
0.664321 0.448241 0.448241 1 1 0
0.66639 0.44862 0.44862 1 1 0
0.668465 0.448998 0.448998 1 1 0
0.670545 0.449377 0.449377 1 1 0
0.672631 0.449756 0.449756 1 1 0
0.674722 0.450135 0.450135 1 1 0
0.676819 0.450513 0.450513 1 1 0
0.678921 0.450892 0.450892 1 1 0
0.681029 0.451271 0.451271 1 1 0
0.683142 0.45165 0.45165 1 1 0
0.68526 0.452029 0.452029 1 1 0
0.687384 0.452408 0.452408 1 1 0
0.689513 0.452787 0.452787 1 1 0
0.691648 0.453166 0.453166 1 1 0
0.693788 0.453544 0.453544 1 1 0
0.695933 0.453923 0.453923 1 1 0
0.698085 0.454302 0.454302 1 1 0
0.700241 0.454681 0.454681 1 1 0
0.702403 0.45506 0.45506 1 1 0
0.704571 0.455439 0.455439 1 1 0
0.706743 0.455818 0.455818 1 1 0
0.708922 0.456197 0.456197 1 1 0
0.711106 0.456576 0.456576 1 1 0
0.713295 0.456955 0.456955 1 1 0
0.71549 0.457334 0.457334 1 1 0
0.71769 0.457713 0.457713 1 1 0
0.719896 0.458092 0.458092 1 1 0
0.722107 0.458471 0.458471 1 1 0
0.724324 0.45885 0.45885 1 1 0
0.726546 0.459228 0.459228 1 1 0
0.728774 0.459607 0.459607 1 1 0
0.731007 0.459986 0.459986 1 1 0
0.733246 0.460365 0.460365 1 1 0
0.73549 0.460744 0.460744 1 1 0
0.73774 0.461123 0.461123 1 1 0
0.739995 0.461502 0.461502 1 1 0
0.742256 0.46188 0.46188 1 1 0
0.744522 0.462259 0.462259 1 1 0
0.746794 0.462638 0.462638 1 1 0
0.749071 0.463017 0.463017 1 1 0
0.751354 0.463396 0.463396 1 1 0
0.753642 0.463774 0.463774 1 1 0
0.755935 0.464153 0.464153 1 1 0
0.758235 0.464532 0.464532 1 1 0
0.760539 0.46491 0.46491 1 1 0
0.76285 0.465289 0.465289 1 1 0
0.765165 0.465667 0.465667 1 1 0
0.767487 0.466046 0.466046 1 1 0
0.769813 0.466424 0.466424 1 1 0
0.772146 0.466803 0.466803 1 1 0
0.774483 0.467181 0.467181 1 1 0
0.776827 0.46756 0.46756 1 1 0
0.779176 0.467938 0.467938 1 1 0
0.78153 0.468317 0.468317 1 1 0
0.78389 0.468695 0.468695 1 1 0
0.786255 0.469073 0.469073 1 1 0
0.788626 0.469451 0.469451 1 1 0
0.791002 0.46983 0.46983 1 1 0
0.793384 0.470208 0.470208 1 1 0
0.795771 0.470586 0.470586 1 1 0
0.798164 0.470964 0.470964 1 1 0
0.800563 0.471342 0.471342 1 1 0
0.802967 0.47172 0.47172 1 1 0
0.805376 0.472098 0.472098 1 1 0
0.807791 0.472476 0.472476 1 1 0
0.810212 0.472853 0.472853 1 1 0
0.812637 0.473231 0.473231 1 1 0
0.815069 0.473609 0.473609 1 1 0
0.817506 0.473986 0.473986 1 1 0
0.819948 0.474364 0.474364 1 1 0
0.822396 0.474742 0.474742 1 1 0
0.82485 0.475119 0.475119 1 1 0
0.827309 0.475496 0.475496 1 1 0
0.829773 0.475874 0.475874 1 1 0
0.832243 0.476251 0.476251 1 1 0
0.834719 0.476628 0.476628 1 1 0
0.8372 0.477006 0.477006 1 1 0
0.839686 0.477383 0.477383 1 1 0
0.842178 0.47776 0.47776 1 1 0
0.844676 0.478137 0.478137 1 1 0
0.847179 0.478513 0.478513 1 1 0
0.849687 0.47889 0.47889 1 1 0
0.852201 0.479267 0.479267 1 1 0
0.854721 0.479644 0.479644 1 1 0
0.857246 0.48002 0.48002 1 1 0
0.859776 0.480397 0.480397 1 1 0
0.862312 0.480773 0.480773 1 1 0
0.864854 0.48115 0.48115 1 1 0
0.8674 0.481526 0.481526 1 1 0
0.869953 0.481902 0.481902 1 1 0
0.872511 0.482278 0.482278 1 1 0
0.875074 0.482654 0.482654 1 1 0
0.877643 0.48303 0.48303 1 1 0
0.880217 0.483406 0.483406 1 1 0
0.882797 0.483782 0.483782 1 1 0
0.885382 0.484158 0.484158 1 1 0
0.887973 0.484533 0.484533 1 1 0
0.890569 0.484909 0.484909 1 1 0
0.89317 0.485284 0.485284 1 1 0
0.895777 0.48566 0.48566 1 1 0
0.89839 0.486035 0.486035 1 1 0
0.901008 0.48641 0.48641 1 1 0
0.903631 0.486785 0.486785 1 1 0
0.90626 0.48716 0.48716 1 1 0
0.908894 0.487535 0.487535 1 1 0
0.911534 0.48791 0.48791 1 1 0
0.914179 0.488285 0.488285 1 1 0
0.916829 0.488659 0.488659 1 1 0
0.919485 0.489034 0.489034 1 1 0
0.922147 0.489408 0.489408 1 1 0
0.924813 0.489782 0.489782 1 1 0
0.927486 0.490157 0.490157 1 1 0
0.930163 0.490531 0.490531 1 1 0
0.932846 0.490905 0.490905 1 1 0
0.935535 0.491278 0.491278 1 1 0
0.938229 0.491652 0.491652 1 1 0
0.940928 0.492026 0.492026 1 1 0
0.943632 0.492399 0.492399 1 1 0
0.946342 0.492773 0.492773 1 1 0
0.949058 0.493146 0.493146 1 1 0
0.951779 0.493519 0.493519 1 1 0
0.954505 0.493892 0.493892 1 1 0
0.957236 0.494265 0.494265 1 1 0
0.959973 0.494638 0.494638 1 1 0
0.962716 0.495011 0.495011 1 1 0
0.965463 0.495383 0.495383 1 1 0
0.968216 0.495756 0.495756 1 1 0
0.970975 0.496128 0.496128 1 1 0
0.973738 0.4965 0.4965 1 1 0
0.976507 0.496872 0.496872 1 1 0
0.979282 0.497244 0.497244 1 1 0
0.982061 0.497616 0.497616 1 1 0
0.984846 0.497988 0.497988 1 1 0
0.987637 0.498359 0.498359 1 1 0
0.990432 0.498731 0.498731 1 1 0
0.993233 0.499102 0.499102 1 1 0
0.99604 0.499473 0.499473 1 1 0
0.998851 0.499844 0.499844 1 1 0
1.00167 0.500215 0.500215 1 1 0
1.00449 0.500586 0.500586 1 1 0
1.00732 0.500956 0.500956 1 1 0
1.01015 0.501327 0.501327 1 1 0
1.01299 0.501697 0.501697 1 1 0
1.01583 0.502067 0.502067 1 1 0
1.01868 0.502437 0.502437 1 1 0
1.02153 0.502807 0.502807 1 1 0
1.02439 0.503177 0.503177 1 1 0
1.02726 0.503547 0.503547 1 1 0
1.03013 0.503916 0.503916 1 1 0
1.033 0.504285 0.504285 1 1 0
1.03588 0.504654 0.504654 1 1 0
1.03877 0.505023 0.505023 1 1 0
1.04166 0.505392 0.505392 1 1 0
1.04455 0.505761 0.505761 1 1 0
1.04745 0.506129 0.506129 1 1 0
1.05036 0.506498 0.506498 1 1 0
1.05327 0.506866 0.506866 1 1 0
1.05619 0.507234 0.507234 1 1 0
1.05911 0.507602 0.507602 1 1 0
1.06204 0.50797 0.50797 1 1 0
1.06497 0.508337 0.508337 1 1 0
1.06791 0.508705 0.508705 1 1 0
1.07085 0.509072 0.509072 1 1 0
1.0738 0.509439 0.509439 1 1 0
1.07675 0.509806 0.509806 1 1 0
1.07971 0.510173 0.510173 1 1 0
1.08267 0.510539 0.510539 1 1 0
1.08564 0.510906 0.510906 1 1 0
1.08861 0.511272 0.511272 1 1 0
1.09159 0.511638 0.511638 1 1 0
1.09457 0.512004 0.512004 1 1 0
1.09756 0.51237 0.51237 1 1 0
1.10056 0.512735 0.512735 1 1 0
1.10355 0.513101 0.513101 1 1 0
1.10656 0.513466 0.513466 1 1 0
1.10957 0.513831 0.513831 1 1 0
1.11258 0.514196 0.514196 1 1 0
1.1156 0.51456 0.51456 1 1 0
1.11862 0.514925 0.514925 1 1 0
1.12165 0.515289 0.515289 1 1 0
1.12469 0.515653 0.515653 1 1 0
1.12773 0.516017 0.516017 1 1 0
1.13077 0.516381 0.516381 1 1 0
1.13382 0.516745 0.516745 1 1 0
1.13688 0.517108 0.517108 1 1 0
1.13993 0.517471 0.517471 1 1 0
1.143 0.517834 0.517834 1 1 0
1.14607 0.518197 0.518197 1 1 0
1.14914 0.51856 0.51856 1 1 0
1.15222 0.518922 0.518922 1 1 0
1.15531 0.519284 0.519284 1 1 0
1.1584 0.519646 0.519646 1 1 0
1.16149 0.520008 0.520008 1 1 0
1.16459 0.52037 0.52037 1 1 0
1.16769 0.520731 0.520731 1 1 0
1.1708 0.521092 0.521092 1 1 0
1.17391 0.521453 0.521453 1 1 0
1.17703 0.521814 0.521814 1 1 0
1.18016 0.522175 0.522175 1 1 0
1.18329 0.522535 0.522535 1 1 0
1.18642 0.522895 0.522895 1 1 0
1.18956 0.523255 0.523255 1 1 0
1.1927 0.523615 0.523615 1 1 0
1.19585 0.523975 0.523975 1 1 0
1.199 0.524334 0.524334 1 1 0
1.20216 0.524693 0.524693 1 1 0
1.20532 0.525052 0.525052 1 1 0
1.20849 0.525411 0.525411 1 1 0
1.21166 0.52577 0.52577 1 1 0
1.21484 0.526128 0.526128 1 1 0
1.21802 0.526486 0.526486 1 1 0
1.22121 0.526844 0.526844 1 1 0
1.2244 0.527202 0.527202 1 1 0
1.2276 0.527559 0.527559 1 1 0
1.2308 0.527916 0.527916 1 1 0
1.234 0.528273 0.528273 1 1 0
1.23721 0.52863 0.52863 1 1 0
1.24043 0.528987 0.528987 1 1 0
1.24365 0.529343 0.529343 1 1 0
1.24687 0.529699 0.529699 1 1 0
1.2501 0.530055 0.530055 1 1 0
1.25334 0.530411 0.530411 1 1 0
1.25658 0.530766 0.530766 1 1 0
1.25982 0.531122 0.531122 1 1 0
1.26307 0.531477 0.531477 1 1 0
1.26632 0.531831 0.531831 1 1 0
1.26958 0.532186 0.532186 1 1 0
1.27284 0.53254 0.53254 1 1 0
1.27611 0.532894 0.532894 1 1 0
1.27938 0.533248 0.533248 1 1 0
1.28265 0.533602 0.533602 1 1 0
1.28594 0.533955 0.533955 1 1 0
1.28922 0.534308 0.534308 1 1 0
1.29251 0.534661 0.534661 1 1 0
1.29581 0.535014 0.535014 1 1 0
1.29911 0.535366 0.535366 1 1 0
1.30241 0.535718 0.535718 1 1 0
1.30572 0.53607 0.53607 1 1 0
1.30903 0.536422 0.536422 1 1 0
1.31235 0.536773 0.536773 1 1 0
1.31567 0.537124 0.537124 1 1 0
1.319 0.537475 0.537475 1 1 0
1.32233 0.537826 0.537826 1 1 0
1.32566 0.538177 0.538177 1 1 0
1.329 0.538527 0.538527 1 1 0
1.33235 0.538877 0.538877 1 1 0
1.3357 0.539226 0.539226 1 1 0
1.33905 0.539576 0.539576 1 1 0
1.34241 0.539925 0.539925 1 1 0
1.34577 0.540274 0.540274 1 1 0
1.34914 0.540623 0.540623 1 1 0
1.35251 0.540971 0.540971 1 1 0
1.35589 0.541319 0.541319 1 1 0
1.35927 0.541667 0.541667 1 1 0
1.36265 0.542015 0.542015 1 1 0
1.36604 0.542362 0.542362 1 1 0
1.36943 0.54271 0.54271 1 1 0
1.37283 0.543056 0.543056 1 1 0
1.37623 0.543403 0.543403 1 1 0
1.37964 0.543749 0.543749 1 1 0
1.38305 0.544095 0.544095 1 1 0
1.38647 0.544441 0.544441 1 1 0
1.38989 0.544787 0.544787 1 1 0
1.39331 0.545132 0.545132 1 1 0
1.39674 0.545477 0.545477 1 1 0
1.40017 0.545822 0.545822 1 1 0
1.40361 0.546167 0.546167 1 1 0
1.40705 0.546511 0.546511 1 1 0
1.4105 0.546855 0.546855 1 1 0
1.41395 0.547198 0.547198 1 1 0
1.4174 0.547542 0.547542 1 1 0
1.42086 0.547885 0.547885 1 1 0
1.42432 0.548228 0.548228 1 1 0
1.42779 0.54857 0.54857 1 1 0
1.43126 0.548913 0.548913 1 1 0
1.43474 0.549255 0.549255 1 1 0
1.43821 0.549597 0.549597 1 1 0
1.4417 0.549938 0.549938 1 1 0
1.44519 0.550279 0.550279 1 1 0
1.44868 0.55062 0.55062 1 1 0
1.45217 0.550961 0.550961 1 1 0
1.45568 0.551301 0.551301 1 1 0
1.45918 0.551641 0.551641 1 1 0
1.46269 0.551981 0.551981 1 1 0
1.4662 0.552321 0.552321 1 1 0
1.46972 0.55266 0.55266 1 1 0
1.47324 0.552999 0.552999 1 1 0
1.47676 0.553337 0.553337 1 1 0
1.48029 0.553676 0.553676 1 1 0
1.48383 0.554014 0.554014 1 1 0
1.48736 0.554352 0.554352 1 1 0
1.49091 0.554689 0.554689 1 1 0
1.49445 0.555026 0.555026 1 1 0
1.498 0.555363 0.555363 1 1 0
1.50156 0.5557 0.5557 1 1 0
1.50511 0.556036 0.556036 1 1 0
1.50867 0.556372 0.556372 1 1 0
1.51224 0.556708 0.556708 1 1 0
1.51581 0.557043 0.557043 1 1 0
1.51938 0.557379 0.557379 1 1 0
1.52296 0.557713 0.557713 1 1 0
1.52654 0.558048 0.558048 1 1 0
1.53013 0.558382 0.558382 1 1 0
1.53372 0.558716 0.558716 1 1 0
1.53731 0.55905 0.55905 1 1 0
1.54091 0.559383 0.559383 1 1 0
1.54451 0.559716 0.559716 1 1 0
1.54812 0.560049 0.560049 1 1 0
1.55172 0.560381 0.560381 1 1 0
1.55534 0.560713 0.560713 1 1 0
1.55895 0.561045 0.561045 1 1 0
1.56257 0.561377 0.561377 1 1 0
1.5662 0.561708 0.561708 1 1 0
1.56983 0.562039 0.562039 1 1 0
1.57346 0.56237 0.56237 1 1 0
1.5771 0.5627 0.5627 1 1 0
1.58074 0.56303 0.56303 1 1 0
1.58438 0.563359 0.563359 1 1 0
1.58803 0.563689 0.563689 1 1 0
1.59168 0.564018 0.564018 1 1 0
1.59533 0.564347 0.564347 1 1 0
1.59899 0.564675 0.564675 1 1 0
1.60266 0.565003 0.565003 1 1 0
1.60632 0.565331 0.565331 1 1 0
1.60999 0.565658 0.565658 1 1 0
1.61367 0.565985 0.565985 1 1 0
1.61734 0.566312 0.566312 1 1 0
1.62103 0.566639 0.566639 1 1 0
1.62471 0.566965 0.566965 1 1 0
1.6284 0.567291 0.567291 1 1 0
1.63209 0.567616 0.567616 1 1 0
1.63579 0.567942 0.567942 1 1 0
1.63949 0.568267 0.568267 1 1 0
1.64319 0.568591 0.568591 1 1 0
1.6469 0.568915 0.568915 1 1 0
1.65061 0.569239 0.569239 1 1 0
1.65432 0.569563 0.569563 1 1 0
1.65804 0.569886 0.569886 1 1 0
1.66176 0.570209 0.570209 1 1 0
1.66549 0.570532 0.570532 1 1 0
1.66922 0.570854 0.570854 1 1 0
1.67295 0.571176 0.571176 1 1 0
1.67669 0.571498 0.571498 1 1 0
1.68043 0.571819 0.571819 1 1 0
1.68417 0.57214 0.57214 1 1 0
1.68791 0.572461 0.572461 1 1 0
1.69167 0.572781 0.572781 1 1 0
1.69542 0.573101 0.573101 1 1 0
1.69918 0.573421 0.573421 1 1 0
1.70294 0.57374 0.57374 1 1 0
1.7067 0.574059 0.574059 1 1 0
1.71047 0.574378 0.574378 1 1 0
1.71424 0.574696 0.574696 1 1 0
1.71802 0.575014 0.575014 1 1 0
1.72179 0.575332 0.575332 1 1 0
1.72557 0.575649 0.575649 1 1 0
1.72936 0.575966 0.575966 1 1 0
1.73315 0.576282 0.576282 1 1 0
1.73694 0.576599 0.576599 1 1 0
1.74074 0.576915 0.576915 1 1 0
1.74453 0.57723 0.57723 1 1 0
1.74834 0.577545 0.577545 1 1 0
1.75214 0.57786 0.57786 1 1 0
1.75595 0.578175 0.578175 1 1 0
1.75976 0.578489 0.578489 1 1 0
1.76358 0.578803 0.578803 1 1 0
1.7674 0.579117 0.579117 1 1 0
1.77122 0.57943 0.57943 1 1 0
1.77505 0.579743 0.579743 1 1 0
1.77888 0.580055 0.580055 1 1 0
1.78271 0.580367 0.580367 1 1 0
1.78654 0.580679 0.580679 1 1 0
1.79038 0.58099 0.58099 1 1 0
1.79423 0.581302 0.581302 1 1 0
1.79807 0.581612 0.581612 1 1 0
1.80192 0.581923 0.581923 1 1 0
1.80577 0.582233 0.582233 1 1 0
1.80963 0.582542 0.582542 1 1 0
1.81349 0.582852 0.582852 1 1 0
1.81735 0.583161 0.583161 1 1 0
1.82121 0.583469 0.583469 1 1 0
1.82508 0.583778 0.583778 1 1 0
1.82895 0.584086 0.584086 1 1 0
1.83283 0.584393 0.584393 1 1 0
1.83671 0.5847 0.5847 1 1 0
1.84059 0.585007 0.585007 1 1 0
1.84447 0.585314 0.585314 1 1 0
1.84836 0.58562 0.58562 1 1 0
1.85225 0.585926 0.585926 1 1 0
1.85615 0.586231 0.586231 1 1 0
1.86004 0.586536 0.586536 1 1 0
1.86394 0.586841 0.586841 1 1 0
1.86785 0.587145 0.587145 1 1 0
1.87175 0.587449 0.587449 1 1 0
1.87566 0.587753 0.587753 1 1 0
1.87958 0.588056 0.588056 1 1 0
1.88349 0.588359 0.588359 1 1 0
1.88741 0.588661 0.588661 1 1 0
1.89133 0.588963 0.588963 1 1 0
1.89526 0.589265 0.589265 1 1 0
1.89919 0.589567 0.589567 1 1 0
1.90312 0.589868 0.589868 1 1 0
1.90705 0.590168 0.590168 1 1 0
1.91099 0.590469 0.590469 1 1 0
1.91493 0.590769 0.590769 1 1 0
1.91887 0.591068 0.591068 1 1 0
1.92282 0.591367 0.591367 1 1 0
1.92677 0.591666 0.591666 1 1 0
1.93072 0.591965 0.591965 1 1 0
1.93468 0.592263 0.592263 1 1 0
1.93864 0.592561 0.592561 1 1 0
1.9426 0.592858 0.592858 1 1 0
1.94656 0.593155 0.593155 1 1 0
1.95053 0.593451 0.593451 1 1 0
1.9545 0.593748 0.593748 1 1 0
1.95847 0.594044 0.594044 1 1 0
1.96245 0.594339 0.594339 1 1 0
1.96643 0.594634 0.594634 1 1 0
1.97041 0.594929 0.594929 1 1 0
1.9744 0.595223 0.595223 1 1 0
1.97839 0.595517 0.595517 1 1 0
1.98238 0.595811 0.595811 1 1 0
1.98637 0.596104 0.596104 1 1 0
1.99037 0.596397 0.596397 1 1 0
1.99437 0.596689 0.596689 1 1 0
1.99837 0.596982 0.596982 1 1 0
2.00238 0.597273 0.597273 1 1 0
2.00639 0.597565 0.597565 1 1 0
2.0104 0.597856 0.597856 1 1 0
2.01441 0.598146 0.598146 1 1 0
2.01843 0.598436 0.598436 1 1 0
2.02245 0.598726 0.598726 1 1 0
2.02647 0.599016 0.599016 1 1 0
2.0305 0.599305 0.599305 1 1 0
2.03452 0.599593 0.599593 1 1 0
2.03856 0.599882 0.599882 1 1 0
2.04259 0.600169 0.600169 1 1 0
2.04663 0.600457 0.600457 1 1 0
2.05067 0.600744 0.600744 1 1 0
2.05471 0.601031 0.601031 1 1 0
2.05875 0.601317 0.601317 1 1 0
2.0628 0.601603 0.601603 1 1 0
2.06685 0.601889 0.601889 1 1 0
2.07091 0.602174 0.602174 1 1 0
2.07496 0.602459 0.602459 1 1 0
2.07902 0.602743 0.602743 1 1 0
2.08308 0.603027 0.603027 1 1 0
2.08715 0.603311 0.603311 1 1 0
2.09122 0.603594 0.603594 1 1 0
2.09529 0.603877 0.603877 1 1 0
2.09936 0.604159 0.604159 1 1 0
2.10343 0.604441 0.604441 1 1 0
2.10751 0.604723 0.604723 1 1 0
2.11159 0.605004 0.605004 1 1 0
2.11568 0.605285 0.605285 1 1 0
2.11976 0.605566 0.605566 1 1 0
2.12385 0.605846 0.605846 1 1 0
2.12794 0.606126 0.606126 1 1 0
2.13204 0.606405 0.606405 1 1 0
2.13614 0.606684 0.606684 1 1 0
2.14024 0.606962 0.606962 1 1 0
2.14434 0.60724 0.60724 1 1 0
2.14844 0.607518 0.607518 1 1 0
2.15255 0.607796 0.607796 1 1 0
2.15666 0.608072 0.608072 1 1 0
2.16078 0.608349 0.608349 1 1 0
2.16489 0.608625 0.608625 1 1 0
2.16901 0.608901 0.608901 1 1 0
2.17313 0.609176 0.609176 1 1 0
2.17725 0.609451 0.609451 1 1 0
2.18138 0.609726 0.609726 1 1 0
2.18551 0.61 0.61 1 1 0
2.18964 0.610274 0.610274 1 1 0
2.19377 0.610547 0.610547 1 1 0
2.19791 0.61082 0.61082 1 1 0
2.20205 0.611093 0.611093 1 1 0
2.20619 0.611365 0.611365 1 1 0
2.21034 0.611636 0.611636 1 1 0
2.21448 0.611908 0.611908 1 1 0
2.21863 0.612179 0.612179 1 1 0
2.22279 0.612449 0.612449 1 1 0
2.22694 0.612719 0.612719 1 1 0
2.2311 0.612989 0.612989 1 1 0
2.23526 0.613259 0.613259 1 1 0
2.23942 0.613527 0.613527 1 1 0
2.24358 0.613796 0.613796 1 1 0
2.24775 0.614064 0.614064 1 1 0
2.25192 0.614332 0.614332 1 1 0
2.25609 0.614599 0.614599 1 1 0
2.26027 0.614866 0.614866 1 1 0
2.26445 0.615133 0.615133 1 1 0
2.26863 0.615399 0.615399 1 1 0
2.27281 0.615664 0.615664 1 1 0
2.27699 0.61593 0.61593 1 1 0
2.28118 0.616195 0.616195 1 1 0
2.28537 0.616459 0.616459 1 1 0
2.28957 0.616723 0.616723 1 1 0
2.29376 0.616987 0.616987 1 1 0
2.29796 0.61725 0.61725 1 1 0
2.30216 0.617513 0.617513 1 1 0
2.30636 0.617775 0.617775 1 1 0
2.31057 0.618037 0.618037 1 1 0
2.31477 0.618299 0.618299 1 1 0
2.31898 0.61856 0.61856 1 1 0
2.3232 0.618821 0.618821 1 1 0
2.32741 0.619081 0.619081 1 1 0
2.33163 0.619341 0.619341 1 1 0
2.33585 0.619601 0.619601 1 1 0
2.34007 0.61986 0.61986 1 1 0
2.3443 0.620118 0.620118 1 1 0
2.34852 0.620377 0.620377 1 1 0
2.35275 0.620635 0.620635 1 1 0
2.35699 0.620892 0.620892 1 1 0
2.36122 0.621149 0.621149 1 1 0
2.36546 0.621406 0.621406 1 1 0
2.3697 0.621662 0.621662 1 1 0
2.37394 0.621918 0.621918 1 1 0
2.37818 0.622173 0.622173 1 1 0
2.38243 0.622428 0.622428 1 1 0
2.38668 0.622683 0.622683 1 1 0
2.39093 0.622937 0.622937 1 1 0
2.39519 0.623191 0.623191 1 1 0
2.39944 0.623444 0.623444 1 1 0
2.4037 0.623697 0.623697 1 1 0
2.40796 0.62395 0.62395 1 1 0
2.41223 0.624202 0.624202 1 1 0
2.41649 0.624453 0.624453 1 1 0
2.42076 0.624705 0.624705 1 1 0
2.42503 0.624956 0.624956 1 1 0
2.42931 0.625206 0.625206 1 1 0
2.43358 0.625456 0.625456 1 1 0
2.43786 0.625706 0.625706 1 1 0
2.44214 0.625955 0.625955 1 1 0
2.44643 0.626203 0.626203 1 1 0
2.45071 0.626452 0.626452 1 1 0
2.455 0.6267 0.6267 1 1 0
2.45929 0.626947 0.626947 1 1 0
2.46358 0.627194 0.627194 1 1 0
2.46788 0.627441 0.627441 1 1 0
2.47218 0.627687 0.627687 1 1 0
2.47648 0.627933 0.627933 1 1 0
2.48078 0.628178 0.628178 1 1 0
2.48508 0.628423 0.628423 1 1 0
2.48939 0.628668 0.628668 1 1 0
2.4937 0.628912 0.628912 1 1 0
2.49801 0.629156 0.629156 1 1 0
2.50233 0.629399 0.629399 1 1 0
2.50664 0.629642 0.629642 1 1 0
2.51096 0.629884 0.629884 1 1 0
2.51528 0.630126 0.630126 1 1 0
2.51961 0.630368 0.630368 1 1 0
2.52393 0.630609 0.630609 1 1 0
2.52826 0.63085 0.63085 1 1 0
2.53259 0.63109 0.63109 1 1 0
2.53693 0.63133 0.63133 1 1 0
2.54126 0.63157 0.63157 1 1 0
2.5456 0.631809 0.631809 1 1 0
2.54994 0.632047 0.632047 1 1 0
2.55428 0.632285 0.632285 1 1 0
2.55863 0.632523 0.632523 1 1 0
2.56298 0.632761 0.632761 1 1 0
2.56733 0.632998 0.632998 1 1 0
2.57168 0.633234 0.633234 1 1 0
2.57603 0.63347 0.63347 1 1 0
2.58039 0.633706 0.633706 1 1 0
2.58475 0.633941 0.633941 1 1 0
2.58911 0.634176 0.634176 1 1 0
2.59348 0.63441 0.63441 1 1 0
2.59784 0.634644 0.634644 1 1 0
2.60221 0.634878 0.634878 1 1 0
2.60658 0.635111 0.635111 1 1 0
2.61096 0.635344 0.635344 1 1 0
2.61533 0.635576 0.635576 1 1 0
2.61971 0.635808 0.635808 1 1 0
2.62409 0.636039 0.636039 1 1 0
2.62848 0.63627 0.63627 1 1 0
2.63286 0.636501 0.636501 1 1 0
2.63725 0.636731 0.636731 1 1 0
2.64164 0.63696 0.63696 1 1 0
2.64603 0.63719 0.63719 1 1 0
2.65043 0.637419 0.637419 1 1 0
2.65482 0.637647 0.637647 1 1 0
2.65922 0.637875 0.637875 1 1 0
2.66363 0.638103 0.638103 1 1 0
2.66803 0.63833 0.63833 1 1 0
2.67244 0.638556 0.638556 1 1 0
2.67685 0.638783 0.638783 1 1 0
2.68126 0.639009 0.639009 1 1 0
2.68567 0.639234 0.639234 1 1 0
2.69009 0.639459 0.639459 1 1 0
2.69451 0.639684 0.639684 1 1 0
2.69893 0.639908 0.639908 1 1 0
2.70336 0.640131 0.640131 1 1 0
2.70778 0.640355 0.640355 1 1 0
2.71221 0.640578 0.640578 1 1 0
2.71664 0.6408 0.6408 1 1 0
2.72107 0.641022 0.641022 1 1 0
2.72551 0.641244 0.641244 1 1 0
0.0662489 0.201123 0.201123 4 3 0
0.0663085 0.206046 0.196455 3 3 0
0.0664385 0.210067 0.192974 3 3 0
0.0665744 0.212993 0.190613 3 3 0
0.066742 0.215947 0.18835 3 3 0
0.0669112 0.21844 0.186546 3 3 0
0.0670819 0.220676 0.185002 3 3 0
0.0672538 0.222753 0.183612 3 3 0
0.0674266 0.224696 0.182363 3 3 0
0.0676003 0.226548 0.181221 3 3 0
0.0677747 0.228288 0.180178 3 3 0
0.0679499 0.22995 0.179211 3 3 0
0.0681257 0.231542 0.178302 3 3 0
0.0683022 0.233084 0.177453 3 3 0
0.0684793 0.234576 0.176654 3 3 0
0.0686571 0.236033 0.175918 3 3 0
0.0688354 0.237438 0.175206 3 3 0
0.0690144 0.238807 0.17453 3 3 0
0.069194 0.240142 0.173899 3 3 0
0.0693741 0.241447 0.173274 3 3 0
0.0695549 0.242724 0.172675 3 3 0
0.0697362 0.243965 0.172095 3 3 0
0.0699182 0.24519 0.171545 3 3 0
0.0701007 0.246392 0.171016 3 3 0
0.0702838 0.24756 0.170516 3 3 0
0.0704675 0.248721 0.170024 3 3 0
0.0706517 0.249863 0.169551 3 3 0
0.0708366 0.251015 0.169077 3 3 0
0.071022 0.252125 0.168637 3 3 0
0.071208 0.253218 0.168211 3 3 0
0.0713946 0.254259 0.167803 3 3 0
0.0715818 0.255323 0.167405 3 3 0
0.0717696 0.256374 0.167019 3 3 0
0.0719579 0.257444 0.166638 3 3 0
0.0721468 0.25847 0.166274 3 3 0
0.0723364 0.259484 0.16592 3 3 0
0.0725265 0.260494 0.165577 3 3 0
0.0727172 0.261485 0.165243 3 3 0
0.0729085 0.262466 0.164918 3 3 0
0.0731004 0.263442 0.164602 3 3 0
0.0732929 0.264402 0.164294 3 3 0
0.073486 0.265354 0.163995 3 3 0
0.0736796 0.266293 0.163702 3 3 0
0.0738739 0.267226 0.163418 3 3 0
0.0740688 0.268151 0.163141 3 3 0
0.0742643 0.269059 0.16287 3 3 0
0.0744604 0.269967 0.162607 3 3 0
0.0746571 0.270868 0.16235 3 3 0
0.0748544 0.27175 0.162098 3 3 0
0.0750523 0.272637 0.161853 3 3 0
0.0752508 0.273515 0.161614 3 3 0
0.0754499 0.274374 0.16138 3 3 0
0.0756497 0.27524 0.161152 3 3 0
0.07585 0.276099 0.16093 3 3 0
0.076051 0.276936 0.160711 3 3 0
0.0762526 0.277782 0.160499 3 3 0
0.0764548 0.278623 0.160291 3 3 0
0.0766577 0.27944 0.160087 3 3 0
0.0768612 0.280269 0.159889 3 3 0
0.0770653 0.281092 0.159694 3 3 0
0.07727 0.28189 0.159504 3 3 0
0.0774753 0.282703 0.159318 3 3 0
0.0776813 0.28351 0.159136 3 3 0
0.0778879 0.284312 0.158958 3 3 0
0.0780952 0.285105 0.158784 3 3 0
0.0783031 0.285894 0.158614 3 3 0
0.0785116 0.286699 0.158447 3 3 0
0.0787207 0.287479 0.158284 3 3 0
0.0789306 0.288253 0.158125 3 3 0
0.079141 0.289044 0.157969 3 3 0
0.0793521 0.28981 0.157816 3 3 0
0.0795638 0.290571 0.157667 3 3 0
0.0797762 0.291347 0.157521 3 3 0
0.0799893 0.2921 0.157377 3 3 0
0.080203 0.292849 0.157237 3 3 0
0.0804173 0.293611 0.157101 3 3 0
0.0806323 0.294352 0.156967 3 3 0
0.080848 0.295089 0.156835 3 3 0
0.0810643 0.295838 0.156708 3 3 0
0.0812813 0.296568 0.156582 3 3 0
0.0814989 0.297294 0.156459 3 3 0
0.0817172 0.298029 0.156339 3 3 0
0.0819362 0.298749 0.156222 3 3 0
0.0821558 0.299465 0.156106 3 3 0
0.0823761 0.300188 0.155995 3 3 0
0.0825971 0.300897 0.155885 3 3 0
0.0828187 0.301603 0.155777 3 3 0
0.083041 0.302314 0.155674 3 3 0
0.083264 0.303013 0.155571 3 3 0
0.0834877 0.303709 0.15547 3 3 0
0.083712 0.304409 0.155374 3 3 0
0.0839371 0.305099 0.155278 3 3 0
0.0841628 0.305786 0.155184 3 3 0
0.0843892 0.306473 0.155095 3 3 0
0.0846162 0.307155 0.155006 3 3 0
0.084844 0.307834 0.154918 3 3 0
0.0850725 0.308507 0.154839 3 3 0
0.0853016 0.309181 0.154755 3 3 0
0.0855314 0.309851 0.154673 3 3 0
0.085762 0.310515 0.154598 3 3 0
0.0859932 0.31118 0.154521 3 3 0
0.0862251 0.311842 0.154445 3 3 0
0.0864577 0.312503 0.154368 3 3 0
0.086691 0.313159 0.154296 3 3 0
0.086925 0.313813 0.154226 3 3 0
0.0871598 0.314463 0.154154 3 3 0
0.0873952 0.315112 0.154088 3 3 0
0.0876313 0.315758 0.154023 3 3 0
0.0878681 0.3164 0.153961 3 3 0
0.0881057 0.317041 0.153899 3 3 0
0.0883439 0.31768 0.15384 3 3 0
0.0885829 0.318311 0.153785 3 3 0
0.0888225 0.318945 0.153729 3 3 0
0.0890629 0.319576 0.153675 3 3 0
0.089304 0.320201 0.15363 3 3 0
0.0895458 0.320828 0.153579 3 3 0
0.0897884 0.321453 0.153529 3 3 0
0.0900316 0.322022 0.153488 3 3 0
0.0902756 0.322644 0.153442 3 3 0
0.0905203 0.323263 0.153398 3 3 0
0.0907657 0.323924 0.153343 3 3 0
0.0910119 0.324537 0.153302 3 3 0
0.0912587 0.325148 0.153262 3 3 0
0.0915063 0.325751 0.153213 3 3 0
0.0917546 0.326358 0.153177 3 3 0
0.0920037 0.326962 0.153142 3 3 0
0.0922535 0.32752 0.153115 3 3 0
0.092504 0.328121 0.153083 3 3 0
0.0927553 0.328721 0.153052 3 3 0
0.0930073 0.329298 0.153022 3 3 0
0.09326 0.329894 0.152994 3 3 0
0.0935134 0.330487 0.152968 3 3 0
0.0937677 0.331074 0.152937 3 3 0
0.0940226 0.331664 0.152914 3 3 0
0.0942783 0.332251 0.152892 3 3 0
0.0945347 0.332834 0.152869 3 3 0
0.0947919 0.333417 0.15285 3 3 0
0.0950498 0.333998 0.152833 3 3 0
0.0953085 0.334565 0.152816 3 3 0
0.0955679 0.335143 0.152801 3 3 0
0.095828 0.335718 0.152788 3 3 0
0.096089 0.336278 0.152776 3 3 0
0.0963506 0.33685 0.152766 3 3 0
0.096613 0.33742 0.152757 3 3 0
0.0968762 0.337953 0.15275 3 3 0
0.0971401 0.338519 0.152744 3 3 0
0.0974048 0.339084 0.152739 3 3 0
0.0976702 0.339658 0.152737 3 3 0
0.0979364 0.340219 0.152735 3 3 0
0.0982033 0.340778 0.152734 3 3 0
0.0984711 0.341349 0.152734 3 3 0
0.0987395 0.341904 0.152736 3 3 0
0.0990087 0.342457 0.15274 3 3 0
0.0992787 0.342944 0.152745 3 3 0
0.0995495 0.343494 0.152752 3 3 0
0.099821 0.344043 0.15276 3 3 0
0.100093 0.344648 0.152767 3 3 0
0.100366 0.345192 0.152778 3 3 0
0.10064 0.345734 0.152789 3 3 0
0.100915 0.346257 0.15281 3 3 0
0.10119 0.346795 0.152825 3 3 0
0.101466 0.347332 0.152841 3 3 0
0.101743 0.347785 0.152856 3 3 0
0.102021 0.348311 0.152875 3 3 0
0.102299 0.348839 0.152895 3 3 0
0.102578 0.349429 0.152913 3 3 0
0.102858 0.349957 0.152935 3 3 0
0.103139 0.350484 0.152959 3 3 0
0.103421 0.351004 0.152997 3 3 0
0.103703 0.351528 0.153024 3 3 0
0.103986 0.35205 0.153052 3 3 0
0.10427 0.352511 0.153081 3 3 0
0.104554 0.353023 0.153111 3 3 0
0.10484 0.353532 0.153144 3 3 0
0.105126 0.354102 0.153162 3 3 0
0.105413 0.354615 0.153196 3 3 0
0.105701 0.355127 0.153232 3 3 0
0.105989 0.355626 0.153297 3 3 0
0.106278 0.356134 0.153336 3 3 0
0.106568 0.356641 0.153376 3 3 0
0.106859 0.357156 0.153413 3 3 0
0.107151 0.357653 0.153456 3 3 0
0.107443 0.358149 0.1535 3 3 0
0.107737 0.358621 0.153546 3 3 0
0.10803 0.359113 0.153593 3 3 0
0.108325 0.359603 0.153641 3 3 0
0.108621 0.360052 0.153704 3 3 0
0.108917 0.360538 0.153755 3 3 0
0.109214 0.361023 0.153808 3 3 0
0.109512 0.361588 0.153864 3 3 0
0.109811 0.36207 0.153919 3 3 0
0.11011 0.362551 0.153976 3 3 0
0.11041 0.362975 0.154028 3 3 0
0.110711 0.363458 0.154087 3 3 0
0.111013 0.36394 0.154148 3 3 0
0.111316 0.364462 0.154211 3 3 0
0.111619 0.364934 0.154266 3 3 0
0.111923 0.365404 0.154321 3 3 0
0.112228 0.36588 0.154371 3 3 0
0.112534 0.366347 0.154429 3 3 0
0.11284 0.366812 0.154489 3 3 0
0.113148 0.367325 0.154525 3 3 0
0.113456 0.367788 0.154588 3 3 0
0.113764 0.368249 0.154653 3 3 0
0.114074 0.368721 0.154736 3 3 0
0.114384 0.369179 0.154803 3 3 0
0.114696 0.369635 0.154871 3 3 0
0.115007 0.370069 0.154947 3 3 0
0.11532 0.370521 0.155018 3 3 0
0.115634 0.370971 0.15509 3 3 0
0.115948 0.371438 0.155173 3 3 0
0.116263 0.371885 0.155247 3 3 0
0.116579 0.37233 0.155323 3 3 0
0.116895 0.372799 0.155408 3 3 0
0.117213 0.373242 0.155487 3 3 0
0.117531 0.373682 0.155566 3 3 0
0.11785 0.374107 0.155661 3 3 0
0.11817 0.374544 0.155743 3 3 0
0.11849 0.374978 0.155827 3 3 0
0.118811 0.375442 0.155911 3 3 0
0.119133 0.375874 0.155998 3 3 0
0.119456 0.376304 0.156085 3 3 0
0.11978 0.376737 0.156189 3 3 0
0.120104 0.377163 0.15628 3 3 0
0.120429 0.377588 0.156371 3 3 0
0.120755 0.378025 0.156466 3 3 0
0.121082 0.378446 0.156561 3 3 0
0.121409 0.378866 0.156657 3 3 0
0.121737 0.379299 0.156765 3 3 0
0.122066 0.379715 0.156863 3 3 0
0.122396 0.380129 0.156963 3 3 0
0.122726 0.380553 0.157074 3 3 0
0.123057 0.380964 0.157176 3 3 0
0.123389 0.381374 0.15728 3 3 0
0.123722 0.381796 0.157402 3 3 0
0.124056 0.382202 0.157509 3 3 0
0.12439 0.382607 0.157617 3 3 0
0.124725 0.382982 0.157726 3 3 0
0.12506 0.383382 0.157837 3 3 0
0.125397 0.383779 0.15795 3 3 0
0.125734 0.384198 0.158058 3 3 0
0.126072 0.384593 0.158174 3 3 0
0.126411 0.384985 0.158292 3 3 0
0.12675 0.385376 0.158418 3 3 0
0.12709 0.385764 0.158538 3 3 0
0.127431 0.386151 0.15866 3 3 0
0.127773 0.386528 0.158781 3 3 0
0.128115 0.38691 0.158906 3 3 0
0.128458 0.38729 0.159032 3 3 0
0.128802 0.387673 0.159162 3 3 0
0.129147 0.38805 0.159291 3 3 0
0.129492 0.388424 0.159423 3 3 0
0.129838 0.388795 0.159557 3 3 0
0.130184 0.389165 0.159692 3 3 0
0.130532 0.389533 0.159828 3 3 0
0.13088 0.389902 0.159968 3 3 0
0.131229 0.390265 0.160108 3 3 0
0.131578 0.390627 0.160249 3 3 0
0.131928 0.390989 0.160394 3 3 0
0.132279 0.391346 0.160538 3 3 0
0.132631 0.391701 0.160685 3 3 0
0.132983 0.392057 0.160834 3 3 0
0.133336 0.392408 0.160984 3 3 0
0.13369 0.392757 0.161135 3 3 0
0.134044 0.393106 0.16129 3 3 0
0.134399 0.39345 0.161445 3 3 0
0.134755 0.393792 0.161602 3 3 0
0.135112 0.394135 0.161761 3 3 0
0.135469 0.394472 0.161922 3 3 0
0.135826 0.394808 0.162084 3 3 0
0.136185 0.395143 0.162248 3 3 0
0.136544 0.395474 0.162414 3 3 0
0.136904 0.395802 0.162581 3 3 0
0.137264 0.39613 0.162752 3 3 0
0.137625 0.396454 0.162923 3 3 0
0.137987 0.396775 0.163095 3 3 0
0.138349 0.397096 0.163271 3 3 0
0.138712 0.397413 0.163448 3 3 0
0.139076 0.397727 0.163626 3 3 0
0.13944 0.39804 0.163807 3 3 0
0.139805 0.398349 0.163989 3 3 0
0.14017 0.398656 0.164174 3 3 0
0.140536 0.398961 0.16436 3 3 0
0.140903 0.399262 0.164548 3 3 0
0.14127 0.399561 0.164738 3 3 0
0.141638 0.399857 0.164931 3 3 0
0.142007 0.400151 0.165125 3 3 0
0.142376 0.400443 0.165321 3 3 0
0.142745 0.400729 0.165519 3 3 0
0.143116 0.401015 0.165719 3 3 0
0.143487 0.401299 0.165921 3 3 0
0.143858 0.401574 0.166125 3 3 0
0.14423 0.401852 0.166332 3 3 0
0.144602 0.402128 0.16654 3 3 0
0.144976 0.402391 0.16675 3 3 0
0.145349 0.402661 0.166963 3 3 0
0.145723 0.402928 0.167178 3 3 0
0.146098 0.403175 0.167394 3 3 0
0.146473 0.403436 0.167613 3 3 0
0.146849 0.403694 0.167834 3 3 0
0.147225 0.403915 0.168057 3 3 0
0.147602 0.404167 0.168283 3 3 0
0.14798 0.404417 0.168511 3 3 0
0.148358 0.404728 0.168739 3 3 0
0.148736 0.404976 0.168971 3 3 0
0.149115 0.405221 0.169206 3 3 0
0.149494 0.405492 0.169442 3 3 0
0.149874 0.405731 0.169681 3 3 0
0.150254 0.405966 0.169922 3 3 0
0.150635 0.406196 0.170165 3 3 0
0.151016 0.406425 0.170412 3 3 0
0.151398 0.406651 0.17066 3 3 0
0.15178 0.40689 0.170911 3 3 0
0.152162 0.407109 0.171164 3 3 0
0.152545 0.407325 0.17142 3 3 0
0.152929 0.407534 0.171678 3 3 0
0.153312 0.407743 0.171939 3 3 0
0.153696 0.407949 0.172203 3 3 0
0.154081 0.408182 0.172467 3 3 0
0.154466 0.40838 0.172736 3 3 0
0.154851 0.408575 0.173007 3 3 0
0.155237 0.408662 0.173284 3 3 0
0.155623 0.408851 0.173562 3 3 0
0.15601 0.409038 0.173841 3 3 0
0.156396 0.409309 0.174121 3 3 0
0.156784 0.409487 0.174406 3 3 0
0.157171 0.409661 0.174694 3 3 0
0.157559 0.409682 0.174989 3 3 0
0.157947 0.409851 0.175283 3 3 0
0.158335 0.410016 0.17558 3 3 0
0.158724 0.4103 0.175873 3 3 0
0.159113 0.410456 0.176176 3 3 0
0.159503 0.410609 0.176482 3 3 0
0.159892 0.410622 0.176795 3 3 0
0.160282 0.410768 0.177107 3 3 0
0.160672 0.41091 0.177422 3 3 0
0.161062 0.411121 0.177734 3 3 0
0.161453 0.411254 0.178055 3 3 0
0.161844 0.411383 0.178379 3 3 0
0.162235 0.411467 0.178705 3 3 0
0.162626 0.411588 0.179036 3 3 0
0.163017 0.411705 0.179369 3 3 0
0.163409 0.411888 0.179698 3 3 0
0.1638 0.411996 0.180038 3 3 0
0.164192 0.412099 0.180382 3 3 0
0.164584 0.412118 0.180735 3 3 0
0.164977 0.412213 0.181086 3 3 0
0.165369 0.412304 0.18144 3 3 0
0.165761 0.4125 0.181778 3 3 0
0.166154 0.41258 0.182138 3 3 0
0.166547 0.412656 0.182502 3 3 0
0.166939 0.412623 0.182887 3 3 0
0.167332 0.412691 0.183258 3 3 0
0.167725 0.412754 0.183634 3 3 0
0.168118 0.412863 0.183998 3 3 0
0.168511 0.412915 0.184381 3 3 0
0.168904 0.412963 0.184767 3 3 0
0.169297 0.412906 0.18517 3 3 0
0.16969 0.412945 0.185565 3 3 0
0.170083 0.412979 0.185963 3 3 0
0.170475 0.413012 0.186354 3 3 0
0.170868 0.413035 0.18676 3 3 0
0.171261 0.413053 0.18717 3 3 0
0.171654 0.413088 0.18759 3 3 0
0.172047 0.413094 0.188008 3 3 0
0.172439 0.413094 0.188431 3 3 0
0.172832 0.41311 0.188852 3 3 0
0.173224 0.4131 0.189283 3 3 0
0.173617 0.413084 0.189719 3 3 0
0.174009 0.413081 0.190159 3 3 0
0.174401 0.413053 0.190604 3 3 0
0.174792 0.41302 0.191053 3 3 0
0.175184 0.413002 0.191503 3 3 0
0.175575 0.412957 0.191961 3 3 0
0.175967 0.412906 0.192425 3 3 0
0.176358 0.412868 0.192889 3 3 0
0.176748 0.412805 0.193362 3 3 0
0.177139 0.412736 0.19384 3 3 0
0.177529 0.412691 0.194313 3 3 0
0.177919 0.412609 0.194801 3 3 0
0.178309 0.412521 0.195293 3 3 0
0.178698 0.412413 0.195798 3 3 0
0.179087 0.412312 0.196301 3 3 0
0.179475 0.412204 0.19681 3 3 0
0.179864 0.412083 0.197333 3 3 0
0.180252 0.411961 0.197853 3 3 0
0.180639 0.411833 0.198378 3 3 0
0.181026 0.41168 0.198918 3 3 0
0.181413 0.411537 0.19945 3 3 0
0.181799 0.411387 0.199988 3 3 0
0.182185 0.411233 0.200529 3 3 0
0.18257 0.411068 0.20108 3 3 0
0.182955 0.410896 0.201636 3 3 0
0.183339 0.410699 0.202191 3 3 0
0.183723 0.410511 0.20276 3 3 0
0.184106 0.410315 0.203336 3 3 0
0.184489 0.410112 0.203915 3 3 0
0.184871 0.4099 0.204504 3 3 0
0.185252 0.40968 0.2051 3 3 0
0.185633 0.409453 0.205699 3 3 0
0.186013 0.409216 0.20631 3 3 0
0.186393 0.40897 0.206927 3 3 0
0.186772 0.40872 0.207548 3 3 0
0.18715 0.408457 0.20818 3 3 0
0.187527 0.408184 0.20882 3 3 0
0.187904 0.407916 0.209465 3 3 0
0.18828 0.407625 0.210121 3 3 0
0.188656 0.407324 0.210785 3 3 0
0.18903 0.407007 0.211446 3 3 0
0.189404 0.406686 0.212126 3 3 0
0.189777 0.406356 0.212816 3 3 0
0.190149 0.405994 0.2135 3 3 0
0.19052 0.405643 0.214207 3 3 0
0.190891 0.405281 0.214923 3 3 0
0.19126 0.404893 0.215635 3 3 0
0.191629 0.40451 0.21637 3 3 0
0.191996 0.404116 0.217115 3 3 0
0.192363 0.4037 0.217856 3 3 0
0.192729 0.403283 0.218621 3 3 0
0.193094 0.402854 0.219396 3 3 0
0.193457 0.40242 0.220168 3 3 0
0.19382 0.401966 0.220965 3 3 0
0.194182 0.401499 0.221773 3 3 0
0.194543 0.400974 0.222597 3 3 0
0.194902 0.400482 0.223429 3 3 0
0.195261 0.399976 0.224272 3 3 0
0.195618 0.399442 0.225128 3 3 0
0.195974 0.398908 0.225996 3 3 0
0.196329 0.39836 0.226878 3 3 0
0.196683 0.397801 0.227768 3 3 0
0.197035 0.397222 0.228677 3 3 0
0.197387 0.396627 0.229599 3 3 0
0.197737 0.396042 0.230564 3 3 0
0.198086 0.395413 0.231516 3 3 0
0.198433 0.394766 0.232484 3 3 0
0.198779 0.394128 0.233441 3 3 0
0.199124 0.393445 0.234442 3 3 0
0.199468 0.392742 0.23546 3 3 0
0.19981 0.391949 0.236542 3 3 0
0.20015 0.391209 0.237597 3 3 0
0.20049 0.390447 0.238671 3 3 0
0.200828 0.389729 0.239799 3 3 0
0.201164 0.388919 0.240914 3 3 0
0.201499 0.388086 0.242051 3 3 0
0.201832 0.38724 0.243243 3 3 0
0.202164 0.386358 0.244426 3 3 0
0.202494 0.385449 0.245634 3 3 0
0.202822 0.384481 0.246838 3 3 0
0.203149 0.383519 0.248095 3 3 0
0.203475 0.382526 0.249381 3 3 0
0.203798 0.381479 0.250665 3 3 0
0.20412 0.380422 0.252013 3 3 0
0.20444 0.379329 0.253395 3 3 0
0.204759 0.378215 0.254799 3 3 0
0.205075 0.377044 0.256254 3 3 0
0.20539 0.37583 0.25775 3 3 0
0.205703 0.374526 0.259293 3 3 0
0.206014 0.373216 0.260879 3 3 0
0.206323 0.371854 0.262514 3 3 0
0.20663 0.37049 0.264191 3 3 0
0.206935 0.36901 0.265941 3 3 0
0.207238 0.367463 0.267757 3 3 0
0.207539 0.3658 0.269661 3 3 0
0.207838 0.364103 0.271626 3 3 0
0.208135 0.362317 0.273681 3 3 0
0.208429 0.360446 0.275822 3 3 0
0.208721 0.358433 0.278096 3 3 0
0.20901 0.356284 0.280503 3 3 0
0.209296 0.353989 0.283095 3 3 0
0.20958 0.351486 0.285852 3 3 0
0.20986 0.348743 0.288846 3 3 0
0.210136 0.345702 0.292147 3 3 0
0.210408 0.342233 0.29585 3 3 0
0.210673 0.338153 0.300158 3 3 0
0.210927 0.333063 0.305461 3 3 0
0.211145 0.325458 0.313265 3 3 0
0.211289 0.32107 0.317787 3 3 0
0.211127 0.326283 0.312421 3 3 0
0.211173 0.323939 0.314804 3 3 0
0.211322 0.319831 0.319057 3 3 0
0.211471 0.321927 0.317146 3 3 0
0.211471 0.321927 0.317146 3 3 0
