0.6 0.634836 0.634836 2 1 0
0.598661 0.634579 0.634579 1 1 0
0.597325 0.634321 0.634321 1 1 0
0.595992 0.634062 0.634062 1 1 0
0.594661 0.633804 0.633804 1 1 0
0.593333 0.633544 0.633544 1 1 0
0.592008 0.633284 0.633284 1 1 0
0.590685 0.633024 0.633024 1 1 0
0.589365 0.632763 0.632763 1 1 0
0.588048 0.632502 0.632502 1 1 0
0.586733 0.63224 0.63224 1 1 0
0.585421 0.631978 0.631978 1 1 0
0.584112 0.631715 0.631715 1 1 0
0.582805 0.631452 0.631452 1 1 0
0.581501 0.631188 0.631188 1 1 0
0.5802 0.630924 0.630924 1 1 0
0.578901 0.630659 0.630659 1 1 0
0.577604 0.630394 0.630394 1 1 0
0.576311 0.630128 0.630128 1 1 0
0.575019 0.629862 0.629862 1 1 0
0.573731 0.629596 0.629596 1 1 0
0.572445 0.629329 0.629329 1 1 0
0.571161 0.629061 0.629061 1 1 0
0.56988 0.628793 0.628793 1 1 0
0.568602 0.628524 0.628524 1 1 0
0.567326 0.628255 0.628255 1 1 0
0.566052 0.627986 0.627986 1 1 0
0.564781 0.627716 0.627716 1 1 0
0.563513 0.627445 0.627445 1 1 0
0.562247 0.627174 0.627174 1 1 0
0.560984 0.626903 0.626903 1 1 0
0.559723 0.626631 0.626631 1 1 0
0.558464 0.626359 0.626359 1 1 0
0.557208 0.626086 0.626086 1 1 0
0.555954 0.625813 0.625813 1 1 0
0.554703 0.625539 0.625539 1 1 0
0.553454 0.625264 0.625264 1 1 0
0.552208 0.62499 0.62499 1 1 0
0.550964 0.624714 0.624714 1 1 0
0.549722 0.624439 0.624439 1 1 0
0.548483 0.624163 0.624163 1 1 0
0.547247 0.623886 0.623886 1 1 0
0.546012 0.623609 0.623609 1 1 0
0.54478 0.623331 0.623331 1 1 0
0.543551 0.623053 0.623053 1 1 0
0.542323 0.622775 0.622775 1 1 0
0.541098 0.622496 0.622496 1 1 0
0.539876 0.622216 0.622216 1 1 0
0.538656 0.621936 0.621936 1 1 0
0.537438 0.621656 0.621656 1 1 0
0.536222 0.621375 0.621375 1 1 0
0.535009 0.621094 0.621094 1 1 0
0.533798 0.620812 0.620812 1 1 0
0.532589 0.62053 0.62053 1 1 0
0.531383 0.620247 0.620247 1 1 0
0.530179 0.619964 0.619964 1 1 0
0.528977 0.61968 0.61968 1 1 0
0.527778 0.619396 0.619396 1 1 0
0.52658 0.619111 0.619111 1 1 0
0.525385 0.618826 0.618826 1 1 0
0.524193 0.618541 0.618541 1 1 0
0.523002 0.618255 0.618255 1 1 0
0.521814 0.617969 0.617969 1 1 0
0.520628 0.617682 0.617682 1 1 0
0.519444 0.617394 0.617394 1 1 0
0.518263 0.617107 0.617107 1 1 0
0.517083 0.616818 0.616818 1 1 0
0.515906 0.61653 0.61653 1 1 0
0.514731 0.61624 0.61624 1 1 0
0.513558 0.615951 0.615951 1 1 0
0.512388 0.615661 0.615661 1 1 0
0.511219 0.61537 0.61537 1 1 0
0.510053 0.615079 0.615079 1 1 0
0.508889 0.614788 0.614788 1 1 0
0.507727 0.614496 0.614496 1 1 0
0.506568 0.614204 0.614204 1 1 0
0.50541 0.613911 0.613911 1 1 0
0.504255 0.613618 0.613618 1 1 0
0.503101 0.613324 0.613324 1 1 0
0.50195 0.61303 0.61303 1 1 0
0.500801 0.612735 0.612735 1 1 0
0.499654 0.61244 0.61244 1 1 0
0.49851 0.612145 0.612145 1 1 0
0.497367 0.611849 0.611849 1 1 0
0.496226 0.611552 0.611552 1 1 0
0.495088 0.611256 0.611256 1 1 0
0.493951 0.610958 0.610958 1 1 0
0.492817 0.610661 0.610661 1 1 0
0.491685 0.610363 0.610363 1 1 0
0.490555 0.610064 0.610064 1 1 0
0.489427 0.609765 0.609765 1 1 0
0.488301 0.609465 0.609465 1 1 0
0.487177 0.609166 0.609166 1 1 0
0.486055 0.608865 0.608865 1 1 0
0.484935 0.608564 0.608564 1 1 0
0.483817 0.608263 0.608263 1 1 0
0.482701 0.607962 0.607962 1 1 0
0.481587 0.60766 0.60766 1 1 0
0.480476 0.607357 0.607357 1 1 0
0.479366 0.607054 0.607054 1 1 0
0.478258 0.606751 0.606751 1 1 0
0.477152 0.606447 0.606447 1 1 0
0.476049 0.606143 0.606143 1 1 0
0.474947 0.605838 0.605838 1 1 0
0.473847 0.605533 0.605533 1 1 0
0.47275 0.605227 0.605227 1 1 0
0.471654 0.604921 0.604921 1 1 0
0.47056 0.604615 0.604615 1 1 0
0.469468 0.604308 0.604308 1 1 0
0.468378 0.604001 0.604001 1 1 0
0.46729 0.603693 0.603693 1 1 0
0.466205 0.603385 0.603385 1 1 0
0.465121 0.603077 0.603077 1 1 0
0.464039 0.602768 0.602768 1 1 0
0.462958 0.602458 0.602458 1 1 0
0.46188 0.602149 0.602149 1 1 0
0.460804 0.601838 0.601838 1 1 0
0.45973 0.601528 0.601528 1 1 0
0.458657 0.601217 0.601217 1 1 0
0.457587 0.600905 0.600905 1 1 0
0.456518 0.600593 0.600593 1 1 0
0.455452 0.600281 0.600281 1 1 0
0.454387 0.599968 0.599968 1 1 0
0.453324 0.599655 0.599655 1 1 0
0.452263 0.599342 0.599342 1 1 0
0.451204 0.599028 0.599028 1 1 0
0.450147 0.598713 0.598713 1 1 0
0.449091 0.598399 0.598399 1 1 0
0.448038 0.598083 0.598083 1 1 0
0.446986 0.597768 0.597768 1 1 0
0.445937 0.597452 0.597452 1 1 0
0.444889 0.597135 0.597135 1 1 0
0.443843 0.596819 0.596819 1 1 0
0.442799 0.596501 0.596501 1 1 0
0.441757 0.596184 0.596184 1 1 0
0.440716 0.595866 0.595866 1 1 0
0.439678 0.595547 0.595547 1 1 0
0.438641 0.595228 0.595228 1 1 0
0.437606 0.594909 0.594909 1 1 0
0.436573 0.59459 0.59459 1 1 0
0.435541 0.594269 0.594269 1 1 0
0.434512 0.593949 0.593949 1 1 0
0.433484 0.593628 0.593628 1 1 0
0.432459 0.593307 0.593307 1 1 0
0.431434 0.592985 0.592985 1 1 0
0.430412 0.592663 0.592663 1 1 0
0.429392 0.592341 0.592341 1 1 0
0.428373 0.592018 0.592018 1 1 0
0.427356 0.591695 0.591695 1 1 0
0.426341 0.591371 0.591371 1 1 0
0.425328 0.591047 0.591047 1 1 0
0.424316 0.590723 0.590723 1 1 0
0.423307 0.590398 0.590398 1 1 0
0.422299 0.590073 0.590073 1 1 0
0.421293 0.589748 0.589748 1 1 0
0.420288 0.589422 0.589422 1 1 0
0.419285 0.589095 0.589095 1 1 0
0.418285 0.588769 0.588769 1 1 0
0.417285 0.588442 0.588442 1 1 0
0.416288 0.588114 0.588114 1 1 0
0.415292 0.587786 0.587786 1 1 0
0.414298 0.587458 0.587458 1 1 0
0.413306 0.58713 0.58713 1 1 0
0.412316 0.586801 0.586801 1 1 0
0.411327 0.586471 0.586471 1 1 0
0.41034 0.586142 0.586142 1 1 0
0.409355 0.585811 0.585811 1 1 0
0.408371 0.585481 0.585481 1 1 0
0.407389 0.58515 0.58515 1 1 0
0.406409 0.584819 0.584819 1 1 0
0.405431 0.584487 0.584487 1 1 0
0.404454 0.584155 0.584155 1 1 0
0.403479 0.583823 0.583823 1 1 0
0.402506 0.58349 0.58349 1 1 0
0.401534 0.583157 0.583157 1 1 0
0.400564 0.582824 0.582824 1 1 0
0.399596 0.58249 0.58249 1 1 0
0.398629 0.582156 0.582156 1 1 0
0.397664 0.581822 0.581822 1 1 0
0.396701 0.581487 0.581487 1 1 0
0.395739 0.581152 0.581152 1 1 0
0.394779 0.580816 0.580816 1 1 0
0.393821 0.58048 0.58048 1 1 0
0.392865 0.580144 0.580144 1 1 0
0.39191 0.579807 0.579807 1 1 0
0.390957 0.57947 0.57947 1 1 0
0.390005 0.579133 0.579133 1 1 0
0.389055 0.578795 0.578795 1 1 0
0.388107 0.578457 0.578457 1 1 0
0.38716 0.578119 0.578119 1 1 0
0.386215 0.57778 0.57778 1 1 0
0.385272 0.577441 0.577441 1 1 0
0.38433 0.577101 0.577101 1 1 0
0.38339 0.576761 0.576761 1 1 0
0.382451 0.576421 0.576421 1 1 0
0.381515 0.576081 0.576081 1 1 0
0.380579 0.57574 0.57574 1 1 0
0.379646 0.575399 0.575399 1 1 0
0.378714 0.575057 0.575057 1 1 0
0.377783 0.574715 0.574715 1 1 0
0.376855 0.574373 0.574373 1 1 0
0.375928 0.574031 0.574031 1 1 0
0.375002 0.573688 0.573688 1 1 0
0.374078 0.573345 0.573345 1 1 0
0.373156 0.573001 0.573001 1 1 0
0.372235 0.572657 0.572657 1 1 0
0.371316 0.572313 0.572313 1 1 0
0.370398 0.571968 0.571968 1 1 0
0.369482 0.571624 0.571624 1 1 0
0.368568 0.571278 0.571278 1 1 0
0.367655 0.570933 0.570933 1 1 0
0.366744 0.570587 0.570587 1 1 0
0.365834 0.570241 0.570241 1 1 0
0.364926 0.569894 0.569894 1 1 0
0.36402 0.569548 0.569548 1 1 0
0.363115 0.5692 0.5692 1 1 0
0.362211 0.568853 0.568853 1 1 0
0.36131 0.568505 0.568505 1 1 0
0.360409 0.568157 0.568157 1 1 0
0.359511 0.567809 0.567809 1 1 0
0.358613 0.56746 0.56746 1 1 0
0.357718 0.567111 0.567111 1 1 0
0.356824 0.566761 0.566761 1 1 0
0.355931 0.566412 0.566412 1 1 0
0.35504 0.566062 0.566062 1 1 0
0.354151 0.565712 0.565712 1 1 0
0.353263 0.565361 0.565361 1 1 0
0.352377 0.56501 0.56501 1 1 0
0.351492 0.564659 0.564659 1 1 0
0.350609 0.564307 0.564307 1 1 0
0.349727 0.563955 0.563955 1 1 0
0.348847 0.563603 0.563603 1 1 0
0.347968 0.563251 0.563251 1 1 0
0.347091 0.562898 0.562898 1 1 0
0.346215 0.562545 0.562545 1 1 0
0.345341 0.562192 0.562192 1 1 0
0.344469 0.561838 0.561838 1 1 0
0.343597 0.561484 0.561484 1 1 0
0.342728 0.56113 0.56113 1 1 0
0.34186 0.560775 0.560775 1 1 0
0.340993 0.560421 0.560421 1 1 0
0.340128 0.560066 0.560066 1 1 0
0.339265 0.55971 0.55971 1 1 0
0.338402 0.559354 0.559354 1 1 0
0.337542 0.558998 0.558998 1 1 0
0.336683 0.558642 0.558642 1 1 0
0.335825 0.558286 0.558286 1 1 0
0.334969 0.557929 0.557929 1 1 0
0.334114 0.557572 0.557572 1 1 0
0.333261 0.557214 0.557214 1 1 0
0.33241 0.556857 0.556857 1 1 0
0.331559 0.556499 0.556499 1 1 0
0.330711 0.556141 0.556141 1 1 0
0.329864 0.555782 0.555782 1 1 0
0.329018 0.555423 0.555423 1 1 0
0.328173 0.555064 0.555064 1 1 0
0.327331 0.554705 0.554705 1 1 0
0.326489 0.554345 0.554345 1 1 0
0.325649 0.553985 0.553985 1 1 0
0.324811 0.553625 0.553625 1 1 0
0.323974 0.553265 0.553265 1 1 0
0.323139 0.552904 0.552904 1 1 0
0.322304 0.552543 0.552543 1 1 0
0.321472 0.552182 0.552182 1 1 0
0.320641 0.55182 0.55182 1 1 0
0.319811 0.551459 0.551459 1 1 0
0.318983 0.551097 0.551097 1 1 0
0.318156 0.550734 0.550734 1 1 0
0.317331 0.550372 0.550372 1 1 0
0.316507 0.550009 0.550009 1 1 0
0.315684 0.549646 0.549646 1 1 0
0.314863 0.549283 0.549283 1 1 0
0.314043 0.548919 0.548919 1 1 0
0.313225 0.548556 0.548556 1 1 0
0.312408 0.548192 0.548192 1 1 0
0.311593 0.547827 0.547827 1 1 0
0.310779 0.547463 0.547463 1 1 0
0.309967 0.547098 0.547098 1 1 0
0.309156 0.546733 0.546733 1 1 0
0.308346 0.546368 0.546368 1 1 0
0.307538 0.546002 0.546002 1 1 0
0.306731 0.545636 0.545636 1 1 0
0.305925 0.54527 0.54527 1 1 0
0.305121 0.544904 0.544904 1 1 0
0.304319 0.544538 0.544538 1 1 0
0.303518 0.544171 0.544171 1 1 0
0.302718 0.543804 0.543804 1 1 0
0.30192 0.543437 0.543437 1 1 0
0.301123 0.543069 0.543069 1 1 0
0.300327 0.542702 0.542702 1 1 0
0.299533 0.542334 0.542334 1 1 0
0.29874 0.541966 0.541966 1 1 0
0.297949 0.541597 0.541597 1 1 0
0.297159 0.541229 0.541229 1 1 0
0.29637 0.54086 0.54086 1 1 0
0.295583 0.540491 0.540491 1 1 0
0.294797 0.540122 0.540122 1 1 0
0.294013 0.539752 0.539752 1 1 0
0.29323 0.539382 0.539382 1 1 0
0.292448 0.539012 0.539012 1 1 0
0.291668 0.538642 0.538642 1 1 0
0.290889 0.538272 0.538272 1 1 0
0.290111 0.537901 0.537901 1 1 0
0.289335 0.537531 0.537531 1 1 0
0.28856 0.53716 0.53716 1 1 0
0.287787 0.536788 0.536788 1 1 0
0.287015 0.536417 0.536417 1 1 0
0.286244 0.536045 0.536045 1 1 0
0.285475 0.535673 0.535673 1 1 0
0.284707 0.535301 0.535301 1 1 0
0.28394 0.534929 0.534929 1 1 0
0.283175 0.534557 0.534557 1 1 0
0.282411 0.534184 0.534184 1 1 0
0.281648 0.533811 0.533811 1 1 0
0.280887 0.533438 0.533438 1 1 0
0.280127 0.533065 0.533065 1 1 0
0.279369 0.532691 0.532691 1 1 0
0.278612 0.532318 0.532318 1 1 0
0.277856 0.531944 0.531944 1 1 0
0.277102 0.53157 0.53157 1 1 0
0.276348 0.531196 0.531196 1 1 0
0.275597 0.530821 0.530821 1 1 0
0.274846 0.530447 0.530447 1 1 0
0.274097 0.530072 0.530072 1 1 0
0.273349 0.529697 0.529697 1 1 0
0.272603 0.529322 0.529322 1 1 0
0.271858 0.528946 0.528946 1 1 0
0.271114 0.528571 0.528571 1 1 0
0.270372 0.528195 0.528195 1 1 0
0.269631 0.527819 0.527819 1 1 0
0.268891 0.527443 0.527443 1 1 0
0.268153 0.527067 0.527067 1 1 0
0.267415 0.52669 0.52669 1 1 0
0.26668 0.526313 0.526313 1 1 0
0.265945 0.525937 0.525937 1 1 0
0.265212 0.52556 0.52556 1 1 0
0.26448 0.525183 0.525183 1 1 0
0.26375 0.524805 0.524805 1 1 0
0.26302 0.524428 0.524428 1 1 0
0.262293 0.52405 0.52405 1 1 0
0.261566 0.523672 0.523672 1 1 0
0.260841 0.523294 0.523294 1 1 0
0.260117 0.522916 0.522916 1 1 0
0.259394 0.522538 0.522538 1 1 0
0.258673 0.522159 0.522159 1 1 0
0.257953 0.521781 0.521781 1 1 0
0.257234 0.521402 0.521402 1 1 0
0.256516 0.521023 0.521023 1 1 0
0.2558 0.520644 0.520644 1 1 0
0.255085 0.520264 0.520264 1 1 0
0.254372 0.519885 0.519885 1 1 0
0.253659 0.519505 0.519505 1 1 0
0.252948 0.519126 0.519126 1 1 0
0.252239 0.518746 0.518746 1 1 0
0.25153 0.518366 0.518366 1 1 0
0.250823 0.517986 0.517986 1 1 0
0.250117 0.517605 0.517605 1 1 0
0.249413 0.517225 0.517225 1 1 0
0.248709 0.516844 0.516844 1 1 0
0.248007 0.516463 0.516463 1 1 0
0.247307 0.516082 0.516082 1 1 0
0.246607 0.515701 0.515701 1 1 0
0.245909 0.51532 0.51532 1 1 0
0.245212 0.514939 0.514939 1 1 0
0.244516 0.514557 0.514557 1 1 0
0.243822 0.514176 0.514176 1 1 0
0.243129 0.513794 0.513794 1 1 0
0.242437 0.513412 0.513412 1 1 0
0.241747 0.51303 0.51303 1 1 0
0.241057 0.512648 0.512648 1 1 0
0.240369 0.512266 0.512266 1 1 0
0.239682 0.511884 0.511884 1 1 0
0.238997 0.511501 0.511501 1 1 0
0.238313 0.511118 0.511118 1 1 0
0.23763 0.510736 0.510736 1 1 0
0.236948 0.510353 0.510353 1 1 0
0.236267 0.50997 0.50997 1 1 0
0.235588 0.509587 0.509587 1 1 0
0.23491 0.509203 0.509203 1 1 0
0.234233 0.50882 0.50882 1 1 0
0.233558 0.508437 0.508437 1 1 0
0.232883 0.508053 0.508053 1 1 0
0.23221 0.507669 0.507669 1 1 0
0.231539 0.507286 0.507286 1 1 0
0.230868 0.506902 0.506902 1 1 0
0.230199 0.506518 0.506518 1 1 0
0.229531 0.506134 0.506134 1 1 0
0.228864 0.505749 0.505749 1 1 0
0.228198 0.505365 0.505365 1 1 0
0.227534 0.50498 0.50498 1 1 0
0.226871 0.504596 0.504596 1 1 0
0.226209 0.504211 0.504211 1 1 0
0.225548 0.503827 0.503827 1 1 0
0.224889 0.503442 0.503442 1 1 0
0.22423 0.503057 0.503057 1 1 0
0.223573 0.502672 0.502672 1 1 0
0.222918 0.502287 0.502287 1 1 0
0.222263 0.501901 0.501901 1 1 0
0.22161 0.501516 0.501516 1 1 0
0.220958 0.501131 0.501131 1 1 0
0.220307 0.500745 0.500745 1 1 0
0.219657 0.500359 0.500359 1 1 0
0.219008 0.499974 0.499974 1 1 0
0.218361 0.499588 0.499588 1 1 0
0.217715 0.499202 0.499202 1 1 0
0.21707 0.498816 0.498816 1 1 0
0.216427 0.49843 0.49843 1 1 0
0.215784 0.498044 0.498044 1 1 0
0.215143 0.497658 0.497658 1 1 0
0.214503 0.497272 0.497272 1 1 0
0.213864 0.496885 0.496885 1 1 0
0.213226 0.496499 0.496499 1 1 0
0.21259 0.496112 0.496112 1 1 0
0.211955 0.495726 0.495726 1 1 0
0.211321 0.495339 0.495339 1 1 0
0.210688 0.494952 0.494952 1 1 0
0.210056 0.494566 0.494566 1 1 0
0.209426 0.494179 0.494179 1 1 0
0.208796 0.493792 0.493792 1 1 0
0.208168 0.493405 0.493405 1 1 0
0.207541 0.493018 0.493018 1 1 0
0.206916 0.492631 0.492631 1 1 0
0.206291 0.492244 0.492244 1 1 0
0.205668 0.491856 0.491856 1 1 0
0.205046 0.491469 0.491469 1 1 0
0.204425 0.491082 0.491082 1 1 0
0.203805 0.490694 0.490694 1 1 0
0.203186 0.490307 0.490307 1 1 0
0.202569 0.489919 0.489919 1 1 0
0.201952 0.489532 0.489532 1 1 0
0.201337 0.489144 0.489144 1 1 0
0.200723 0.488756 0.488756 1 1 0
0.20011 0.488369 0.488369 1 1 0
0.199499 0.487981 0.487981 1 1 0
0.198888 0.487593 0.487593 1 1 0
0.198279 0.487205 0.487205 1 1 0
0.197671 0.486817 0.486817 1 1 0
0.197064 0.486429 0.486429 1 1 0
0.196458 0.486041 0.486041 1 1 0
0.195854 0.485653 0.485653 1 1 0
0.19525 0.485265 0.485265 1 1 0
0.194648 0.484877 0.484877 1 1 0
0.194047 0.484489 0.484489 1 1 0
0.193447 0.4841 0.4841 1 1 0
0.192848 0.483712 0.483712 1 1 0
0.19225 0.483324 0.483324 1 1 0
0.191653 0.482936 0.482936 1 1 0
0.191058 0.482547 0.482547 1 1 0
0.190464 0.482159 0.482159 1 1 0
0.18987 0.48177 0.48177 1 1 0
0.189278 0.481382 0.481382 1 1 0
0.188688 0.480994 0.480994 1 1 0
0.188098 0.480605 0.480605 1 1 0
0.187509 0.480217 0.480217 1 1 0
0.186922 0.479828 0.479828 1 1 0
0.186336 0.479439 0.479439 1 1 0
0.18575 0.479051 0.479051 1 1 0
0.185166 0.478662 0.478662 1 1 0
0.184583 0.478274 0.478274 1 1 0
0.184002 0.477885 0.477885 1 1 0
0.183421 0.477496 0.477496 1 1 0
0.182841 0.477108 0.477108 1 1 0
0.182263 0.476719 0.476719 1 1 0
0.181686 0.47633 0.47633 1 1 0
0.18111 0.475942 0.475942 1 1 0
0.180534 0.475553 0.475553 1 1 0
0.179961 0.475164 0.475164 1 1 0
0.179388 0.474775 0.474775 1 1 0
0.178816 0.474387 0.474387 1 1 0
0.178245 0.473998 0.473998 1 1 0
0.177676 0.473609 0.473609 1 1 0
0.177108 0.47322 0.47322 1 1 0
0.17654 0.472832 0.472832 1 1 0
0.175974 0.472443 0.472443 1 1 0
0.175409 0.472054 0.472054 1 1 0
0.174845 0.471665 0.471665 1 1 0
0.174282 0.471277 0.471277 1 1 0
0.173721 0.470888 0.470888 1 1 0
0.17316 0.470499 0.470499 1 1 0
0.172601 0.47011 0.47011 1 1 0
0.172042 0.469722 0.469722 1 1 0
0.171485 0.469333 0.469333 1 1 0
0.170929 0.468944 0.468944 1 1 0
0.170373 0.468556 0.468556 1 1 0
0.169819 0.468167 0.468167 1 1 0
0.169267 0.467778 0.467778 1 1 0
0.168715 0.467389 0.467389 1 1 0
0.168164 0.467001 0.467001 1 1 0
0.167614 0.466612 0.466612 1 1 0
0.167066 0.466224 0.466224 1 1 0
0.166518 0.465835 0.465835 1 1 0
0.165972 0.465446 0.465446 1 1 0
0.165426 0.465058 0.465058 1 1 0
0.164882 0.464669 0.464669 1 1 0
0.164339 0.464281 0.464281 1 1 0
0.163797 0.463892 0.463892 1 1 0
0.163256 0.463504 0.463504 1 1 0
0.162716 0.463115 0.463115 1 1 0
0.162177 0.462727 0.462727 1 1 0
0.161639 0.462339 0.462339 1 1 0
0.161102 0.46195 0.46195 1 1 0
0.160566 0.461562 0.461562 1 1 0
0.160032 0.461174 0.461174 1 1 0
0.159498 0.460785 0.460785 1 1 0
0.158966 0.460397 0.460397 1 1 0
0.158434 0.460009 0.460009 1 1 0
0.157904 0.459621 0.459621 1 1 0
0.157375 0.459233 0.459233 1 1 0
0.156846 0.458845 0.458845 1 1 0
0.156319 0.458456 0.458456 1 1 0
0.155793 0.458068 0.458068 1 1 0
0.155268 0.457681 0.457681 1 1 0
0.154744 0.457293 0.457293 1 1 0
0.154221 0.456905 0.456905 1 1 0
0.153699 0.456517 0.456517 1 1 0
0.153178 0.456129 0.456129 1 1 0
0.152658 0.455741 0.455741 1 1 0
0.152139 0.455354 0.455354 1 1 0
0.151621 0.454966 0.454966 1 1 0
0.151105 0.454578 0.454578 1 1 0
0.150589 0.454191 0.454191 1 1 0
0.150074 0.453803 0.453803 1 1 0
0.149561 0.453416 0.453416 1 1 0
0.149048 0.453029 0.453029 1 1 0
0.148536 0.452641 0.452641 1 1 0
0.148026 0.452254 0.452254 1 1 0
0.147516 0.451867 0.451867 1 1 0
0.147008 0.45148 0.45148 1 1 0
0.1465 0.451093 0.451093 1 1 0
0.145994 0.450706 0.450706 1 1 0
0.145489 0.450319 0.450319 1 1 0
0.144984 0.449932 0.449932 1 1 0
0.144481 0.449545 0.449545 1 1 0
0.143979 0.449158 0.449158 1 1 0
0.143477 0.448771 0.448771 1 1 0
0.142977 0.448385 0.448385 1 1 0
0.142478 0.447998 0.447998 1 1 0
0.141979 0.447612 0.447612 1 1 0
0.141482 0.447225 0.447225 1 1 0
0.140986 0.446839 0.446839 1 1 0
0.140491 0.446453 0.446453 1 1 0
0.139996 0.446066 0.446066 1 1 0
0.139503 0.44568 0.44568 1 1 0
0.139011 0.445294 0.445294 1 1 0
0.13852 0.444908 0.444908 1 1 0
0.13803 0.444522 0.444522 1 1 0
0.13754 0.444136 0.444136 1 1 0
0.137052 0.443751 0.443751 1 1 0
0.136565 0.443365 0.443365 1 1 0
0.136079 0.442979 0.442979 1 1 0
0.135593 0.442594 0.442594 1 1 0
0.135109 0.442209 0.442209 1 1 0
0.134626 0.441823 0.441823 1 1 0
0.134144 0.441438 0.441438 1 1 0
0.133662 0.441053 0.441053 1 1 0
0.133182 0.440668 0.440668 1 1 0
0.132703 0.440283 0.440283 1 1 0
0.132225 0.439898 0.439898 1 1 0
0.131747 0.439513 0.439513 1 1 0
0.131271 0.439128 0.439128 1 1 0
0.130796 0.438744 0.438744 1 1 0
0.130321 0.438359 0.438359 1 1 0
0.129848 0.437975 0.437975 1 1 0
0.129375 0.43759 0.43759 1 1 0
0.128904 0.437206 0.437206 1 1 0
0.128433 0.436822 0.436822 1 1 0
0.127964 0.436438 0.436438 1 1 0
0.127495 0.436054 0.436054 1 1 0
0.127028 0.43567 0.43567 1 1 0
0.126561 0.435286 0.435286 1 1 0
0.126095 0.434903 0.434903 1 1 0
0.125631 0.434519 0.434519 1 1 0
0.125167 0.434136 0.434136 1 1 0
0.124704 0.433752 0.433752 1 1 0
0.124242 0.433369 0.433369 1 1 0
0.123782 0.432986 0.432986 1 1 0
0.123322 0.432603 0.432603 1 1 0
0.122863 0.43222 0.43222 1 1 0
0.122405 0.431837 0.431837 1 1 0
0.121948 0.431454 0.431454 1 1 0
0.121492 0.431072 0.431072 1 1 0
0.121036 0.430689 0.430689 1 1 0
0.120582 0.430307 0.430307 1 1 0
0.120129 0.429925 0.429925 1 1 0
0.119677 0.429543 0.429543 1 1 0
0.119225 0.429161 0.429161 1 1 0
0.118775 0.428779 0.428779 1 1 0
0.118325 0.428397 0.428397 1 1 0
0.117877 0.428015 0.428015 1 1 0
0.117429 0.427634 0.427634 1 1 0
0.116983 0.427252 0.427252 1 1 0
0.116537 0.426871 0.426871 1 1 0
0.116092 0.42649 0.42649 1 1 0
0.115648 0.426109 0.426109 1 1 0
0.115205 0.425728 0.425728 1 1 0
0.114763 0.425347 0.425347 1 1 0
0.114322 0.424966 0.424966 1 1 0
0.113882 0.424586 0.424586 1 1 0
0.113443 0.424205 0.424205 1 1 0
0.113004 0.423825 0.423825 1 1 0
0.112567 0.423445 0.423445 1 1 0
0.11213 0.423065 0.423065 1 1 0
0.111695 0.422685 0.422685 1 1 0
0.11126 0.422305 0.422305 1 1 0
0.110826 0.421925 0.421925 1 1 0
0.110393 0.421546 0.421546 1 1 0
0.109962 0.421166 0.421166 1 1 0
0.109531 0.420787 0.420787 1 1 0
0.1091 0.420408 0.420408 1 1 0
0.108671 0.420029 0.420029 1 1 0
0.108243 0.41965 0.41965 1 1 0
0.107815 0.419272 0.419272 1 1 0
0.107389 0.418893 0.418893 1 1 0
0.106963 0.418515 0.418515 1 1 0
0.106539 0.418136 0.418136 1 1 0
0.106115 0.417758 0.417758 1 1 0
0.105692 0.41738 0.41738 1 1 0
0.10527 0.417002 0.417002 1 1 0
0.104849 0.416625 0.416625 1 1 0
0.104429 0.416247 0.416247 1 1 0
0.104009 0.41587 0.41587 1 1 0
0.103591 0.415492 0.415492 1 1 0
0.103173 0.415115 0.415115 1 1 0
0.102757 0.414738 0.414738 1 1 0
0.102341 0.414361 0.414361 1 1 0
0.101926 0.413985 0.413985 1 1 0
0.101512 0.413608 0.413608 1 1 0
0.101099 0.413232 0.413232 1 1 0
0.100686 0.412856 0.412856 1 1 0
0.100275 0.41248 0.41248 1 1 0
0.0998645 0.412104 0.412104 1 1 0
0.0994548 0.411728 0.411728 1 1 0
0.099046 0.411352 0.411352 1 1 0
0.0986381 0.410977 0.410977 1 1 0
0.0982311 0.410602 0.410602 1 1 0
0.0978249 0.410226 0.410226 1 1 0
0.0974196 0.409851 0.409851 1 1 0
0.0970152 0.409477 0.409477 1 1 0
0.0966116 0.409102 0.409102 1 1 0
0.0962089 0.408728 0.408728 1 1 0
0.095807 0.408353 0.408353 1 1 0
0.095406 0.407979 0.407979 1 1 0
0.0950059 0.407605 0.407605 1 1 0
0.0946066 0.407231 0.407231 1 1 0
0.0942082 0.406858 0.406858 1 1 0
0.0938106 0.406484 0.406484 1 1 0
0.0934138 0.406111 0.406111 1 1 0
0.093018 0.405737 0.405737 1 1 0
0.0926229 0.405364 0.405364 1 1 0
0.0922288 0.404992 0.404992 1 1 0
0.0918354 0.404619 0.404619 1 1 0
0.0914429 0.404246 0.404246 1 1 0
0.0910513 0.403874 0.403874 1 1 0
0.0906605 0.403502 0.403502 1 1 0
0.0902705 0.40313 0.40313 1 1 0
0.0898813 0.402758 0.402758 1 1 0
0.089493 0.402386 0.402386 1 1 0
0.0891056 0.402015 0.402015 1 1 0
0.088719 0.401644 0.401644 1 1 0
0.0883332 0.401273 0.401273 1 1 0
0.0879482 0.400902 0.400902 1 1 0
0.0875641 0.400531 0.400531 1 1 0
0.0871807 0.40016 0.40016 1 1 0
0.0867983 0.39979 0.39979 1 1 0
0.0864166 0.39942 0.39942 1 1 0
0.0860358 0.39905 0.39905 1 1 0
0.0856558 0.39868 0.39868 1 1 0
0.0852766 0.39831 0.39831 1 1 0
0.0848982 0.397941 0.397941 1 1 0
0.0845206 0.397571 0.397571 1 1 0
0.0841439 0.397202 0.397202 1 1 0
0.083768 0.396833 0.396833 1 1 0
0.0833928 0.396464 0.396464 1 1 0
0.0830185 0.396096 0.396096 1 1 0
0.0826451 0.395727 0.395727 1 1 0
0.0822724 0.395359 0.395359 1 1 0
0.0819005 0.394991 0.394991 1 1 0
0.0815294 0.394623 0.394623 1 1 0
0.0811592 0.394256 0.394256 1 1 0
0.0807897 0.393888 0.393888 1 1 0
0.080421 0.393521 0.393521 1 1 0
0.0800532 0.393154 0.393154 1 1 0
0.0796861 0.392787 0.392787 1 1 0
0.0793199 0.39242 0.39242 1 1 0
0.0789544 0.392054 0.392054 1 1 0
0.0785897 0.391687 0.391687 1 1 0
0.0782258 0.391321 0.391321 1 1 0
0.0778627 0.390955 0.390955 1 1 0
0.0775004 0.39059 0.39059 1 1 0
0.0771389 0.390224 0.390224 1 1 0
0.0767782 0.389859 0.389859 1 1 0
0.0764183 0.389494 0.389494 1 1 0
0.0760591 0.389129 0.389129 1 1 0
0.0757007 0.388764 0.388764 1 1 0
0.0753432 0.388399 0.388399 1 1 0
0.0749863 0.388035 0.388035 1 1 0
0.0746303 0.387671 0.387671 1 1 0
0.0742751 0.387307 0.387307 1 1 0
0.0739206 0.386943 0.386943 1 1 0
0.0735669 0.38658 0.38658 1 1 0
0.073214 0.386216 0.386216 1 1 0
0.0728618 0.385853 0.385853 1 1 0
0.0725104 0.38549 0.38549 1 1 0
0.0721598 0.385128 0.385128 1 1 0
0.0718099 0.384765 0.384765 1 1 0
0.0714608 0.384403 0.384403 1 1 0
0.0711125 0.384041 0.384041 1 1 0
0.070765 0.383679 0.383679 1 1 0
0.0704182 0.383317 0.383317 1 1 0
0.0700721 0.382956 0.382956 1 1 0
0.0697269 0.382594 0.382594 1 1 0
0.0693823 0.382233 0.382233 1 1 0
0.0690386 0.381872 0.381872 1 1 0
0.0686956 0.381512 0.381512 1 1 0
0.0683533 0.381151 0.381151 1 1 0
0.0680118 0.380791 0.380791 1 1 0
0.067671 0.380431 0.380431 1 1 0
0.067331 0.380071 0.380071 1 1 0
0.0669918 0.379712 0.379712 1 1 0
0.0666533 0.379352 0.379352 1 1 0
0.0663155 0.378993 0.378993 1 1 0
0.0659785 0.378634 0.378634 1 1 0
0.0656422 0.378275 0.378275 1 1 0
0.0653067 0.377917 0.377917 1 1 0
0.0649718 0.377559 0.377559 1 1 0
0.0646378 0.3772 0.3772 1 1 0
0.0645014 0.377054 0.377054 2 1 0
0.0641683 0.376696 0.376696 2 1 0
0.063836 0.376339 0.376339 2 1 0
0.0635044 0.375981 0.375981 2 1 0
0.0631736 0.375624 0.375624 2 1 0
0.0628435 0.375267 0.375267 2 1 0
0.0625141 0.374911 0.374911 2 1 0
0.0621855 0.374554 0.374554 2 1 0
0.0618576 0.374198 0.374198 2 1 0
0.0615304 0.373842 0.373842 2 1 0
0.0612039 0.373486 0.373486 2 1 0
0.0608782 0.37313 0.37313 2 1 0
0.0605532 0.372775 0.372775 2 1 0
0.0602289 0.37242 0.37242 2 1 0
0.0599053 0.372065 0.372065 2 1 0
0.0595824 0.37171 0.37171 2 1 0
0.0592603 0.371356 0.371356 2 1 0
0.0589388 0.371002 0.371002 2 1 0
0.0586181 0.370648 0.370648 2 1 0
0.0582981 0.370294 0.370294 2 1 0
0.0579788 0.36994 0.36994 2 1 0
0.0576602 0.369587 0.369587 2 1 0
0.0573423 0.369234 0.369234 2 1 0
0.0570251 0.368881 0.368881 2 1 0
0.0567086 0.368528 0.368528 2 1 0
0.0563929 0.368176 0.368176 2 1 0
0.0560778 0.367824 0.367824 2 1 0
0.0557634 0.367472 0.367472 2 1 0
0.0554498 0.36712 0.36712 2 1 0
0.0551368 0.366769 0.366769 2 1 0
0.0548245 0.366417 0.366417 2 1 0
0.0545129 0.366066 0.366066 2 1 0
0.054202 0.365716 0.365716 2 1 0
0.0538918 0.365365 0.365365 2 1 0
0.0535823 0.365015 0.365015 2 1 0
0.0532735 0.364665 0.364665 2 1 0
0.0529654 0.364315 0.364315 2 1 0
0.052658 0.363965 0.363965 2 1 0
0.0523512 0.363616 0.363616 2 1 0
0.0520451 0.363267 0.363267 2 1 0
0.0517398 0.362918 0.362918 2 1 0
0.0514351 0.362569 0.362569 2 1 0
0.051131 0.362221 0.362221 2 1 0
0.0508277 0.361872 0.361872 2 1 0
0.050525 0.361524 0.361524 2 1 0
0.050223 0.361177 0.361177 2 1 0
0.0499217 0.360829 0.360829 2 1 0
0.0496211 0.360482 0.360482 2 1 0
0.0493211 0.360135 0.360135 2 1 0
0.0490218 0.359788 0.359788 2 1 0
0.0487232 0.359442 0.359442 2 1 0
0.0484253 0.359095 0.359095 2 1 0
0.048128 0.358749 0.358749 2 1 0
0.0478314 0.358404 0.358404 2 1 0
0.0475354 0.358058 0.358058 2 1 0
0.0472401 0.357713 0.357713 2 1 0
0.0469455 0.357368 0.357368 2 1 0
0.0466515 0.357023 0.357023 2 1 0
0.0463582 0.356678 0.356678 2 1 0
0.0460656 0.356334 0.356334 2 1 0
0.0457736 0.35599 0.35599 2 1 0
0.0454822 0.355646 0.355646 2 1 0
0.0451916 0.355302 0.355302 2 1 0
0.0449015 0.354959 0.354959 2 1 0
0.0446122 0.354616 0.354616 2 1 0
0.0443234 0.354273 0.354273 2 1 0
0.0440354 0.35393 0.35393 2 1 0
0.043748 0.353588 0.353588 2 1 0
0.0434612 0.353246 0.353246 2 1 0
0.043175 0.352904 0.352904 2 1 0
0.0428896 0.352562 0.352562 2 1 0
0.0426047 0.352221 0.352221 2 1 0
0.0423205 0.35188 0.35188 2 1 0
0.042037 0.351539 0.351539 2 1 0
0.041754 0.351198 0.351198 2 1 0
0.0414718 0.350858 0.350858 2 1 0
0.0411901 0.350518 0.350518 2 1 0
0.0409091 0.350178 0.350178 2 1 0
0.0406287 0.349838 0.349838 2 1 0
0.040349 0.349499 0.349499 2 1 0
0.0400699 0.34916 0.34916 2 1 0
0.0397914 0.348821 0.348821 2 1 0
0.0395136 0.348482 0.348482 2 1 0
0.0392364 0.348144 0.348144 2 1 0
0.0389598 0.347806 0.347806 2 1 0
0.0386838 0.347468 0.347468 2 1 0
0.0384085 0.34713 0.34713 2 1 0
0.0381337 0.346793 0.346793 2 1 0
0.0378597 0.346456 0.346456 2 1 0
0.0375862 0.346119 0.346119 2 1 0
0.0373133 0.345782 0.345782 2 1 0
0.0370411 0.345446 0.345446 2 1 0
0.0367695 0.34511 0.34511 2 1 0
0.0364985 0.344774 0.344774 2 1 0
0.0362281 0.344438 0.344438 2 1 0
0.0359583 0.344103 0.344103 2 1 0
0.0356892 0.343768 0.343768 2 1 0
0.0354206 0.343433 0.343433 2 1 0
0.0351527 0.343099 0.343099 2 1 0
0.0348854 0.342764 0.342764 2 1 0
0.0346186 0.34243 0.34243 2 1 0
0.0343525 0.342097 0.342097 2 1 0
0.034087 0.341763 0.341763 2 1 0
0.0338221 0.34143 0.34143 2 1 0
0.0335578 0.341097 0.341097 2 1 0
0.0332941 0.340764 0.340764 2 1 0
0.033031 0.340432 0.340432 2 1 0
0.0327685 0.340099 0.340099 2 1 0
0.0325066 0.339768 0.339768 2 1 0
0.0322453 0.339436 0.339436 2 1 0
0.0319846 0.339104 0.339104 2 1 0
0.0317245 0.338773 0.338773 2 1 0
0.031465 0.338442 0.338442 2 1 0
0.0312061 0.338112 0.338112 2 1 0
0.0309478 0.337781 0.337781 2 1 0
0.03069 0.337451 0.337451 2 1 0
0.0304329 0.337121 0.337121 2 1 0
0.0301763 0.336792 0.336792 2 1 0
0.0299203 0.336462 0.336462 2 1 0
0.0296649 0.336133 0.336133 2 1 0
0.0294101 0.335805 0.335805 2 1 0
0.0291559 0.335476 0.335476 2 1 0
0.0289022 0.335148 0.335148 2 1 0
0.0286492 0.33482 0.33482 2 1 0
0.0283967 0.334492 0.334492 2 1 0
0.0281448 0.334164 0.334164 2 1 0
0.0278935 0.333837 0.333837 2 1 0
0.0276427 0.33351 0.33351 2 1 0
0.0273925 0.333184 0.333184 2 1 0
0.0271429 0.332857 0.332857 2 1 0
0.0268939 0.332531 0.332531 2 1 0
0.0266455 0.332205 0.332205 2 1 0
0.0263976 0.33188 0.33188 2 1 0
0.0261503 0.331554 0.331554 2 1 0
0.0259035 0.331229 0.331229 2 1 0
0.0256573 0.330904 0.330904 2 1 0
0.0254117 0.33058 0.33058 2 1 0
0.0251667 0.330255 0.330255 2 1 0
0.0249222 0.329931 0.329931 2 1 0
0.0246783 0.329608 0.329608 2 1 0
0.0244349 0.329284 0.329284 2 1 0
0.0241921 0.328961 0.328961 2 1 0
0.0239499 0.328638 0.328638 2 1 0
0.0237082 0.328315 0.328315 2 1 0
0.0234671 0.327993 0.327993 2 1 0
0.0232265 0.327671 0.327671 2 1 0
0.0229865 0.327349 0.327349 2 1 0
0.022747 0.327027 0.327027 2 1 0
0.0225081 0.326706 0.326706 2 1 0
0.0222698 0.326385 0.326385 2 1 0
0.0220319 0.326064 0.326064 2 1 0
0.0217947 0.325744 0.325744 2 1 0
0.021558 0.325423 0.325423 2 1 0
0.0213218 0.325103 0.325103 2 1 0
0.0210862 0.324784 0.324784 2 1 0
0.0208512 0.324464 0.324464 2 1 0
0.0206166 0.324145 0.324145 2 1 0
0.0203826 0.323826 0.323826 2 1 0
0.0201492 0.323508 0.323508 2 1 0
0.0199163 0.323189 0.323189 2 1 0
0.019684 0.322871 0.322871 2 1 0
0.0194521 0.322553 0.322553 2 1 0
0.0192209 0.322236 0.322236 2 1 0
0.0189901 0.321919 0.321919 2 1 0
0.0187599 0.321602 0.321602 2 1 0
0.0185302 0.321285 0.321285 2 1 0
0.0183011 0.320968 0.320968 2 1 0
0.0180725 0.320652 0.320652 2 1 0
0.0178444 0.320336 0.320336 2 1 0
0.0176169 0.320021 0.320021 2 1 0
0.0173898 0.319705 0.319705 2 1 0
0.0171634 0.31939 0.31939 2 1 0
0.0169374 0.319076 0.319076 2 1 0
0.016712 0.318761 0.318761 2 1 0
0.016487 0.318447 0.318447 2 1 0
0.0162627 0.318133 0.318133 2 1 0
0.0160388 0.317819 0.317819 2 1 0
0.0158155 0.317506 0.317506 2 1 0
0.0155926 0.317193 0.317193 2 1 0
0.0153703 0.31688 0.31688 2 1 0
0.0151485 0.316567 0.316567 2 1 0
0.0149273 0.316255 0.316255 2 1 0
0.0147065 0.315943 0.315943 2 1 0
0.0144863 0.315631 0.315631 2 1 0
0.0142666 0.31532 0.31532 2 1 0
0.0140474 0.315008 0.315008 2 1 0
0.0138287 0.314697 0.314697 2 1 0
0.0136105 0.314387 0.314387 2 1 0
0.0133928 0.314076 0.314076 2 1 0
0.0131757 0.313766 0.313766 2 1 0
0.012959 0.313456 0.313456 2 1 0
0.0127429 0.313147 0.313147 2 1 0
0.0125273 0.312838 0.312838 2 1 0
0.0123121 0.312529 0.312529 2 1 0
0.0120975 0.31222 0.31222 2 1 0
0.0118834 0.311911 0.311911 2 1 0
0.0116698 0.311603 0.311603 2 1 0
0.0114566 0.311295 0.311295 2 1 0
0.011244 0.310988 0.310988 2 1 0
0.0110319 0.31068 0.31068 2 1 0
0.0108203 0.310373 0.310373 2 1 0
0.0106092 0.310067 0.310067 2 1 0
0.0103985 0.30976 0.30976 2 1 0
0.0101884 0.309454 0.309454 2 1 0
0.00997878 0.309148 0.309148 2 1 0
0.00976964 0.308842 0.308842 2 1 0
0.00956099 0.308537 0.308537 2 1 0
0.00935284 0.308232 0.308232 2 1 0
0.00914517 0.307927 0.307927 2 1 0
0.008938 0.307622 0.307622 2 1 0
0.00873131 0.307318 0.307318 2 1 0
0.00852511 0.307014 0.307014 2 1 0
0.0083194 0.30671 0.30671 2 1 0
0.00811418 0.306407 0.306407 2 1 0
0.00790944 0.306104 0.306104 2 1 0
0.00770518 0.305801 0.305801 2 1 0
0.00750141 0.305498 0.305498 2 1 0
0.00729812 0.305196 0.305196 2 1 0
0.00709531 0.304894 0.304894 2 1 0
0.00689298 0.304592 0.304592 2 1 0
0.00669113 0.304291 0.304291 2 1 0
0.00648976 0.303989 0.303989 2 1 0
0.00628886 0.303688 0.303688 2 1 0
0.00608844 0.303388 0.303388 2 1 0
0.0058885 0.303087 0.303087 2 1 0
0.00568903 0.302787 0.302787 2 1 0
0.00549004 0.302488 0.302488 2 1 0
0.00529152 0.302188 0.302188 2 1 0
0.00509347 0.301889 0.301889 2 1 0
0.00489589 0.30159 0.30159 2 1 0
0.00469878 0.301291 0.301291 2 1 0
0.00450214 0.300993 0.300993 2 1 0
0.00430597 0.300695 0.300695 2 1 0
0.00411026 0.300397 0.300397 2 1 0
0.00391503 0.300099 0.300099 2 1 0
0.00372025 0.299802 0.299802 2 1 0
0.00352594 0.299505 0.299505 2 1 0
0.0033321 0.299208 0.299208 2 1 0
0.00313872 0.298912 0.298912 2 1 0
0.0029458 0.298616 0.298616 2 1 0
0.00275334 0.29832 0.29832 2 1 0
0.00256134 0.298024 0.298024 2 1 0
0.00236979 0.297729 0.297729 2 1 0
0.00217871 0.297434 0.297434 2 1 0
0.00198808 0.297139 0.297139 2 1 0
0.00179791 0.296845 0.296845 2 1 0
0.0016082 0.296551 0.296551 2 1 0
0.00141894 0.296257 0.296257 2 1 0
0.00123013 0.295963 0.295963 2 1 0
0.00104178 0.29567 0.29567 2 1 0
0.000853875 0.295377 0.295377 2 1 0
0.000666423 0.295084 0.295084 2 1 0
0.000479421 0.294791 0.294791 2 1 0
0.000292869 0.294499 0.294499 2 1 0
0.000106764 0.294207 0.294207 2 1 0
-7.88927e-05 0.293915 0.293915 2 1 0
0.0645013 0.377054 0.377054 4 3 0
0.0645015 0.381064 0.373054 3 3 0
0.0645017 0.38238 0.371746 4 3 0
0.0645039 0.390412 0.363801 4 3 0
0.0645076 0.398478 0.355916 4 3 0
0.0645117 0.406532 0.348127 4 3 0
0.0645153 0.414531 0.3405 4 3 0
0.0645167 0.421977 0.333426 3 3 0
0.0645145 0.4298 0.326056 3 3 0
0.0645067 0.437488 0.318921 3 3 0
0.0644916 0.444994 0.31196 3 3 0
0.0644674 0.45227 0.305262 3 3 0
0.064433 0.459314 0.298889 3 3 0
0.0643872 0.466052 0.292753 3 3 0
0.0643296 0.472477 0.286929 3 3 0
0.0642598 0.47867 0.281423 3 3 0
0.0641779 0.484499 0.276228 3 3 0
0.0640843 0.490006 0.271335 3 3 0
0.0639797 0.495115 0.266842 3 3 0
0.0638646 0.500062 0.262454 3 3 0
0.0637398 0.504728 0.258322 3 3 0
0.063606 0.509156 0.254494 3 3 0
0.0634638 0.513301 0.250865 3 3 0
0.0633141 0.517215 0.247389 3 3 0
0.0631573 0.520794 0.243981 3 3 0
0.0629941 0.524265 0.240879 3 3 0
0.062825 0.527552 0.237933 3 3 0
0.0626505 0.530771 0.23511 3 3 0
0.0624711 0.53379 0.232427 3 3 0
0.0622871 0.536661 0.229868 3 3 0
0.062099 0.539419 0.227491 3 3 0
0.061907 0.542021 0.225147 3 3 0
0.0617114 0.544502 0.222902 3 3 0
0.0615126 0.546876 0.22078 3 3 0
0.0613108 0.549139 0.218712 3 3 0
0.0611061 0.551304 0.216725 3 3 0
0.0608989 0.55338 0.214841 3 3 0
0.0606893 0.555364 0.213 3 3 0
0.0604775 0.557266 0.211224 3 3 0
0.0602636 0.559092 0.209537 3 3 0
0.0600478 0.560845 0.207882 3 3 0
0.0598303 0.56253 0.206284 3 3 0
0.0596111 0.564152 0.204609 3 3 0
0.0593903 0.565711 0.203108 3 3 0
0.0591682 0.567212 0.201652 3 3 0
0.0589447 0.568652 0.200295 3 3 0
0.05872 0.570051 0.198921 3 3 0
0.0584941 0.5714 0.197588 3 3 0
0.0582672 0.572646 0.196361 3 3 0
0.0580393 0.573906 0.195097 3 3 0
0.0578105 0.575122 0.193868 3 3 0
0.0575809 0.576258 0.192636 3 3 0
0.0573505 0.577395 0.191485 3 3 0
0.0571193 0.578494 0.190365 3 3 0
0.0568875 0.579478 0.18921 3 3 0
0.0566551 0.580508 0.188142 3 3 0
0.0564221 0.581505 0.187101 3 3 0
0.0561886 0.582416 0.186113 3 3 0
0.0559546 0.583352 0.185125 3 3 0
0.0557202 0.584259 0.184161 3 3 0
0.0554853 0.585035 0.183234 3 3 0
0.0552502 0.585888 0.182316 3 3 0
0.0550147 0.586716 0.181421 3 3 0
0.0547789 0.587399 0.180445 3 3 0
0.0545429 0.588178 0.179583 3 3 0
0.0543067 0.588936 0.178741 3 3 0
0.0540703 0.589479 0.177864 3 3 0
0.0538337 0.590193 0.177052 3 3 0
0.0535969 0.590888 0.176257 3 3 0
0.0533601 0.591512 0.175469 3 3 0
0.0531232 0.592168 0.174701 3 3 0
0.0528862 0.592807 0.173949 3 3 0
0.0526492 0.593395 0.173229 3 3 0
0.0524121 0.593994 0.172501 3 3 0
0.0521751 0.594579 0.171788 3 3 0
0.0519381 0.595323 0.171089 3 3 0
0.0517011 0.595881 0.170405 3 3 0
0.0514642 0.596425 0.169735 3 3 0
0.0512274 0.596829 0.169102 3 3 0
0.0509906 0.597348 0.168465 3 3 0
0.050754 0.597855 0.167841 3 3 0
0.0505175 0.598633 0.167177 3 3 0
0.0502811 0.599119 0.166566 3 3 0
0.0500449 0.599595 0.165968 3 3 0
0.0498089 0.600026 0.165386 3 3 0
0.049573 0.600482 0.164812 3 3 0
0.0493374 0.600928 0.164249 3 3 0
0.0491019 0.601432 0.163722 3 3 0
0.0488667 0.601862 0.163184 3 3 0
0.0486317 0.602283 0.162656 3 3 0
0.048397 0.60274 0.16211 3 3 0
0.0481625 0.603146 0.161569 3 3 0
0.0479283 0.603545 0.161038 3 3 0
0.0476943 0.604218 0.160604 3 3 0
0.0474607 0.604603 0.160123 3 3 0
0.0472273 0.604982 0.159622 3 3 0
0.0469942 0.604813 0.159024 3 3 0
0.0467615 0.605172 0.158536 3 3 0
0.046529 0.605524 0.158058 3 3 0
0.0462969 0.605975 0.157592 3 3 0
0.0460652 0.606325 0.15713 3 3 0
0.0458338 0.606671 0.156676 3 3 0
0.0456027 0.607109 0.156339 3 3 0
0.045372 0.607446 0.155882 3 3 0
0.0451417 0.607778 0.155434 3 3 0
0.0449117 0.607896 0.155024 3 3 0
0.0446821 0.608221 0.154588 3 3 0
0.0444529 0.608542 0.154159 3 3 0
0.0442241 0.608752 0.153782 3 3 0
0.0439957 0.609054 0.153363 3 3 0
0.0437677 0.609353 0.152951 3 3 0
0.0435401 0.609953 0.152554 3 3 0
0.043313 0.610249 0.152156 3 3 0
0.0430862 0.610542 0.151765 3 3 0
0.0428599 0.610735 0.151374 3 3 0
0.042634 0.611022 0.150998 3 3 0
0.0424085 0.611306 0.150629 3 3 0
0.0421835 0.611979 0.15029 3 3 0
0.0419589 0.612264 0.149925 3 3 0
0.0417348 0.612547 0.149567 3 3 0
0.0415111 0.61255 0.149222 3 3 0
0.0412879 0.612826 0.148886 3 3 0
0.0410651 0.6131 0.148556 3 3 0
0.0408428 0.613185 0.148212 3 3 0
0.0406209 0.613455 0.14789 3 3 0
0.0403996 0.613723 0.147574 3 3 0
0.0401787 0.613906 0.147314 3 3 0
0.0399582 0.614171 0.147013 3 3 0
0.0397383 0.614435 0.146717 3 3 0
0.0395188 0.61494 0.146306 3 3 0
0.0392998 0.615219 0.14601 3 3 0
0.0390813 0.615499 0.145719 3 3 0
0.0388633 0.615764 0.145474 3 3 0
0.0386458 0.616042 0.145196 3 3 0
0.0384288 0.616321 0.144914 3 3 0
0.0382122 0.61656 0.144627 3 3 0
0.0379962 0.616838 0.144319 3 3 0
0.0377807 0.617116 0.144016 3 3 0
0.0375656 0.617207 0.143722 3 3 0
0.0373511 0.617485 0.143429 3 3 0
0.0371371 0.617763 0.143141 3 3 0
0.0369236 0.618185 0.142906 3 3 0
0.0367105 0.618464 0.142655 3 3 0
0.036498 0.618743 0.142408 3 3 0
0.036286 0.619081 0.142119 3 3 0
0.0360746 0.619361 0.141877 3 3 0
0.0358636 0.619642 0.141638 3 3 0
0.0356531 0.619755 0.141316 3 3 0
0.0354432 0.620037 0.141053 3 3 0
0.0352338 0.620319 0.140793 3 3 0
0.0350249 0.62062 0.140593 3 3 0
0.0348165 0.620904 0.140335 3 3 0
0.0346086 0.621188 0.140081 3 3 0
0.0344013 0.621471 0.13984 3 3 0
0.0341944 0.621757 0.139593 3 3 0
0.0339881 0.622044 0.13935 3 3 0
0.0337823 0.622259 0.139122 3 3 0
0.0335771 0.622548 0.138885 3 3 0
0.0333723 0.622837 0.138653 3 3 0
0.0331681 0.623015 0.138423 3 3 0
0.0329644 0.623306 0.138197 3 3 0
0.0327612 0.623598 0.137976 3 3 0
0.0325586 0.624007 0.137802 3 3 0
0.0323564 0.624301 0.137577 3 3 0
0.0321548 0.624597 0.137355 3 3 0
0.0319538 0.624849 0.137182 3 3 0
0.0317532 0.625146 0.136961 3 3 0
0.0315532 0.625445 0.136743 3 3 0
0.0313536 0.625647 0.13656 3 3 0
0.0311546 0.625948 0.136345 3 3 0
0.0309562 0.62625 0.136133 3 3 0
0.0307582 0.62654 0.135964 3 3 0
0.0305608 0.626845 0.135754 3 3 0
0.0303639 0.627151 0.135548 3 3 0
0.0301675 0.627444 0.135381 3 3 0
0.0299717 0.627752 0.135177 3 3 0
0.0297763 0.628062 0.134975 3 3 0
0.0295815 0.628333 0.134812 3 3 0
0.0293872 0.628645 0.134613 3 3 0
0.0291935 0.628959 0.134417 3 3 0
0.0290002 0.629211 0.134257 3 3 0
0.0288075 0.629527 0.134062 3 3 0
0.0286152 0.629845 0.133871 3 3 0
0.0284235 0.630081 0.133714 3 3 0
0.0282324 0.630401 0.133525 3 3 0
0.0280417 0.630722 0.133338 3 3 0
0.0278515 0.630946 0.133182 3 3 0
0.0276619 0.63127 0.132998 3 3 0
0.0274728 0.631595 0.132817 3 3 0
0.0272842 0.63197 0.132661 3 3 0
0.0270961 0.632279 0.132483 3 3 0
0.0269085 0.63259 0.132307 3 3 0
0.0267214 0.633042 0.132151 3 3 0
0.0265348 0.633357 0.131978 3 3 0
0.0263488 0.633672 0.131807 3 3 0
0.0261632 0.634137 0.131649 3 3 0
0.0259782 0.634457 0.131482 3 3 0
0.0257937 0.634779 0.131317 3 3 0
0.0256096 0.635258 0.131155 3 3 0
0.0254261 0.635584 0.130995 3 3 0
0.0252431 0.63591 0.130836 3 3 0
0.0250606 0.636437 0.130675 3 3 0
0.0248786 0.636768 0.130523 3 3 0
0.0246971 0.637101 0.130372 3 3 0
0.024516 0.637375 0.13022 3 3 0
0.0243355 0.63771 0.130071 3 3 0
0.0241555 0.638046 0.129924 3 3 0
0.023976 0.638675 0.129776 3 3 0
0.023797 0.639017 0.12963 3 3 0
0.0236184 0.639361 0.129485 3 3 0
0.0234404 0.639423 0.129363 3 3 0
0.0232628 0.639766 0.129216 3 3 0
0.0230858 0.64011 0.12907 3 3 0
0.0229092 0.640819 0.12894 3 3 0
0.0227331 0.64117 0.128796 3 3 0
0.0225575 0.641523 0.128653 3 3 0
0.0223824 0.641593 0.128527 3 3 0
0.0222078 0.641944 0.128385 3 3 0
0.0220337 0.642297 0.128245 3 3 0
0.02186 0.642837 0.128105 3 3 0
0.0216868 0.643195 0.127968 3 3 0
0.0215141 0.643553 0.127833 3 3 0
0.0213419 0.643864 0.127704 3 3 0
0.0211702 0.644224 0.12757 3 3 0
0.0209989 0.644586 0.127438 3 3 0
0.0208281 0.64478 0.12732 3 3 0
0.0206578 0.645142 0.127188 3 3 0
0.020488 0.645506 0.127057 3 3 0
0.0203186 0.645986 0.126925 3 3 0
0.0201497 0.646353 0.126797 3 3 0
0.0199813 0.646722 0.126671 3 3 0
0.0198133 0.647272 0.126565 3 3 0
0.0196458 0.647644 0.126437 3 3 0
0.0194788 0.648018 0.126311 3 3 0
0.0193122 0.648057 0.126184 3 3 0
0.0191461 0.648429 0.12606 3 3 0
0.0189804 0.648803 0.125937 3 3 0
0.0188153 0.648866 0.125812 3 3 0
0.0186505 0.649239 0.125691 3 3 0
0.0184863 0.649613 0.125572 3 3 0
0.0183224 0.650379 0.125454 3 3 0
0.0181591 0.650759 0.125336 3 3 0
0.0179962 0.65114 0.125219 3 3 0
0.0178337 0.651541 0.125103 3 3 0
0.0176717 0.651925 0.124987 3 3 0
0.0175101 0.65231 0.124872 3 3 0
0.017349 0.652684 0.124757 3 3 0
0.0171884 0.653071 0.124644 3 3 0
0.0170281 0.653458 0.124531 3 3 0
0.0168684 0.653833 0.124417 3 3 0
0.016709 0.654223 0.124305 3 3 0
0.0165501 0.654614 0.124194 3 3 0
0.0163917 0.655123 0.124083 3 3 0
0.0162337 0.655517 0.123973 3 3 0
0.0160761 0.655912 0.123863 3 3 0
0.0159189 0.656329 0.123753 3 3 0
0.0157622 0.656726 0.123645 3 3 0
0.0156059 0.657124 0.123536 3 3 0
0.0154501 0.657598 0.123429 3 3 0
0.0152947 0.657999 0.123322 3 3 0
0.0151397 0.658401 0.123215 3 3 0
0.0149851 0.658841 0.123108 3 3 0
0.014831 0.659245 0.123003 3 3 0
0.0146773 0.65965 0.122897 3 3 0
0.014524 0.660108 0.122793 3 3 0
0.0143711 0.660515 0.122688 3 3 0
0.0142187 0.660924 0.122584 3 3 0
0.0140666 0.661197 0.12248 3 3 0
0.013915 0.661606 0.122376 3 3 0
0.0137638 0.662015 0.122272 3 3 0
0.0136131 0.663174 0.122204 3 3 0
0.0134627 0.663593 0.1221 3 3 0
0.0133128 0.664013 0.121997 3 3 0
0.0131632 0.664801 0.121904 3 3 0
0.0130141 0.665228 0.121801 3 3 0
0.0128654 0.665655 0.121698 3 3 0
0.012717 0.666104 0.12158 3 3 0
0.0125691 0.666537 0.121478 3 3 0
0.0124216 0.666971 0.121376 3 3 0
0.0122745 0.667479 0.121338 3 3 0
0.0121278 0.667914 0.121236 3 3 0
0.0119815 0.66835 0.121134 3 3 0
0.0118356 0.668777 0.120988 3 3 0
0.0116901 0.669213 0.120886 3 3 0
0.011545 0.66965 0.120784 3 3 0
0.0114003 0.670105 0.120661 3 3 0
0.0112559 0.670545 0.12056 3 3 0
0.011112 0.670985 0.120459 3 3 0
0.0109685 0.671421 0.12035 3 3 0
0.0108253 0.671864 0.120249 3 3 0
0.0106825 0.672308 0.120148 3 3 0
0.0105402 0.672732 0.120043 3 3 0
0.0103982 0.673178 0.119943 3 3 0
0.0102565 0.673624 0.119842 3 3 0
0.0101153 0.674091 0.119747 3 3 0
0.00997447 0.674539 0.119646 3 3 0
0.009834 0.674987 0.119546 3 3 0
0.00969392 0.675439 0.119468 3 3 0
0.0095542 0.675888 0.119367 3 3 0
0.00941487 0.676339 0.119266 3 3 0
0.00927591 0.676764 0.119151 3 3 0
0.00913732 0.677215 0.11905 3 3 0
0.0089991 0.677667 0.11895 3 3 0
0.00886125 0.678101 0.118845 3 3 0
0.00872378 0.678556 0.118745 3 3 0
0.00858667 0.679011 0.118645 3 3 0
0.00844992 0.679355 0.118562 3 3 0
0.00831355 0.679812 0.118461 3 3 0
0.00817753 0.68027 0.11836 3 3 0
0.00804188 0.680513 0.118283 3 3 0
0.00790659 0.680972 0.118181 3 3 0
0.00777166 0.681431 0.118079 3 3 0
0.00763709 0.681709 0.117977 3 3 0
0.00750287 0.682169 0.117879 3 3 0
0.00736902 0.68263 0.117782 3 3 0
0.00723551 0.683207 0.117653 3 3 0
0.00710236 0.683669 0.117552 3 3 0
0.00696957 0.684132 0.117451 3 3 0
0.00683712 0.684697 0.117352 3 3 0
0.00670502 0.685162 0.117252 3 3 0
0.00657327 0.685627 0.117152 3 3 0
0.00644187 0.685315 0.117065 3 3 0
0.00631081 0.685778 0.116967 3 3 0
0.0061801 0.686242 0.116868 3 3 0
0.00604973 0.687424 0.116759 3 3 0
0.0059197 0.687892 0.11666 3 3 0
0.00579001 0.68836 0.11656 3 3 0
0.00566067 0.688264 0.116459 3 3 0
0.00553166 0.688731 0.116357 3 3 0
0.00540298 0.689199 0.116255 3 3 0
0.00527464 0.690125 0.116155 3 3 0
0.00514664 0.690595 0.116056 3 3 0
0.00501897 0.691066 0.115956 3 3 0
0.00489163 0.691247 0.115849 3 3 0
0.00476462 0.691717 0.115749 3 3 0
0.00463795 0.692189 0.115649 3 3 0
0.0045116 0.692769 0.115554 3 3 0
0.00438557 0.693242 0.115455 3 3 0
0.00425987 0.693715 0.115355 3 3 0
0.0041345 0.694166 0.115256 3 3 0
0.00400945 0.69464 0.115157 3 3 0
0.00388472 0.695114 0.115057 3 3 0
0.00376031 0.695607 0.11496 3 3 0
0.00363622 0.696082 0.114861 3 3 0
0.00351245 0.696558 0.114761 3 3 0
0.00338899 0.697076 0.114666 3 3 0
0.00326585 0.697553 0.114567 3 3 0
0.00314303 0.69803 0.114468 3 3 0
0.00302052 0.698568 0.114377 3 3 0
0.00289832 0.699046 0.114278 3 3 0
0.00277643 0.699524 0.114179 3 3 0
0.00265485 0.700049 0.114085 3 3 0
0.00253358 0.700528 0.113981 3 3 0
0.00241261 0.701008 0.113878 3 3 0
0.00229196 0.701741 0.113767 3 3 0
0.0021716 0.702222 0.113664 3 3 0
0.00205155 0.702704 0.113561 3 3 0
0.00193181 0.70341 0.113468 3 3 0
0.00181236 0.703893 0.113364 3 3 0
0.00169321 0.704376 0.113261 3 3 0
0.00157437 0.704772 0.113144 3 3 0
0.00145582 0.705255 0.113041 3 3 0
0.00133756 0.705739 0.112938 3 3 0
0.0012196 0.706024 0.112868 3 3 0
0.00110194 0.706507 0.112764 3 3 0
0.000984564 0.706991 0.112661 3 3 0
0.000867479 0.707111 0.112575 3 3 0
0.000750689 0.707588 0.112476 3 3 0
0.000634187 0.708065 0.112378 3 3 0
0.000517975 0.709269 0.112218 3 3 0
0.000402048 0.709753 0.112117 3 3 0
0.000286407 0.710238 0.112017 3 3 0
0.000171054 0.710756 0.111938 3 3 0
5.59793e-05 0.711242 0.111836 3 3 0
-5.88107e-05 0.711729 0.111733 3 3 0
