0.6 0.627283 0.627283 2 1 0
0.598766 0.627012 0.627012 1 1 0
0.597533 0.62674 0.62674 1 1 0
0.596304 0.626468 0.626468 1 1 0
0.595077 0.626195 0.626195 1 1 0
0.593852 0.625922 0.625922 1 1 0
0.59263 0.625648 0.625648 1 1 0
0.59141 0.625374 0.625374 1 1 0
0.590192 0.625099 0.625099 1 1 0
0.588977 0.624824 0.624824 1 1 0
0.587765 0.624549 0.624549 1 1 0
0.586554 0.624273 0.624273 1 1 0
0.585346 0.623996 0.623996 1 1 0
0.584141 0.623719 0.623719 1 1 0
0.582937 0.623441 0.623441 1 1 0
0.581736 0.623163 0.623163 1 1 0
0.580538 0.622885 0.622885 1 1 0
0.579342 0.622606 0.622606 1 1 0
0.578148 0.622327 0.622327 1 1 0
0.576956 0.622047 0.622047 1 1 0
0.575767 0.621767 0.621767 1 1 0
0.57458 0.621486 0.621486 1 1 0
0.573395 0.621205 0.621205 1 1 0
0.572213 0.620923 0.620923 1 1 0
0.571033 0.620641 0.620641 1 1 0
0.569855 0.620358 0.620358 1 1 0
0.56868 0.620075 0.620075 1 1 0
0.567506 0.619791 0.619791 1 1 0
0.566335 0.619507 0.619507 1 1 0
0.565166 0.619223 0.619223 1 1 0
0.564 0.618938 0.618938 1 1 0
0.562836 0.618652 0.618652 1 1 0
0.561673 0.618367 0.618367 1 1 0
0.560514 0.61808 0.61808 1 1 0
0.559356 0.617793 0.617793 1 1 0
0.558201 0.617506 0.617506 1 1 0
0.557047 0.617219 0.617219 1 1 0
0.555896 0.61693 0.61693 1 1 0
0.554747 0.616642 0.616642 1 1 0
0.553601 0.616353 0.616353 1 1 0
0.552456 0.616063 0.616063 1 1 0
0.551314 0.615773 0.615773 1 1 0
0.550174 0.615483 0.615483 1 1 0
0.549036 0.615192 0.615192 1 1 0
0.5479 0.6149 0.6149 1 1 0
0.546766 0.614609 0.614609 1 1 0
0.545634 0.614316 0.614316 1 1 0
0.544505 0.614024 0.614024 1 1 0
0.543378 0.61373 0.61373 1 1 0
0.542252 0.613437 0.613437 1 1 0
0.541129 0.613143 0.613143 1 1 0
0.540008 0.612848 0.612848 1 1 0
0.538889 0.612553 0.612553 1 1 0
0.537773 0.612258 0.612258 1 1 0
0.536658 0.611962 0.611962 1 1 0
0.535545 0.611666 0.611666 1 1 0
0.534435 0.611369 0.611369 1 1 0
0.533326 0.611072 0.611072 1 1 0
0.53222 0.610774 0.610774 1 1 0
0.531115 0.610476 0.610476 1 1 0
0.530013 0.610178 0.610178 1 1 0
0.528913 0.609879 0.609879 1 1 0
0.527815 0.609579 0.609579 1 1 0
0.526718 0.60928 0.60928 1 1 0
0.525624 0.608979 0.608979 1 1 0
0.524532 0.608679 0.608679 1 1 0
0.523442 0.608377 0.608377 1 1 0
0.522354 0.608076 0.608076 1 1 0
0.521268 0.607774 0.607774 1 1 0
0.520184 0.607471 0.607471 1 1 0
0.519101 0.607169 0.607169 1 1 0
0.518021 0.606865 0.606865 1 1 0
0.516943 0.606561 0.606561 1 1 0
0.515867 0.606257 0.606257 1 1 0
0.514793 0.605953 0.605953 1 1 0
0.513721 0.605648 0.605648 1 1 0
0.51265 0.605342 0.605342 1 1 0
0.511582 0.605036 0.605036 1 1 0
0.510516 0.60473 0.60473 1 1 0
0.509452 0.604423 0.604423 1 1 0
0.508389 0.604116 0.604116 1 1 0
0.507329 0.603808 0.603808 1 1 0
0.50627 0.6035 0.6035 1 1 0
0.505213 0.603192 0.603192 1 1 0
0.504159 0.602883 0.602883 1 1 0
0.503106 0.602574 0.602574 1 1 0
0.502055 0.602264 0.602264 1 1 0
0.501006 0.601954 0.601954 1 1 0
0.499959 0.601643 0.601643 1 1 0
0.498914 0.601332 0.601332 1 1 0
0.497871 0.601021 0.601021 1 1 0
0.496829 0.600709 0.600709 1 1 0
0.49579 0.600397 0.600397 1 1 0
0.494752 0.600084 0.600084 1 1 0
0.493716 0.599771 0.599771 1 1 0
0.492683 0.599458 0.599458 1 1 0
0.491651 0.599144 0.599144 1 1 0
0.490621 0.598829 0.598829 1 1 0
0.489592 0.598515 0.598515 1 1 0
0.488566 0.5982 0.5982 1 1 0
0.487541 0.597884 0.597884 1 1 0
0.486519 0.597568 0.597568 1 1 0
0.485498 0.597252 0.597252 1 1 0
0.484479 0.596935 0.596935 1 1 0
0.483461 0.596618 0.596618 1 1 0
0.482446 0.5963 0.5963 1 1 0
0.481433 0.595982 0.595982 1 1 0
0.480421 0.595664 0.595664 1 1 0
0.479411 0.595345 0.595345 1 1 0
0.478403 0.595026 0.595026 1 1 0
0.477396 0.594706 0.594706 1 1 0
0.476392 0.594386 0.594386 1 1 0
0.475389 0.594066 0.594066 1 1 0
0.474388 0.593745 0.593745 1 1 0
0.473389 0.593424 0.593424 1 1 0
0.472392 0.593103 0.593103 1 1 0
0.471396 0.592781 0.592781 1 1 0
0.470402 0.592458 0.592458 1 1 0
0.46941 0.592135 0.592135 1 1 0
0.46842 0.591812 0.591812 1 1 0
0.467432 0.591489 0.591489 1 1 0
0.466445 0.591165 0.591165 1 1 0
0.46546 0.590841 0.590841 1 1 0
0.464477 0.590516 0.590516 1 1 0
0.463495 0.590191 0.590191 1 1 0
0.462516 0.589865 0.589865 1 1 0
0.461538 0.589539 0.589539 1 1 0
0.460561 0.589213 0.589213 1 1 0
0.459587 0.588887 0.588887 1 1 0
0.458614 0.58856 0.58856 1 1 0
0.457643 0.588232 0.588232 1 1 0
0.456674 0.587904 0.587904 1 1 0
0.455706 0.587576 0.587576 1 1 0
0.45474 0.587248 0.587248 1 1 0
0.453776 0.586919 0.586919 1 1 0
0.452813 0.586589 0.586589 1 1 0
0.451853 0.58626 0.58626 1 1 0
0.450894 0.58593 0.58593 1 1 0
0.449936 0.585599 0.585599 1 1 0
0.448981 0.585269 0.585269 1 1 0
0.448027 0.584937 0.584937 1 1 0
0.447074 0.584606 0.584606 1 1 0
0.446124 0.584274 0.584274 1 1 0
0.445175 0.583942 0.583942 1 1 0
0.444227 0.583609 0.583609 1 1 0
0.443282 0.583276 0.583276 1 1 0
0.442338 0.582943 0.582943 1 1 0
0.441395 0.582609 0.582609 1 1 0
0.440455 0.582275 0.582275 1 1 0
0.439516 0.58194 0.58194 1 1 0
0.438579 0.581606 0.581606 1 1 0
0.437643 0.58127 0.58127 1 1 0
0.436709 0.580935 0.580935 1 1 0
0.435777 0.580599 0.580599 1 1 0
0.434846 0.580263 0.580263 1 1 0
0.433917 0.579926 0.579926 1 1 0
0.432989 0.579589 0.579589 1 1 0
0.432063 0.579252 0.579252 1 1 0
0.431139 0.578914 0.578914 1 1 0
0.430217 0.578576 0.578576 1 1 0
0.429296 0.578238 0.578238 1 1 0
0.428376 0.577899 0.577899 1 1 0
0.427459 0.57756 0.57756 1 1 0
0.426543 0.577221 0.577221 1 1 0
0.425628 0.576881 0.576881 1 1 0
0.424715 0.576541 0.576541 1 1 0
0.423804 0.5762 0.5762 1 1 0
0.422894 0.57586 0.57586 1 1 0
0.421986 0.575518 0.575518 1 1 0
0.42108 0.575177 0.575177 1 1 0
0.420175 0.574835 0.574835 1 1 0
0.419272 0.574493 0.574493 1 1 0
0.41837 0.57415 0.57415 1 1 0
0.41747 0.573808 0.573808 1 1 0
0.416571 0.573464 0.573464 1 1 0
0.415674 0.573121 0.573121 1 1 0
0.414779 0.572777 0.572777 1 1 0
0.413885 0.572433 0.572433 1 1 0
0.412993 0.572088 0.572088 1 1 0
0.412102 0.571744 0.571744 1 1 0
0.411213 0.571398 0.571398 1 1 0
0.410325 0.571053 0.571053 1 1 0
0.409439 0.570707 0.570707 1 1 0
0.408555 0.570361 0.570361 1 1 0
0.407672 0.570014 0.570014 1 1 0
0.40679 0.569668 0.569668 1 1 0
0.40591 0.569321 0.569321 1 1 0
0.405032 0.568973 0.568973 1 1 0
0.404155 0.568625 0.568625 1 1 0
0.40328 0.568277 0.568277 1 1 0
0.402407 0.567929 0.567929 1 1 0
0.401534 0.56758 0.56758 1 1 0
0.400664 0.567231 0.567231 1 1 0
0.399795 0.566882 0.566882 1 1 0
0.398927 0.566532 0.566532 1 1 0
0.398061 0.566182 0.566182 1 1 0
0.397197 0.565832 0.565832 1 1 0
0.396333 0.565481 0.565481 1 1 0
0.395472 0.565131 0.565131 1 1 0
0.394612 0.564779 0.564779 1 1 0
0.393754 0.564428 0.564428 1 1 0
0.392897 0.564076 0.564076 1 1 0
0.392041 0.563724 0.563724 1 1 0
0.391187 0.563372 0.563372 1 1 0
0.390335 0.563019 0.563019 1 1 0
0.389484 0.562666 0.562666 1 1 0
0.388634 0.562313 0.562313 1 1 0
0.387786 0.561959 0.561959 1 1 0
0.38694 0.561605 0.561605 1 1 0
0.386095 0.561251 0.561251 1 1 0
0.385251 0.560896 0.560896 1 1 0
0.384409 0.560542 0.560542 1 1 0
0.383568 0.560186 0.560186 1 1 0
0.382729 0.559831 0.559831 1 1 0
0.381892 0.559475 0.559475 1 1 0
0.381056 0.559119 0.559119 1 1 0
0.380221 0.558763 0.558763 1 1 0
0.379388 0.558407 0.558407 1 1 0
0.378556 0.55805 0.55805 1 1 0
0.377726 0.557693 0.557693 1 1 0
0.376897 0.557335 0.557335 1 1 0
0.376069 0.556978 0.556978 1 1 0
0.375243 0.55662 0.55662 1 1 0
0.374419 0.556262 0.556262 1 1 0
0.373596 0.555903 0.555903 1 1 0
0.372774 0.555544 0.555544 1 1 0
0.371954 0.555185 0.555185 1 1 0
0.371135 0.554826 0.554826 1 1 0
0.370318 0.554466 0.554466 1 1 0
0.369502 0.554107 0.554107 1 1 0
0.368688 0.553746 0.553746 1 1 0
0.367875 0.553386 0.553386 1 1 0
0.367064 0.553025 0.553025 1 1 0
0.366254 0.552664 0.552664 1 1 0
0.365445 0.552303 0.552303 1 1 0
0.364638 0.551942 0.551942 1 1 0
0.363832 0.55158 0.55158 1 1 0
0.363028 0.551218 0.551218 1 1 0
0.362225 0.550856 0.550856 1 1 0
0.361423 0.550493 0.550493 1 1 0
0.360623 0.550131 0.550131 1 1 0
0.359824 0.549768 0.549768 1 1 0
0.359027 0.549404 0.549404 1 1 0
0.358231 0.549041 0.549041 1 1 0
0.357437 0.548677 0.548677 1 1 0
0.356643 0.548313 0.548313 1 1 0
0.355852 0.547949 0.547949 1 1 0
0.355062 0.547584 0.547584 1 1 0
0.354273 0.547219 0.547219 1 1 0
0.353485 0.546854 0.546854 1 1 0
0.352699 0.546489 0.546489 1 1 0
0.351914 0.546124 0.546124 1 1 0
0.351131 0.545758 0.545758 1 1 0
0.350349 0.545392 0.545392 1 1 0
0.349569 0.545026 0.545026 1 1 0
0.34879 0.544659 0.544659 1 1 0
0.348012 0.544292 0.544292 1 1 0
0.347235 0.543925 0.543925 1 1 0
0.34646 0.543558 0.543558 1 1 0
0.345687 0.543191 0.543191 1 1 0
0.344914 0.542823 0.542823 1 1 0
0.344144 0.542455 0.542455 1 1 0
0.343374 0.542087 0.542087 1 1 0
0.342606 0.541719 0.541719 1 1 0
0.341839 0.54135 0.54135 1 1 0
0.341074 0.540981 0.540981 1 1 0
0.34031 0.540612 0.540612 1 1 0
0.339547 0.540243 0.540243 1 1 0
0.338786 0.539874 0.539874 1 1 0
0.338026 0.539504 0.539504 1 1 0
0.337267 0.539134 0.539134 1 1 0
0.33651 0.538764 0.538764 1 1 0
0.335754 0.538394 0.538394 1 1 0
0.334999 0.538023 0.538023 1 1 0
0.334246 0.537652 0.537652 1 1 0
0.333494 0.537281 0.537281 1 1 0
0.332744 0.53691 0.53691 1 1 0
0.331995 0.536539 0.536539 1 1 0
0.331247 0.536167 0.536167 1 1 0
0.3305 0.535795 0.535795 1 1 0
0.329755 0.535423 0.535423 1 1 0
0.329011 0.535051 0.535051 1 1 0
0.328269 0.534678 0.534678 1 1 0
0.327528 0.534306 0.534306 1 1 0
0.326788 0.533933 0.533933 1 1 0
0.326049 0.53356 0.53356 1 1 0
0.325312 0.533187 0.533187 1 1 0
0.324576 0.532813 0.532813 1 1 0
0.323842 0.532439 0.532439 1 1 0
0.323109 0.532066 0.532066 1 1 0
0.322377 0.531692 0.531692 1 1 0
0.321646 0.531317 0.531317 1 1 0
0.320917 0.530943 0.530943 1 1 0
0.320189 0.530568 0.530568 1 1 0
0.319462 0.530193 0.530193 1 1 0
0.318737 0.529818 0.529818 1 1 0
0.318013 0.529443 0.529443 1 1 0
0.31729 0.529068 0.529068 1 1 0
0.316569 0.528692 0.528692 1 1 0
0.315849 0.528317 0.528317 1 1 0
0.31513 0.527941 0.527941 1 1 0
0.314413 0.527565 0.527565 1 1 0
0.313696 0.527188 0.527188 1 1 0
0.312981 0.526812 0.526812 1 1 0
0.312268 0.526435 0.526435 1 1 0
0.311556 0.526058 0.526058 1 1 0
0.310845 0.525681 0.525681 1 1 0
0.310135 0.525304 0.525304 1 1 0
0.309426 0.524927 0.524927 1 1 0
0.308719 0.524549 0.524549 1 1 0
0.308013 0.524172 0.524172 1 1 0
0.307309 0.523794 0.523794 1 1 0
0.306605 0.523416 0.523416 1 1 0
0.305903 0.523038 0.523038 1 1 0
0.305203 0.522659 0.522659 1 1 0
0.304503 0.522281 0.522281 1 1 0
0.303805 0.521902 0.521902 1 1 0
0.303108 0.521523 0.521523 1 1 0
0.302412 0.521144 0.521144 1 1 0
0.301718 0.520765 0.520765 1 1 0
0.301025 0.520386 0.520386 1 1 0
0.300333 0.520007 0.520007 1 1 0
0.299642 0.519627 0.519627 1 1 0
0.298953 0.519247 0.519247 1 1 0
0.298265 0.518867 0.518867 1 1 0
0.297578 0.518487 0.518487 1 1 0
0.296893 0.518107 0.518107 1 1 0
0.296208 0.517727 0.517727 1 1 0
0.295525 0.517346 0.517346 1 1 0
0.294844 0.516966 0.516966 1 1 0
0.294163 0.516585 0.516585 1 1 0
0.293484 0.516204 0.516204 1 1 0
0.292806 0.515823 0.515823 1 1 0
0.292129 0.515442 0.515442 1 1 0
0.291453 0.51506 0.51506 1 1 0
0.290779 0.514679 0.514679 1 1 0
0.290106 0.514297 0.514297 1 1 0
0.289434 0.513915 0.513915 1 1 0
0.288764 0.513534 0.513534 1 1 0
0.288094 0.513152 0.513152 1 1 0
0.287426 0.512769 0.512769 1 1 0
0.286759 0.512387 0.512387 1 1 0
0.286094 0.512005 0.512005 1 1 0
0.285429 0.511622 0.511622 1 1 0
0.284766 0.51124 0.51124 1 1 0
0.284104 0.510857 0.510857 1 1 0
0.283444 0.510474 0.510474 1 1 0
0.282784 0.510091 0.510091 1 1 0
0.282126 0.509708 0.509708 1 1 0
0.281469 0.509325 0.509325 1 1 0
0.280813 0.508941 0.508941 1 1 0
0.280158 0.508558 0.508558 1 1 0
0.279505 0.508174 0.508174 1 1 0
0.278853 0.50779 0.50779 1 1 0
0.278202 0.507407 0.507407 1 1 0
0.277552 0.507023 0.507023 1 1 0
0.276904 0.506639 0.506639 1 1 0
0.276256 0.506255 0.506255 1 1 0
0.27561 0.50587 0.50587 1 1 0
0.274965 0.505486 0.505486 1 1 0
0.274321 0.505101 0.505101 1 1 0
0.273679 0.504717 0.504717 1 1 0
0.273038 0.504332 0.504332 1 1 0
0.272398 0.503947 0.503947 1 1 0
0.271759 0.503563 0.503563 1 1 0
0.271121 0.503178 0.503178 1 1 0
0.270484 0.502792 0.502792 1 1 0
0.269849 0.502407 0.502407 1 1 0
0.269215 0.502022 0.502022 1 1 0
0.268582 0.501637 0.501637 1 1 0
0.26795 0.501251 0.501251 1 1 0
0.26732 0.500866 0.500866 1 1 0
0.26669 0.50048 0.50048 1 1 0
0.266062 0.500094 0.500094 1 1 0
0.265435 0.499709 0.499709 1 1 0
0.264809 0.499323 0.499323 1 1 0
0.264185 0.498937 0.498937 1 1 0
0.263561 0.498551 0.498551 1 1 0
0.262939 0.498165 0.498165 1 1 0
0.262318 0.497778 0.497778 1 1 0
0.261698 0.497392 0.497392 1 1 0
0.261079 0.497006 0.497006 1 1 0
0.260462 0.496619 0.496619 1 1 0
0.259845 0.496233 0.496233 1 1 0
0.25923 0.495846 0.495846 1 1 0
0.258616 0.495459 0.495459 1 1 0
0.258003 0.495073 0.495073 1 1 0
0.257391 0.494686 0.494686 1 1 0
0.25678 0.494299 0.494299 1 1 0
0.256171 0.493912 0.493912 1 1 0
0.255563 0.493525 0.493525 1 1 0
0.254956 0.493138 0.493138 1 1 0
0.25435 0.492751 0.492751 1 1 0
0.253745 0.492364 0.492364 1 1 0
0.253141 0.491976 0.491976 1 1 0
0.252539 0.491589 0.491589 1 1 0
0.251937 0.491202 0.491202 1 1 0
0.251337 0.490814 0.490814 1 1 0
0.250738 0.490427 0.490427 1 1 0
0.25014 0.490039 0.490039 1 1 0
0.249543 0.489652 0.489652 1 1 0
0.248948 0.489264 0.489264 1 1 0
0.248353 0.488876 0.488876 1 1 0
0.24776 0.488488 0.488488 1 1 0
0.247168 0.488101 0.488101 1 1 0
0.246577 0.487713 0.487713 1 1 0
0.245987 0.487325 0.487325 1 1 0
0.245398 0.486937 0.486937 1 1 0
0.24481 0.486549 0.486549 1 1 0
0.244224 0.486161 0.486161 1 1 0
0.243638 0.485773 0.485773 1 1 0
0.243054 0.485385 0.485385 1 1 0
0.242471 0.484996 0.484996 1 1 0
0.241889 0.484608 0.484608 1 1 0
0.241308 0.48422 0.48422 1 1 0
0.240728 0.483832 0.483832 1 1 0
0.240149 0.483443 0.483443 1 1 0
0.239572 0.483055 0.483055 1 1 0
0.238995 0.482667 0.482667 1 1 0
0.23842 0.482278 0.482278 1 1 0
0.237846 0.48189 0.48189 1 1 0
0.237273 0.481501 0.481501 1 1 0
0.236701 0.481113 0.481113 1 1 0
0.23613 0.480724 0.480724 1 1 0
0.23556 0.480336 0.480336 1 1 0
0.234991 0.479947 0.479947 1 1 0
0.234424 0.479559 0.479559 1 1 0
0.233857 0.47917 0.47917 1 1 0
0.233292 0.478781 0.478781 1 1 0
0.232728 0.478393 0.478393 1 1 0
0.232165 0.478004 0.478004 1 1 0
0.231602 0.477615 0.477615 1 1 0
0.231042 0.477227 0.477227 1 1 0
0.230482 0.476838 0.476838 1 1 0
0.229923 0.476449 0.476449 1 1 0
0.229365 0.47606 0.47606 1 1 0
0.228809 0.475672 0.475672 1 1 0
0.228253 0.475283 0.475283 1 1 0
0.227699 0.474894 0.474894 1 1 0
0.227145 0.474505 0.474505 1 1 0
0.226593 0.474116 0.474116 1 1 0
0.226042 0.473728 0.473728 1 1 0
0.225492 0.473339 0.473339 1 1 0
0.224943 0.47295 0.47295 1 1 0
0.224395 0.472561 0.472561 1 1 0
0.223848 0.472172 0.472172 1 1 0
0.223302 0.471784 0.471784 1 1 0
0.222758 0.471395 0.471395 1 1 0
0.222214 0.471006 0.471006 1 1 0
0.221671 0.470617 0.470617 1 1 0
0.22113 0.470229 0.470229 1 1 0
0.22059 0.46984 0.46984 1 1 0
0.22005 0.469451 0.469451 1 1 0
0.219512 0.469062 0.469062 1 1 0
0.218975 0.468673 0.468673 1 1 0
0.218439 0.468285 0.468285 1 1 0
0.217903 0.467896 0.467896 1 1 0
0.217369 0.467507 0.467507 1 1 0
0.216836 0.467119 0.467119 1 1 0
0.216304 0.46673 0.46673 1 1 0
0.215774 0.466341 0.466341 1 1 0
0.215244 0.465953 0.465953 1 1 0
0.214715 0.465564 0.465564 1 1 0
0.214187 0.465175 0.465175 1 1 0
0.213661 0.464787 0.464787 1 1 0
0.213135 0.464398 0.464398 1 1 0
0.21261 0.46401 0.46401 1 1 0
0.212087 0.463621 0.463621 1 1 0
0.211564 0.463233 0.463233 1 1 0
0.211043 0.462844 0.462844 1 1 0
0.210522 0.462456 0.462456 1 1 0
0.210003 0.462067 0.462067 1 1 0
0.209485 0.461679 0.461679 1 1 0
0.208967 0.461291 0.461291 1 1 0
0.208451 0.460902 0.460902 1 1 0
0.207936 0.460514 0.460514 1 1 0
0.207422 0.460126 0.460126 1 1 0
0.206909 0.459738 0.459738 1 1 0
0.206396 0.459349 0.459349 1 1 0
0.205885 0.458961 0.458961 1 1 0
0.205375 0.458573 0.458573 1 1 0
0.204866 0.458185 0.458185 1 1 0
0.204358 0.457797 0.457797 1 1 0
0.203851 0.457409 0.457409 1 1 0
0.203345 0.457021 0.457021 1 1 0
0.20284 0.456633 0.456633 1 1 0
0.202336 0.456246 0.456246 1 1 0
0.201833 0.455858 0.455858 1 1 0
0.201331 0.45547 0.45547 1 1 0
0.20083 0.455082 0.455082 1 1 0
0.20033 0.454695 0.454695 1 1 0
0.199831 0.454307 0.454307 1 1 0
0.199333 0.45392 0.45392 1 1 0
0.198836 0.453532 0.453532 1 1 0
0.19834 0.453145 0.453145 1 1 0
0.197845 0.452757 0.452757 1 1 0
0.197351 0.45237 0.45237 1 1 0
0.196859 0.451983 0.451983 1 1 0
0.196367 0.451596 0.451596 1 1 0
0.195876 0.451208 0.451208 1 1 0
0.195386 0.450821 0.450821 1 1 0
0.194897 0.450434 0.450434 1 1 0
0.194409 0.450047 0.450047 1 1 0
0.193922 0.449661 0.449661 1 1 0
0.193436 0.449274 0.449274 1 1 0
0.192951 0.448887 0.448887 1 1 0
0.192467 0.4485 0.4485 1 1 0
0.191984 0.448114 0.448114 1 1 0
0.191502 0.447727 0.447727 1 1 0
0.191021 0.447341 0.447341 1 1 0
0.190541 0.446954 0.446954 1 1 0
0.190062 0.446568 0.446568 1 1 0
0.189583 0.446182 0.446182 1 1 0
0.189106 0.445795 0.445795 1 1 0
0.18863 0.445409 0.445409 1 1 0
0.188155 0.445023 0.445023 1 1 0
0.187681 0.444637 0.444637 1 1 0
0.187207 0.444251 0.444251 1 1 0
0.186735 0.443866 0.443866 1 1 0
0.186264 0.44348 0.44348 1 1 0
0.185793 0.443094 0.443094 1 1 0
0.185324 0.442709 0.442709 1 1 0
0.184855 0.442323 0.442323 1 1 0
0.184388 0.441938 0.441938 1 1 0
0.183921 0.441552 0.441552 1 1 0
0.183456 0.441167 0.441167 1 1 0
0.182991 0.440782 0.440782 1 1 0
0.182528 0.440397 0.440397 1 1 0
0.182065 0.440012 0.440012 1 1 0
0.181603 0.439627 0.439627 1 1 0
0.181142 0.439242 0.439242 1 1 0
0.180682 0.438858 0.438858 1 1 0
0.180223 0.438473 0.438473 1 1 0
0.179765 0.438089 0.438089 1 1 0
0.179308 0.437704 0.437704 1 1 0
0.178852 0.43732 0.43732 1 1 0
0.178397 0.436936 0.436936 1 1 0
0.177943 0.436552 0.436552 1 1 0
0.17749 0.436168 0.436168 1 1 0
0.177037 0.435784 0.435784 1 1 0
0.176586 0.4354 0.4354 1 1 0
0.176135 0.435016 0.435016 1 1 0
0.175686 0.434632 0.434632 1 1 0
0.175237 0.434249 0.434249 1 1 0
0.174789 0.433866 0.433866 1 1 0
0.174343 0.433482 0.433482 1 1 0
0.173897 0.433099 0.433099 1 1 0
0.173452 0.432716 0.432716 1 1 0
0.173008 0.432333 0.432333 1 1 0
0.172565 0.43195 0.43195 1 1 0
0.172123 0.431567 0.431567 1 1 0
0.171681 0.431185 0.431185 1 1 0
0.171241 0.430802 0.430802 1 1 0
0.170802 0.43042 0.43042 1 1 0
0.170363 0.430037 0.430037 1 1 0
0.169925 0.429655 0.429655 1 1 0
0.169489 0.429273 0.429273 1 1 0
0.169053 0.428891 0.428891 1 1 0
0.168618 0.428509 0.428509 1 1 0
0.168184 0.428128 0.428128 1 1 0
0.167751 0.427746 0.427746 1 1 0
0.167319 0.427365 0.427365 1 1 0
0.166888 0.426983 0.426983 1 1 0
0.166457 0.426602 0.426602 1 1 0
0.166028 0.426221 0.426221 1 1 0
0.165599 0.42584 0.42584 1 1 0
0.165172 0.425459 0.425459 1 1 0
0.164745 0.425078 0.425078 1 1 0
0.164319 0.424698 0.424698 1 1 0
0.163894 0.424317 0.424317 1 1 0
0.16347 0.423937 0.423937 1 1 0
0.163046 0.423557 0.423557 1 1 0
0.162624 0.423176 0.423176 1 1 0
0.162203 0.422796 0.422796 1 1 0
0.161782 0.422417 0.422417 1 1 0
0.161362 0.422037 0.422037 1 1 0
0.160944 0.421657 0.421657 1 1 0
0.160526 0.421278 0.421278 1 1 0
0.160109 0.420899 0.420899 1 1 0
0.159692 0.420519 0.420519 1 1 0
0.159277 0.42014 0.42014 1 1 0
0.158863 0.419761 0.419761 1 1 0
0.158449 0.419383 0.419383 1 1 0
0.158036 0.419004 0.419004 1 1 0
0.157624 0.418626 0.418626 1 1 0
0.157213 0.418247 0.418247 1 1 0
0.156803 0.417869 0.417869 1 1 0
0.156394 0.417491 0.417491 1 1 0
0.155986 0.417113 0.417113 1 1 0
0.155578 0.416735 0.416735 1 1 0
0.155171 0.416358 0.416358 1 1 0
0.154766 0.41598 0.41598 1 1 0
0.154361 0.415603 0.415603 1 1 0
0.153956 0.415226 0.415226 1 1 0
0.153553 0.414849 0.414849 1 1 0
0.153151 0.414472 0.414472 1 1 0
0.152749 0.414095 0.414095 1 1 0
0.152349 0.413718 0.413718 1 1 0
0.151949 0.413342 0.413342 1 1 0
0.15155 0.412966 0.412966 1 1 0
0.151151 0.41259 0.41259 1 1 0
0.150754 0.412214 0.412214 1 1 0
0.150358 0.411838 0.411838 1 1 0
0.149962 0.411462 0.411462 1 1 0
0.149567 0.411087 0.411087 1 1 0
0.149173 0.410711 0.410711 1 1 0
0.14878 0.410336 0.410336 1 1 0
0.148388 0.409961 0.409961 1 1 0
0.147996 0.409586 0.409586 1 1 0
0.147605 0.409211 0.409211 1 1 0
0.147216 0.408837 0.408837 1 1 0
0.146827 0.408462 0.408462 1 1 0
0.146438 0.408088 0.408088 1 1 0
0.146051 0.407714 0.407714 1 1 0
0.145664 0.40734 0.40734 1 1 0
0.145279 0.406966 0.406966 1 1 0
0.144894 0.406593 0.406593 1 1 0
0.14451 0.406219 0.406219 1 1 0
0.144126 0.405846 0.405846 1 1 0
0.143744 0.405473 0.405473 1 1 0
0.143362 0.4051 0.4051 1 1 0
0.142982 0.404727 0.404727 1 1 0
0.142601 0.404355 0.404355 1 1 0
0.142222 0.403983 0.403983 1 1 0
0.141844 0.40361 0.40361 1 1 0
0.141466 0.403238 0.403238 1 1 0
0.141089 0.402866 0.402866 1 1 0
0.140713 0.402495 0.402495 1 1 0
0.140338 0.402123 0.402123 1 1 0
0.139964 0.401752 0.401752 1 1 0
0.13959 0.401381 0.401381 1 1 0
0.139217 0.40101 0.40101 1 1 0
0.138845 0.400639 0.400639 1 1 0
0.138474 0.400268 0.400268 1 1 0
0.138104 0.399898 0.399898 1 1 0
0.137734 0.399527 0.399527 1 1 0
0.137365 0.399157 0.399157 1 1 0
0.136997 0.398787 0.398787 1 1 0
0.13663 0.398417 0.398417 1 1 0
0.136264 0.398048 0.398048 1 1 0
0.135898 0.397678 0.397678 1 1 0
0.135533 0.397309 0.397309 1 1 0
0.135169 0.39694 0.39694 1 1 0
0.134805 0.396571 0.396571 1 1 0
0.134443 0.396203 0.396203 1 1 0
0.134081 0.395834 0.395834 1 1 0
0.13372 0.395466 0.395466 1 1 0
0.13336 0.395098 0.395098 1 1 0
0.133 0.39473 0.39473 1 1 0
0.132642 0.394362 0.394362 1 1 0
0.132284 0.393995 0.393995 1 1 0
0.131926 0.393627 0.393627 1 1 0
0.13157 0.39326 0.39326 1 1 0
0.131214 0.392893 0.392893 1 1 0
0.130859 0.392526 0.392526 1 1 0
0.130505 0.39216 0.39216 1 1 0
0.130152 0.391794 0.391794 1 1 0
0.129799 0.391427 0.391427 1 1 0
0.129447 0.391061 0.391061 1 1 0
0.129096 0.390696 0.390696 1 1 0
0.128746 0.39033 0.39033 1 1 0
0.128396 0.389965 0.389965 1 1 0
0.128048 0.389599 0.389599 1 1 0
0.127699 0.389234 0.389234 1 1 0
0.127352 0.38887 0.38887 1 1 0
0.127006 0.388505 0.388505 1 1 0
0.12666 0.38814 0.38814 1 1 0
0.126315 0.387776 0.387776 1 1 0
0.12597 0.387412 0.387412 1 1 0
0.125627 0.387048 0.387048 1 1 0
0.125284 0.386685 0.386685 1 1 0
0.124942 0.386321 0.386321 1 1 0
0.1246 0.385958 0.385958 1 1 0
0.12426 0.385595 0.385595 1 1 0
0.12392 0.385232 0.385232 1 1 0
0.12358 0.38487 0.38487 1 1 0
0.123242 0.384507 0.384507 1 1 0
0.122904 0.384145 0.384145 1 1 0
0.122567 0.383783 0.383783 1 1 0
0.122231 0.383421 0.383421 1 1 0
0.121895 0.38306 0.38306 1 1 0
0.12156 0.382699 0.382699 1 1 0
0.121226 0.382337 0.382337 1 1 0
0.120893 0.381976 0.381976 1 1 0
0.12056 0.381616 0.381616 1 1 0
0.120228 0.381255 0.381255 1 1 0
0.119897 0.380895 0.380895 1 1 0
0.119567 0.380535 0.380535 1 1 0
0.119237 0.380175 0.380175 1 1 0
0.118908 0.379815 0.379815 1 1 0
0.118579 0.379456 0.379456 1 1 0
0.118252 0.379097 0.379097 1 1 0
0.117925 0.378738 0.378738 1 1 0
0.117598 0.378379 0.378379 1 1 0
0.117273 0.37802 0.37802 1 1 0
0.116948 0.377662 0.377662 1 1 0
0.116624 0.377304 0.377304 1 1 0
0.1163 0.376946 0.376946 1 1 0
0.115978 0.376588 0.376588 1 1 0
0.115656 0.37623 0.37623 1 1 0
0.115334 0.375873 0.375873 1 1 0
0.115171 0.375691 0.375691 2 1 0
0.11485 0.375334 0.375334 2 1 0
0.114531 0.374977 0.374977 2 1 0
0.114212 0.374621 0.374621 2 1 0
0.113893 0.374264 0.374264 2 1 0
0.113576 0.373908 0.373908 2 1 0
0.113259 0.373553 0.373553 2 1 0
0.112943 0.373197 0.373197 2 1 0
0.112627 0.372842 0.372842 2 1 0
0.112313 0.372486 0.372486 2 1 0
0.111999 0.372131 0.372131 2 1 0
0.111685 0.371777 0.371777 2 1 0
0.111372 0.371422 0.371422 2 1 0
0.11106 0.371068 0.371068 2 1 0
0.110749 0.370714 0.370714 2 1 0
0.110438 0.37036 0.37036 2 1 0
0.110128 0.370006 0.370006 2 1 0
0.109819 0.369653 0.369653 2 1 0
0.10951 0.3693 0.3693 2 1 0
0.109202 0.368947 0.368947 2 1 0
0.108895 0.368594 0.368594 2 1 0
0.108588 0.368242 0.368242 2 1 0
0.108282 0.36789 0.36789 2 1 0
0.107977 0.367538 0.367538 2 1 0
0.107672 0.367186 0.367186 2 1 0
0.107368 0.366834 0.366834 2 1 0
0.107065 0.366483 0.366483 2 1 0
0.106762 0.366132 0.366132 2 1 0
0.10646 0.365781 0.365781 2 1 0
0.106159 0.36543 0.36543 2 1 0
0.105858 0.36508 0.36508 2 1 0
0.105558 0.36473 0.36473 2 1 0
0.105258 0.36438 0.36438 2 1 0
0.10496 0.36403 0.36403 2 1 0
0.104661 0.363681 0.363681 2 1 0
0.104364 0.363332 0.363332 2 1 0
0.104067 0.362983 0.362983 2 1 0
0.103771 0.362634 0.362634 2 1 0
0.103475 0.362285 0.362285 2 1 0
0.10318 0.361937 0.361937 2 1 0
0.102886 0.361589 0.361589 2 1 0
0.102593 0.361241 0.361241 2 1 0
0.1023 0.360894 0.360894 2 1 0
0.102007 0.360547 0.360547 2 1 0
0.101716 0.360199 0.360199 2 1 0
0.101425 0.359853 0.359853 2 1 0
0.101134 0.359506 0.359506 2 1 0
0.100844 0.35916 0.35916 2 1 0
0.100555 0.358814 0.358814 2 1 0
0.100267 0.358468 0.358468 2 1 0
0.0999788 0.358122 0.358122 2 1 0
0.0996915 0.357777 0.357777 2 1 0
0.0994049 0.357432 0.357432 2 1 0
0.0991189 0.357087 0.357087 2 1 0
0.0988335 0.356742 0.356742 2 1 0
0.0985487 0.356398 0.356398 2 1 0
0.0982646 0.356054 0.356054 2 1 0
0.0979811 0.35571 0.35571 2 1 0
0.0976982 0.355366 0.355366 2 1 0
0.0974159 0.355023 0.355023 2 1 0
0.0971342 0.354679 0.354679 2 1 0
0.0968532 0.354337 0.354337 2 1 0
0.0965727 0.353994 0.353994 2 1 0
0.0962929 0.353651 0.353651 2 1 0
0.0960137 0.353309 0.353309 2 1 0
0.0957351 0.352967 0.352967 2 1 0
0.0954571 0.352626 0.352626 2 1 0
0.0951797 0.352284 0.352284 2 1 0
0.0949029 0.351943 0.351943 2 1 0
0.0946267 0.351602 0.351602 2 1 0
0.0943511 0.351261 0.351261 2 1 0
0.0940762 0.350921 0.350921 2 1 0
0.0938018 0.350581 0.350581 2 1 0
0.093528 0.350241 0.350241 2 1 0
0.0932549 0.349901 0.349901 2 1 0
0.0929823 0.349562 0.349562 2 1 0
0.0927103 0.349222 0.349222 2 1 0
0.0924389 0.348884 0.348884 2 1 0
0.0921681 0.348545 0.348545 2 1 0
0.0918979 0.348206 0.348206 2 1 0
0.0916283 0.347868 0.347868 2 1 0
0.0913593 0.34753 0.34753 2 1 0
0.0910909 0.347193 0.347193 2 1 0
0.0908231 0.346855 0.346855 2 1 0
0.0905558 0.346518 0.346518 2 1 0
0.0902891 0.346181 0.346181 2 1 0
0.0900231 0.345845 0.345845 2 1 0
0.0897576 0.345508 0.345508 2 1 0
0.0894926 0.345172 0.345172 2 1 0
0.0892283 0.344836 0.344836 2 1 0
0.0889646 0.344501 0.344501 2 1 0
0.0887014 0.344165 0.344165 2 1 0
0.0884388 0.34383 0.34383 2 1 0
0.0881768 0.343495 0.343495 2 1 0
0.0879153 0.343161 0.343161 2 1 0
0.0876544 0.342826 0.342826 2 1 0
0.0873941 0.342492 0.342492 2 1 0
0.0871344 0.342158 0.342158 2 1 0
0.0868752 0.341825 0.341825 2 1 0
0.0866166 0.341491 0.341491 2 1 0
0.0863586 0.341158 0.341158 2 1 0
0.0861011 0.340826 0.340826 2 1 0
0.0858442 0.340493 0.340493 2 1 0
0.0855879 0.340161 0.340161 2 1 0
0.0853321 0.339829 0.339829 2 1 0
0.0850769 0.339497 0.339497 2 1 0
0.0848222 0.339166 0.339166 2 1 0
0.0845682 0.338834 0.338834 2 1 0
0.0843146 0.338503 0.338503 2 1 0
0.0840616 0.338173 0.338173 2 1 0
0.0838092 0.337842 0.337842 2 1 0
0.0835573 0.337512 0.337512 2 1 0
0.083306 0.337182 0.337182 2 1 0
0.0830553 0.336853 0.336853 2 1 0
0.082805 0.336523 0.336523 2 1 0
0.0825554 0.336194 0.336194 2 1 0
0.0823063 0.335865 0.335865 2 1 0
0.0820577 0.335537 0.335537 2 1 0
0.0818097 0.335208 0.335208 2 1 0
0.0815622 0.33488 0.33488 2 1 0
0.0813153 0.334552 0.334552 2 1 0
0.0810689 0.334225 0.334225 2 1 0
0.080823 0.333898 0.333898 2 1 0
0.0805777 0.333571 0.333571 2 1 0
0.0803329 0.333244 0.333244 2 1 0
0.0800887 0.332917 0.332917 2 1 0
0.079845 0.332591 0.332591 2 1 0
0.0796018 0.332265 0.332265 2 1 0
0.0793592 0.33194 0.33194 2 1 0
0.0791171 0.331614 0.331614 2 1 0
0.0788756 0.331289 0.331289 2 1 0
0.0786345 0.330964 0.330964 2 1 0
0.078394 0.330639 0.330639 2 1 0
0.0781541 0.330315 0.330315 2 1 0
0.0779146 0.329991 0.329991 2 1 0
0.0776757 0.329667 0.329667 2 1 0
0.0774373 0.329344 0.329344 2 1 0
0.0771995 0.32902 0.32902 2 1 0
0.0769621 0.328697 0.328697 2 1 0
0.0767253 0.328375 0.328375 2 1 0
0.076489 0.328052 0.328052 2 1 0
0.0762532 0.32773 0.32773 2 1 0
0.076018 0.327408 0.327408 2 1 0
0.0757832 0.327087 0.327087 2 1 0
0.075549 0.326765 0.326765 2 1 0
0.0753153 0.326444 0.326444 2 1 0
0.0750821 0.326123 0.326123 2 1 0
0.0748494 0.325803 0.325803 2 1 0
0.0746172 0.325482 0.325482 2 1 0
0.0743856 0.325162 0.325162 2 1 0
0.0741544 0.324843 0.324843 2 1 0
0.0739238 0.324523 0.324523 2 1 0
0.0736937 0.324204 0.324204 2 1 0
0.073464 0.323885 0.323885 2 1 0
0.0732349 0.323566 0.323566 2 1 0
0.0730063 0.323248 0.323248 2 1 0
0.0727782 0.32293 0.32293 2 1 0
0.0725506 0.322612 0.322612 2 1 0
0.0723235 0.322294 0.322294 2 1 0
0.0720969 0.321977 0.321977 2 1 0
0.0718708 0.32166 0.32166 2 1 0
0.0716452 0.321343 0.321343 2 1 0
0.0714201 0.321027 0.321027 2 1 0
0.0711954 0.32071 0.32071 2 1 0
0.0709713 0.320394 0.320394 2 1 0
0.0707477 0.320079 0.320079 2 1 0
0.0705246 0.319763 0.319763 2 1 0
0.0703019 0.319448 0.319448 2 1 0
0.0700798 0.319133 0.319133 2 1 0
0.0698581 0.318819 0.318819 2 1 0
0.069637 0.318505 0.318505 2 1 0
0.0694163 0.318191 0.318191 2 1 0
0.0691961 0.317877 0.317877 2 1 0
0.0689764 0.317563 0.317563 2 1 0
0.0687572 0.31725 0.31725 2 1 0
0.0685384 0.316937 0.316937 2 1 0
0.0683202 0.316625 0.316625 2 1 0
0.0681024 0.316312 0.316312 2 1 0
0.0678851 0.316 0.316 2 1 0
0.0676683 0.315688 0.315688 2 1 0
0.0674519 0.315377 0.315377 2 1 0
0.0672361 0.315065 0.315065 2 1 0
0.0670207 0.314754 0.314754 2 1 0
0.0668058 0.314444 0.314444 2 1 0
0.0665913 0.314133 0.314133 2 1 0
0.0663774 0.313823 0.313823 2 1 0
0.0661639 0.313513 0.313513 2 1 0
0.0659509 0.313204 0.313204 2 1 0
0.0657383 0.312894 0.312894 2 1 0
0.0655263 0.312585 0.312585 2 1 0
0.0653147 0.312277 0.312277 2 1 0
0.0651035 0.311968 0.311968 2 1 0
0.0648928 0.31166 0.31166 2 1 0
0.0646826 0.311352 0.311352 2 1 0
0.0644729 0.311044 0.311044 2 1 0
0.0642636 0.310737 0.310737 2 1 0
0.0640548 0.31043 0.31043 2 1 0
0.0638464 0.310123 0.310123 2 1 0
0.0636385 0.309816 0.309816 2 1 0
0.0634311 0.30951 0.30951 2 1 0
0.0632241 0.309204 0.309204 2 1 0
0.0630176 0.308898 0.308898 2 1 0
0.0628116 0.308593 0.308593 2 1 0
0.0626059 0.308288 0.308288 2 1 0
0.0624008 0.307983 0.307983 2 1 0
0.0621961 0.307678 0.307678 2 1 0
0.0619918 0.307374 0.307374 2 1 0
0.0617881 0.30707 0.30707 2 1 0
0.0615847 0.306766 0.306766 2 1 0
0.0613818 0.306463 0.306463 2 1 0
0.0611794 0.306159 0.306159 2 1 0
0.0609774 0.305856 0.305856 2 1 0
0.0607758 0.305554 0.305554 2 1 0
0.0605747 0.305251 0.305251 2 1 0
0.0603741 0.304949 0.304949 2 1 0
0.0601739 0.304647 0.304647 2 1 0
0.0599741 0.304346 0.304346 2 1 0
0.0597748 0.304045 0.304045 2 1 0
0.0595759 0.303744 0.303744 2 1 0
0.0593774 0.303443 0.303443 2 1 0
0.0591794 0.303143 0.303143 2 1 0
0.0589818 0.302842 0.302842 2 1 0
0.0587847 0.302543 0.302543 2 1 0
0.058588 0.302243 0.302243 2 1 0
0.0583918 0.301944 0.301944 2 1 0
0.0581959 0.301645 0.301645 2 1 0
0.0580005 0.301346 0.301346 2 1 0
0.0578056 0.301048 0.301048 2 1 0
0.0576111 0.300749 0.300749 2 1 0
0.057417 0.300452 0.300452 2 1 0
0.0572233 0.300154 0.300154 2 1 0
0.0570301 0.299857 0.299857 2 1 0
0.0568373 0.29956 0.29956 2 1 0
0.0566449 0.299263 0.299263 2 1 0
0.0564529 0.298966 0.298966 2 1 0
0.0562614 0.29867 0.29867 2 1 0
0.0560703 0.298374 0.298374 2 1 0
0.0558796 0.298078 0.298078 2 1 0
0.0556894 0.297783 0.297783 2 1 0
0.0554995 0.297488 0.297488 2 1 0
0.0553101 0.297193 0.297193 2 1 0
0.0551211 0.296899 0.296899 2 1 0
0.0549325 0.296604 0.296604 2 1 0
0.0547444 0.296311 0.296311 2 1 0
0.0545566 0.296017 0.296017 2 1 0
0.0543693 0.295723 0.295723 2 1 0
0.0541824 0.29543 0.29543 2 1 0
0.0539959 0.295138 0.295138 2 1 0
0.0538098 0.294845 0.294845 2 1 0
0.0536242 0.294553 0.294553 2 1 0
0.0534389 0.294261 0.294261 2 1 0
0.0532541 0.293969 0.293969 2 1 0
0.0530697 0.293678 0.293678 2 1 0
0.0528856 0.293386 0.293386 2 1 0
0.052702 0.293096 0.293096 2 1 0
0.0525188 0.292805 0.292805 2 1 0
0.052336 0.292515 0.292515 2 1 0
0.0521536 0.292225 0.292225 2 1 0
0.0519717 0.291935 0.291935 2 1 0
0.0517901 0.291645 0.291645 2 1 0
0.0516089 0.291356 0.291356 2 1 0
0.0514281 0.291067 0.291067 2 1 0
0.0512477 0.290779 0.290779 2 1 0
0.0510678 0.29049 0.29049 2 1 0
0.0508882 0.290202 0.290202 2 1 0
0.050709 0.289915 0.289915 2 1 0
0.0505303 0.289627 0.289627 2 1 0
0.0503519 0.28934 0.28934 2 1 0
0.0501739 0.289053 0.289053 2 1 0
0.0499963 0.288766 0.288766 2 1 0
0.0498191 0.28848 0.28848 2 1 0
0.0496423 0.288194 0.288194 2 1 0
0.0494659 0.287908 0.287908 2 1 0
0.0492899 0.287623 0.287623 2 1 0
0.0491143 0.287337 0.287337 2 1 0
0.0489391 0.287053 0.287053 2 1 0
0.0487642 0.286768 0.286768 2 1 0
0.0485898 0.286483 0.286483 2 1 0
0.0484157 0.286199 0.286199 2 1 0
0.0482421 0.285916 0.285916 2 1 0
0.0480688 0.285632 0.285632 2 1 0
0.0478959 0.285349 0.285349 2 1 0
0.0477234 0.285066 0.285066 2 1 0
0.0475512 0.284783 0.284783 2 1 0
0.0473795 0.284501 0.284501 2 1 0
0.0472081 0.284219 0.284219 2 1 0
0.0470372 0.283937 0.283937 2 1 0
0.0468666 0.283655 0.283655 2 1 0
0.0466963 0.283374 0.283374 2 1 0
0.0465265 0.283093 0.283093 2 1 0
0.046357 0.282812 0.282812 2 1 0
0.046188 0.282532 0.282532 2 1 0
0.0460192 0.282252 0.282252 2 1 0
0.0458509 0.281972 0.281972 2 1 0
0.045683 0.281692 0.281692 2 1 0
0.0455154 0.281413 0.281413 2 1 0
0.0453482 0.281134 0.281134 2 1 0
0.0451813 0.280855 0.280855 2 1 0
0.0450149 0.280576 0.280576 2 1 0
0.0448488 0.280298 0.280298 2 1 0
0.0446831 0.28002 0.28002 2 1 0
0.0445177 0.279743 0.279743 2 1 0
0.0443527 0.279465 0.279465 2 1 0
0.0441881 0.279188 0.279188 2 1 0
0.0440239 0.278912 0.278912 2 1 0
0.04386 0.278635 0.278635 2 1 0
0.0436965 0.278359 0.278359 2 1 0
0.0435334 0.278083 0.278083 2 1 0
0.0433706 0.277807 0.277807 2 1 0
0.0432082 0.277532 0.277532 2 1 0
0.0430461 0.277257 0.277257 2 1 0
0.0428844 0.276982 0.276982 2 1 0
0.0427231 0.276707 0.276707 2 1 0
0.0425621 0.276433 0.276433 2 1 0
0.0424015 0.276159 0.276159 2 1 0
0.0422412 0.275885 0.275885 2 1 0
0.0420814 0.275612 0.275612 2 1 0
0.0419218 0.275339 0.275339 2 1 0
0.0417626 0.275066 0.275066 2 1 0
0.0416038 0.274793 0.274793 2 1 0
0.0414454 0.274521 0.274521 2 1 0
0.0412872 0.274249 0.274249 2 1 0
0.0411295 0.273977 0.273977 2 1 0
0.0409721 0.273706 0.273706 2 1 0
0.040815 0.273435 0.273435 2 1 0
0.0406583 0.273164 0.273164 2 1 0
0.040502 0.272893 0.272893 2 1 0
0.040346 0.272623 0.272623 2 1 0
0.0401903 0.272353 0.272353 2 1 0
0.040035 0.272083 0.272083 2 1 0
0.0398801 0.271814 0.271814 2 1 0
0.0397255 0.271544 0.271544 2 1 0
0.0395712 0.271275 0.271275 2 1 0
0.0394173 0.271007 0.271007 2 1 0
0.0392637 0.270738 0.270738 2 1 0
0.0391105 0.27047 0.27047 2 1 0
0.0389576 0.270202 0.270202 2 1 0
0.0388051 0.269935 0.269935 2 1 0
0.0386529 0.269668 0.269668 2 1 0
0.038501 0.269401 0.269401 2 1 0
0.0383495 0.269134 0.269134 2 1 0
0.0381983 0.268867 0.268867 2 1 0
0.0380475 0.268601 0.268601 2 1 0
0.037897 0.268335 0.268335 2 1 0
0.0377468 0.26807 0.26807 2 1 0
0.037597 0.267805 0.267805 2 1 0
0.0374475 0.26754 0.26754 2 1 0
0.0372984 0.267275 0.267275 2 1 0
0.0371496 0.26701 0.26701 2 1 0
0.0370011 0.266746 0.266746 2 1 0
0.0368529 0.266482 0.266482 2 1 0
0.0367051 0.266219 0.266219 2 1 0
0.0365576 0.265955 0.265955 2 1 0
0.0364105 0.265692 0.265692 2 1 0
0.0362637 0.265429 0.265429 2 1 0
0.0361172 0.265167 0.265167 2 1 0
0.035971 0.264904 0.264904 2 1 0
0.0358252 0.264642 0.264642 2 1 0
0.0356797 0.264381 0.264381 2 1 0
0.0355345 0.264119 0.264119 2 1 0
0.0353897 0.263858 0.263858 2 1 0
0.0352451 0.263597 0.263597 2 1 0
0.0351009 0.263337 0.263337 2 1 0
0.0349571 0.263076 0.263076 2 1 0
0.0348135 0.262816 0.262816 2 1 0
0.0346703 0.262557 0.262557 2 1 0
0.0345274 0.262297 0.262297 2 1 0
0.0343848 0.262038 0.262038 2 1 0
0.0342426 0.261779 0.261779 2 1 0
0.0341006 0.26152 0.26152 2 1 0
0.033959 0.261262 0.261262 2 1 0
0.0338177 0.261004 0.261004 2 1 0
0.0336767 0.260746 0.260746 2 1 0
0.033536 0.260488 0.260488 2 1 0
0.0333957 0.260231 0.260231 2 1 0
0.0332557 0.259974 0.259974 2 1 0
0.033116 0.259717 0.259717 2 1 0
0.0329766 0.259461 0.259461 2 1 0
0.0328375 0.259205 0.259205 2 1 0
0.0326987 0.258949 0.258949 2 1 0
0.0325602 0.258693 0.258693 2 1 0
0.0324221 0.258438 0.258438 2 1 0
0.0322843 0.258183 0.258183 2 1 0
0.0321467 0.257928 0.257928 2 1 0
0.0320095 0.257674 0.257674 2 1 0
0.0318726 0.257419 0.257419 2 1 0
0.031736 0.257165 0.257165 2 1 0
0.0315998 0.256912 0.256912 2 1 0
0.0314638 0.256658 0.256658 2 1 0
0.0313281 0.256405 0.256405 2 1 0
0.0311928 0.256152 0.256152 2 1 0
0.0310577 0.2559 0.2559 2 1 0
0.030923 0.255647 0.255647 2 1 0
0.0307885 0.255395 0.255395 2 1 0
0.0306544 0.255143 0.255143 2 1 0
0.0305205 0.254892 0.254892 2 1 0
0.030387 0.254641 0.254641 2 1 0
0.0302538 0.25439 0.25439 2 1 0
0.0301208 0.254139 0.254139 2 1 0
0.0299882 0.253889 0.253889 2 1 0
0.0298559 0.253638 0.253638 2 1 0
0.0297238 0.253389 0.253389 2 1 0
0.0295921 0.253139 0.253139 2 1 0
0.0294607 0.25289 0.25289 2 1 0
0.0293296 0.252641 0.252641 2 1 0
0.0291987 0.252392 0.252392 2 1 0
0.0290682 0.252143 0.252143 2 1 0
0.0289379 0.251895 0.251895 2 1 0
0.028808 0.251647 0.251647 2 1 0
0.0286783 0.251399 0.251399 2 1 0
0.028549 0.251152 0.251152 2 1 0
0.0284199 0.250905 0.250905 2 1 0
0.0282911 0.250658 0.250658 2 1 0
0.0281627 0.250411 0.250411 2 1 0
0.0280345 0.250165 0.250165 2 1 0
0.0279066 0.249919 0.249919 2 1 0
0.027779 0.249673 0.249673 2 1 0
0.0276516 0.249427 0.249427 2 1 0
0.0275246 0.249182 0.249182 2 1 0
0.0273979 0.248937 0.248937 2 1 0
0.0272714 0.248692 0.248692 2 1 0
0.0271453 0.248448 0.248448 2 1 0
0.0270194 0.248204 0.248204 2 1 0
0.0268938 0.24796 0.24796 2 1 0
0.0267685 0.247716 0.247716 2 1 0
0.0266435 0.247473 0.247473 2 1 0
0.0265187 0.24723 0.24723 2 1 0
0.0263943 0.246987 0.246987 2 1 0
0.0262701 0.246744 0.246744 2 1 0
0.0261462 0.246502 0.246502 2 1 0
0.0260226 0.24626 0.24626 2 1 0
0.0258993 0.246018 0.246018 2 1 0
0.0257763 0.245777 0.245777 2 1 0
0.0256535 0.245536 0.245536 2 1 0
0.025531 0.245295 0.245295 2 1 0
0.0254088 0.245054 0.245054 2 1 0
0.0252869 0.244813 0.244813 2 1 0
0.0251653 0.244573 0.244573 2 1 0
0.0250439 0.244333 0.244333 2 1 0
0.0249228 0.244094 0.244094 2 1 0
0.024802 0.243854 0.243854 2 1 0
0.0246815 0.243615 0.243615 2 1 0
0.0245612 0.243377 0.243377 2 1 0
0.0244412 0.243138 0.243138 2 1 0
0.0243215 0.2429 0.2429 2 1 0
0.024202 0.242662 0.242662 2 1 0
0.0240829 0.242424 0.242424 2 1 0
0.023964 0.242186 0.242186 2 1 0
0.0238454 0.241949 0.241949 2 1 0
0.023727 0.241712 0.241712 2 1 0
0.0236089 0.241476 0.241476 2 1 0
0.0234911 0.241239 0.241239 2 1 0
0.0233736 0.241003 0.241003 2 1 0
0.0232563 0.240767 0.240767 2 1 0
0.0231393 0.240531 0.240531 2 1 0
0.0230225 0.240296 0.240296 2 1 0
0.0229061 0.240061 0.240061 2 1 0
0.0227899 0.239826 0.239826 2 1 0
0.0226739 0.239592 0.239592 2 1 0
0.0225582 0.239357 0.239357 2 1 0
0.0224428 0.239123 0.239123 2 1 0
0.0223277 0.238889 0.238889 2 1 0
0.0222128 0.238656 0.238656 2 1 0
0.0220982 0.238423 0.238423 2 1 0
0.0219838 0.23819 0.23819 2 1 0
0.0218698 0.237957 0.237957 2 1 0
0.0217559 0.237724 0.237724 2 1 0
0.0216423 0.237492 0.237492 2 1 0
0.021529 0.23726 0.23726 2 1 0
0.021416 0.237029 0.237029 2 1 0
0.0213032 0.236797 0.236797 2 1 0
0.0211907 0.236566 0.236566 2 1 0
0.0210784 0.236335 0.236335 2 1 0
0.0209664 0.236105 0.236105 2 1 0
0.0208546 0.235874 0.235874 2 1 0
0.0207431 0.235644 0.235644 2 1 0
0.0206319 0.235414 0.235414 2 1 0
0.0205209 0.235185 0.235185 2 1 0
0.0204102 0.234955 0.234955 2 1 0
0.0202997 0.234726 0.234726 2 1 0
0.0201895 0.234497 0.234497 2 1 0
0.0200795 0.234269 0.234269 2 1 0
0.0199698 0.234041 0.234041 2 1 0
0.0198603 0.233813 0.233813 2 1 0
0.0197511 0.233585 0.233585 2 1 0
0.0196421 0.233357 0.233357 2 1 0
0.0195334 0.23313 0.23313 2 1 0
0.0194249 0.232903 0.232903 2 1 0
0.0193167 0.232676 0.232676 2 1 0
0.0192088 0.23245 0.23245 2 1 0
0.0191011 0.232224 0.232224 2 1 0
0.0189936 0.231998 0.231998 2 1 0
0.0188864 0.231772 0.231772 2 1 0
0.0187794 0.231547 0.231547 2 1 0
0.0186727 0.231321 0.231321 2 1 0
0.0185662 0.231097 0.231097 2 1 0
0.01846 0.230872 0.230872 2 1 0
0.018354 0.230647 0.230647 2 1 0
0.0182482 0.230423 0.230423 2 1 0
0.0182482 0.230423 0.230423 2 1 0
0.0181427 0.230199 0.230199 2 1 0
0.0180375 0.229976 0.229976 2 1 0
0.0179325 0.229752 0.229752 2 1 0
0.0178277 0.229529 0.229529 2 1 0
0.0177232 0.229306 0.229306 2 1 0
0.0176189 0.229084 0.229084 2 1 0
0.0175148 0.228862 0.228862 2 1 0
0.017411 0.228639 0.228639 2 1 0
0.0173075 0.228418 0.228418 2 1 0
0.0172041 0.228196 0.228196 2 1 0
0.0171011 0.227975 0.227975 2 1 0
0.0169982 0.227754 0.227754 2 1 0
0.0168956 0.227533 0.227533 2 1 0
0.0167932 0.227312 0.227312 2 1 0
0.0166911 0.227092 0.227092 2 1 0
0.0165892 0.226872 0.226872 2 1 0
0.0164875 0.226652 0.226652 2 1 0
0.0163861 0.226433 0.226433 2 1 0
0.0162849 0.226213 0.226213 2 1 0
0.0161839 0.225994 0.225994 2 1 0
0.0160832 0.225775 0.225775 2 1 0
0.0159827 0.225557 0.225557 2 1 0
0.0158825 0.225339 0.225339 2 1 0
0.0157824 0.225121 0.225121 2 1 0
0.0156827 0.224903 0.224903 2 1 0
0.0155831 0.224685 0.224685 2 1 0
0.0154838 0.224468 0.224468 2 1 0
0.0153847 0.224251 0.224251 2 1 0
0.0152858 0.224034 0.224034 2 1 0
0.0151872 0.223818 0.223818 2 1 0
0.0150887 0.223601 0.223601 2 1 0
0.0149906 0.223385 0.223385 2 1 0
0.0148926 0.22317 0.22317 2 1 0
0.0147949 0.222954 0.222954 2 1 0
0.0146974 0.222739 0.222739 2 1 0
0.0146001 0.222524 0.222524 2 1 0
0.0145031 0.222309 0.222309 2 1 0
0.0144062 0.222095 0.222095 2 1 0
0.0143096 0.22188 0.22188 2 1 0
0.0142133 0.221666 0.221666 2 1 0
0.0141171 0.221453 0.221453 2 1 0
0.0140212 0.221239 0.221239 2 1 0
0.0139255 0.221026 0.221026 2 1 0
0.01383 0.220813 0.220813 2 1 0
0.0137348 0.2206 0.2206 2 1 0
0.0136397 0.220388 0.220388 2 1 0
0.0135449 0.220175 0.220175 2 1 0
0.0134503 0.219963 0.219963 2 1 0
0.0133559 0.219752 0.219752 2 1 0
0.0132618 0.21954 0.21954 2 1 0
0.0131679 0.219329 0.219329 2 1 0
0.0130741 0.219118 0.219118 2 1 0
0.0129807 0.218907 0.218907 2 1 0
0.0128874 0.218697 0.218697 2 1 0
0.0127943 0.218486 0.218486 2 1 0
0.0127015 0.218276 0.218276 2 1 0
0.0126089 0.218066 0.218066 2 1 0
0.0125164 0.217857 0.217857 2 1 0
0.0124242 0.217648 0.217648 2 1 0
0.0123323 0.217439 0.217439 2 1 0
0.0122405 0.21723 0.21723 2 1 0
0.012149 0.217021 0.217021 2 1 0
0.0120576 0.216813 0.216813 2 1 0
0.0119665 0.216605 0.216605 2 1 0
0.0118756 0.216397 0.216397 2 1 0
0.0117849 0.216189 0.216189 2 1 0
0.0116944 0.215982 0.215982 2 1 0
0.0116041 0.215775 0.215775 2 1 0
0.0115141 0.215568 0.215568 2 1 0
0.0114242 0.215361 0.215361 2 1 0
0.0113346 0.215155 0.215155 2 1 0
0.0112452 0.214949 0.214949 2 1 0
0.0111559 0.214743 0.214743 2 1 0
0.0110669 0.214538 0.214538 2 1 0
0.0109781 0.214332 0.214332 2 1 0
0.0108895 0.214127 0.214127 2 1 0
0.0108011 0.213922 0.213922 2 1 0
0.010713 0.213717 0.213717 2 1 0
0.010625 0.213513 0.213513 2 1 0
0.0105372 0.213309 0.213309 2 1 0
0.0104497 0.213105 0.213105 2 1 0
0.0103623 0.212901 0.212901 2 1 0
0.0102751 0.212698 0.212698 2 1 0
0.0101882 0.212495 0.212495 2 1 0
0.0101014 0.212292 0.212292 2 1 0
0.0100149 0.212089 0.212089 2 1 0
0.00992857 0.211886 0.211886 2 1 0
0.00984244 0.211684 0.211684 2 1 0
0.0097565 0.211482 0.211482 2 1 0
0.00967077 0.21128 0.21128 2 1 0
0.00958524 0.211079 0.211079 2 1 0
0.00949991 0.210878 0.210878 2 1 0
0.00941478 0.210676 0.210676 2 1 0
0.00932985 0.210476 0.210476 2 1 0
0.00924512 0.210275 0.210275 2 1 0
0.00916059 0.210075 0.210075 2 1 0
0.00907626 0.209875 0.209875 2 1 0
0.00899213 0.209675 0.209675 2 1 0
0.00890819 0.209475 0.209475 2 1 0
0.00882446 0.209276 0.209276 2 1 0
0.00874091 0.209077 0.209077 2 1 0
0.00865757 0.208878 0.208878 2 1 0
0.00857442 0.208679 0.208679 2 1 0
0.00849147 0.208481 0.208481 2 1 0
0.00840871 0.208282 0.208282 2 1 0
0.00832615 0.208084 0.208084 2 1 0
0.00824378 0.207887 0.207887 2 1 0
0.0081616 0.207689 0.207689 2 1 0
0.00807962 0.207492 0.207492 2 1 0
0.00799783 0.207295 0.207295 2 1 0
0.00791624 0.207098 0.207098 2 1 0
0.00783483 0.206902 0.206902 2 1 0
0.00775362 0.206705 0.206705 2 1 0
0.0076726 0.206509 0.206509 2 1 0
0.00759177 0.206313 0.206313 2 1 0
0.00751113 0.206118 0.206118 2 1 0
0.00743068 0.205922 0.205922 2 1 0
0.00735042 0.205727 0.205727 2 1 0
0.00727035 0.205532 0.205532 2 1 0
0.00719047 0.205338 0.205338 2 1 0
0.00711078 0.205143 0.205143 2 1 0
0.00703127 0.204949 0.204949 2 1 0
0.00695196 0.204755 0.204755 2 1 0
0.00687283 0.204561 0.204561 2 1 0
0.00679388 0.204368 0.204368 2 1 0
0.00671513 0.204175 0.204175 2 1 0
0.00663655 0.203981 0.203981 2 1 0
0.00655817 0.203789 0.203789 2 1 0
0.00647997 0.203596 0.203596 2 1 0
0.00640195 0.203404 0.203404 2 1 0
0.00632412 0.203212 0.203212 2 1 0
0.00624647 0.20302 0.20302 2 1 0
0.00616901 0.202828 0.202828 2 1 0
0.00609172 0.202637 0.202637 2 1 0
0.00601462 0.202445 0.202445 2 1 0
0.00593771 0.202254 0.202254 2 1 0
0.00586097 0.202064 0.202064 2 1 0
0.00578442 0.201873 0.201873 2 1 0
0.00570804 0.201683 0.201683 2 1 0
0.00563185 0.201493 0.201493 2 1 0
0.00555584 0.201303 0.201303 2 1 0
0.00548001 0.201113 0.201113 2 1 0
0.00540435 0.200924 0.200924 2 1 0
0.00532888 0.200735 0.200735 2 1 0
0.00525358 0.200546 0.200546 2 1 0
0.00517846 0.200357 0.200357 2 1 0
0.00510352 0.200169 0.200169 2 1 0
0.00502876 0.199981 0.199981 2 1 0
0.00495418 0.199793 0.199793 2 1 0
0.00487977 0.199605 0.199605 2 1 0
0.00480553 0.199417 0.199417 2 1 0
0.00473147 0.19923 0.19923 2 1 0
0.00465759 0.199043 0.199043 2 1 0
0.00458388 0.198856 0.198856 2 1 0
0.00451035 0.198669 0.198669 2 1 0
0.00443699 0.198483 0.198483 2 1 0
0.00436381 0.198297 0.198297 2 1 0
0.00429079 0.198111 0.198111 2 1 0
0.00421795 0.197925 0.197925 2 1 0
0.00414529 0.19774 0.19774 2 1 0
0.00407279 0.197554 0.197554 2 1 0
0.00400047 0.197369 0.197369 2 1 0
0.00392832 0.197184 0.197184 2 1 0
0.00385634 0.197 0.197 2 1 0
0.00378453 0.196815 0.196815 2 1 0
0.00371288 0.196631 0.196631 2 1 0
0.00364141 0.196447 0.196447 2 1 0
0.00357011 0.196264 0.196264 2 1 0
0.00349898 0.19608 0.19608 2 1 0
0.00342802 0.195897 0.195897 2 1 0
0.00335722 0.195714 0.195714 2 1 0
0.00328659 0.195531 0.195531 2 1 0
0.00321613 0.195348 0.195348 2 1 0
0.00314584 0.195166 0.195166 2 1 0
0.00307571 0.194984 0.194984 2 1 0
0.00300575 0.194802 0.194802 2 1 0
0.00293595 0.19462 0.19462 2 1 0
0.00286632 0.194438 0.194438 2 1 0
0.00279686 0.194257 0.194257 2 1 0
0.00272756 0.194076 0.194076 2 1 0
0.00265842 0.193895 0.193895 2 1 0
0.00258945 0.193715 0.193715 2 1 0
0.00252064 0.193534 0.193534 2 1 0
0.002452 0.193354 0.193354 2 1 0
0.00238352 0.193174 0.193174 2 1 0
0.0023152 0.192994 0.192994 2 1 0
0.00224704 0.192815 0.192815 2 1 0
0.00217904 0.192636 0.192636 2 1 0
0.00211121 0.192456 0.192456 2 1 0
0.00204353 0.192278 0.192278 2 1 0
0.00197602 0.192099 0.192099 2 1 0
0.00190866 0.19192 0.19192 2 1 0
0.00184147 0.191742 0.191742 2 1 0
0.00177443 0.191564 0.191564 2 1 0
0.00170756 0.191386 0.191386 2 1 0
0.00164084 0.191209 0.191209 2 1 0
0.00157428 0.191032 0.191032 2 1 0
0.00150788 0.190854 0.190854 2 1 0
0.00144163 0.190678 0.190678 2 1 0
0.00137554 0.190501 0.190501 2 1 0
0.00130961 0.190324 0.190324 2 1 0
0.00124384 0.190148 0.190148 2 1 0
0.00117822 0.189972 0.189972 2 1 0
0.00111276 0.189796 0.189796 2 1 0
0.00104745 0.189621 0.189621 2 1 0
0.000982297 0.189445 0.189445 2 1 0
0.000917298 0.18927 0.18927 2 1 0
0.000852453 0.189095 0.189095 2 1 0
0.000787762 0.18892 0.18892 2 1 0
0.000723224 0.188746 0.188746 2 1 0
0.000658839 0.188571 0.188571 2 1 0
0.000594607 0.188397 0.188397 2 1 0
0.000530527 0.188223 0.188223 2 1 0
0.000466598 0.18805 0.18805 2 1 0
0.000402821 0.187876 0.187876 2 1 0
0.000339195 0.187703 0.187703 2 1 0
0.00027572 0.18753 0.18753 2 1 0
0.000212395 0.187357 0.187357 2 1 0
0.000149221 0.187184 0.187184 2 1 0
8.61952e-05 0.187012 0.187012 2 1 0
2.33191e-05 0.18684 0.18684 2 1 0
-3.94081e-05 0.186668 0.186668 2 1 0
0.115171 0.375691 0.375691 4 3 0
0.115171 0.379764 0.371628 3 3 0
0.115171 0.380342 0.371054 3 3 0
0.115171 0.388501 0.362971 3 3 0
0.11517 0.396696 0.354944 3 3 0
0.115168 0.404886 0.347004 3 3 0
0.115164 0.413036 0.339213 3 3 0
0.115156 0.421132 0.331491 3 3 0
0.115141 0.429125 0.323929 3 3 0
0.115119 0.436986 0.316588 3 3 0
0.115087 0.444666 0.309431 3 3 0
0.115044 0.452113 0.302534 3 3 0
0.114988 0.459321 0.296037 3 3 0
0.114918 0.466202 0.2897 3 3 0
0.114834 0.472748 0.283691 3 3 0
0.114735 0.479036 0.27804 3 3 0
0.114623 0.484915 0.272697 3 3 0
0.114498 0.49044 0.26768 3 3 0
0.11436 0.495614 0.26305 3 3 0
0.114212 0.500515 0.258669 3 3 0
0.114052 0.505108 0.254557 3 3 0
0.113884 0.509393 0.250555 3 3 0
0.113707 0.513434 0.246905 3 3 0
0.113522 0.517227 0.243466 3 3 0
0.113331 0.520661 0.240256 3 3 0
0.113133 0.523977 0.237161 3 3 0
0.11293 0.527097 0.234232 3 3 0
0.112721 0.530154 0.231466 3 3 0
0.112508 0.532982 0.228845 3 3 0
0.112291 0.535654 0.226349 3 3 0
0.11207 0.538184 0.223961 3 3 0
0.111845 0.540578 0.221688 3 3 0
0.111618 0.542848 0.219514 3 3 0
0.111387 0.545007 0.217376 3 3 0
0.111154 0.547053 0.215379 3 3 0
0.110919 0.548998 0.213461 3 3 0
0.110681 0.550857 0.211572 3 3 0
0.110442 0.552617 0.209799 3 3 0
0.1102 0.554295 0.208091 3 3 0
0.109957 0.555892 0.206492 3 3 0
0.109713 0.557418 0.204902 3 3 0
0.109467 0.558875 0.203366 3 3 0
0.10922 0.560262 0.201888 3 3 0
0.108971 0.561593 0.200452 3 3 0
0.108722 0.562866 0.199061 3 3 0
0.108471 0.564071 0.197754 3 3 0
0.10822 0.565238 0.196445 3 3 0
0.107968 0.566354 0.195176 3 3 0
0.107715 0.567383 0.193984 3 3 0
0.107461 0.568408 0.192786 3 3 0
0.107207 0.569391 0.19162 3 3 0
0.106952 0.570263 0.190518 3 3 0
0.106697 0.571167 0.189436 3 3 0
0.106441 0.572033 0.188385 3 3 0
0.106184 0.572844 0.18725 3 3 0
0.105928 0.573641 0.186247 3 3 0
0.105671 0.574405 0.185272 3 3 0
0.105414 0.575068 0.18428 3 3 0
0.105156 0.575772 0.183341 3 3 0
0.104899 0.576447 0.182425 3 3 0
0.104641 0.576874 0.181545 3 3 0
0.104383 0.577495 0.18067 3 3 0
0.104125 0.578091 0.179816 3 3 0
0.103867 0.5786 0.178987 3 3 0
0.103608 0.579148 0.178171 3 3 0
0.10335 0.579673 0.177375 3 3 0
0.103092 0.580137 0.176608 3 3 0
0.102834 0.58062 0.175843 3 3 0
0.102575 0.581084 0.175096 3 3 0
0.102317 0.581508 0.174387 3 3 0
0.102059 0.581936 0.173666 3 3 0
0.101801 0.582346 0.172961 3 3 0
0.101543 0.582802 0.172295 3 3 0
0.101285 0.58318 0.171615 3 3 0
0.101028 0.583544 0.17095 3 3 0
0.10077 0.583922 0.170324 3 3 0
0.100513 0.584257 0.169682 3 3 0
0.100255 0.584578 0.169053 3 3 0
0.0999984 0.58489 0.168471 3 3 0
0.0997416 0.585186 0.167862 3 3 0
0.099485 0.58547 0.167265 3 3 0
0.0992287 0.585693 0.166745 3 3 0
0.0989726 0.585954 0.166163 3 3 0
0.0987167 0.586205 0.165593 3 3 0
0.0984611 0.586479 0.165092 3 3 0
0.0982058 0.586709 0.164538 3 3 0
0.0979507 0.586929 0.163994 3 3 0
0.097696 0.587209 0.163466 3 3 0
0.0974415 0.587411 0.162942 3 3 0
0.0971873 0.587604 0.162427 3 3 0
0.0969335 0.587762 0.161904 3 3 0
0.09668 0.587939 0.161413 3 3 0
0.0964267 0.588108 0.160932 3 3 0
0.0961739 0.588366 0.16048 3 3 0
0.0959213 0.58852 0.160009 3 3 0
0.0956691 0.588667 0.159547 3 3 0
0.0954173 0.588818 0.159097 3 3 0
0.0951658 0.588952 0.158651 3 3 0
0.0949147 0.589079 0.158212 3 3 0
0.0946639 0.589209 0.157781 3 3 0
0.0944136 0.589325 0.157358 3 3 0
0.0941636 0.589435 0.156943 3 3 0
0.0939139 0.589524 0.156542 3 3 0
0.0936647 0.589623 0.156143 3 3 0
0.0934159 0.589718 0.155752 3 3 0
0.0931674 0.589707 0.155487 3 3 0
0.0929194 0.589792 0.155113 3 3 0
0.0926717 0.589873 0.154707 3 3 0
0.0924245 0.589972 0.154285 3 3 0
0.0921777 0.590044 0.153931 3 3 0
0.0919313 0.590112 0.153583 3 3 0
0.0916853 0.590058 0.153115 3 3 0
0.0914397 0.590119 0.152748 3 3 0
0.0911945 0.590177 0.152387 3 3 0
0.0909498 0.590387 0.152207 3 3 0
0.0907055 0.590436 0.151838 3 3 0
0.0904617 0.590483 0.151476 3 3 0
0.0902182 0.590319 0.151011 3 3 0
0.0899752 0.590361 0.150677 3 3 0
0.0897327 0.5904 0.150348 3 3 0
0.0894906 0.590552 0.15013 3 3 0
0.0892489 0.590585 0.149793 3 3 0
0.0890077 0.590615 0.149462 3 3 0
0.0887669 0.590444 0.149082 3 3 0
0.0885266 0.590472 0.148776 3 3 0
0.0882867 0.590497 0.148475 3 3 0
0.0880473 0.590806 0.148219 3 3 0
0.0878083 0.590824 0.147911 3 3 0
0.0875698 0.59084 0.147608 3 3 0
0.0873317 0.590581 0.147315 3 3 0
0.0870941 0.590596 0.147021 3 3 0
0.086857 0.59061 0.146732 3 3 0
0.0866203 0.590879 0.146451 3 3 0
0.0863841 0.590887 0.146171 3 3 0
0.0861483 0.590893 0.145895 3 3 0
0.085913 0.590811 0.145626 3 3 0
0.0856782 0.590816 0.145362 3 3 0
0.0854439 0.59082 0.145103 3 3 0
0.08521 0.590762 0.144832 3 3 0
0.0849766 0.590765 0.144572 3 3 0
0.0847436 0.590766 0.144317 3 3 0
0.0845111 0.590783 0.144064 3 3 0
0.0842791 0.590782 0.143813 3 3 0
0.0840476 0.59078 0.143566 3 3 0
0.0838165 0.590876 0.143349 3 3 0
0.0835859 0.590871 0.143116 3 3 0
0.0833558 0.590865 0.142887 3 3 0
0.0831261 0.590886 0.14265 3 3 0
0.082897 0.590878 0.142427 3 3 0
0.0826683 0.590869 0.142208 3 3 0
0.0824401 0.590858 0.141965 3 3 0
0.0822123 0.590849 0.14175 3 3 0
0.081985 0.590839 0.141539 3 3 0
0.0817582 0.590831 0.141299 3 3 0
0.0815319 0.59082 0.141092 3 3 0
0.0813061 0.590809 0.140889 3 3 0
0.0810807 0.590797 0.140654 3 3 0
0.0808558 0.590785 0.140454 3 3 0
0.0806314 0.590774 0.140258 3 3 0
0.0804074 0.590755 0.140036 3 3 0
0.080184 0.590744 0.139844 3 3 0
0.079961 0.590732 0.139639 3 3 0
0.0797385 0.590704 0.139405 3 3 0
0.0795165 0.590693 0.139184 3 3 0
0.0792949 0.590682 0.138966 3 3 0
0.0790738 0.590681 0.138833 3 3 0
0.0788532 0.59067 0.138615 3 3 0
0.0786331 0.590659 0.1384 3 3 0
0.0784134 0.59062 0.138209 3 3 0
0.0781943 0.59061 0.137999 3 3 0
0.0779756 0.590601 0.137793 3 3 0
0.0777574 0.590614 0.137662 3 3 0
0.0775396 0.590604 0.137473 3 3 0
0.0773223 0.590595 0.137268 3 3 0
0.0771055 0.590586 0.137056 3 3 0
0.0768892 0.590577 0.136858 3 3 0
0.0766734 0.590569 0.136664 3 3 0
0.076458 0.590563 0.136568 3 3 0
0.0762431 0.590555 0.13637 3 3 0
0.0760287 0.590547 0.136176 3 3 0
0.0758147 0.590539 0.135978 3 3 0
0.0756012 0.590533 0.135791 3 3 0
0.0753882 0.590527 0.135606 3 3 0
0.0751757 0.590521 0.135484 3 3 0
0.0749636 0.590516 0.135299 3 3 0
0.074752 0.590511 0.135116 3 3 0
0.0745409 0.590507 0.134955 3 3 0
0.0743302 0.590503 0.134776 3 3 0
0.07412 0.5905 0.1346 3 3 0
0.0739103 0.590498 0.134454 3 3 0
0.0737011 0.590497 0.13428 3 3 0
0.0734923 0.590496 0.134109 3 3 0
0.073284 0.590498 0.133958 3 3 0
0.0730761 0.590499 0.13379 3 3 0
0.0728687 0.5905 0.133624 3 3 0
0.0726618 0.590507 0.133467 3 3 0
0.0724553 0.59051 0.133306 3 3 0
0.0722494 0.590514 0.133147 3 3 0
0.0720438 0.590523 0.132995 3 3 0
0.0718388 0.590529 0.13284 3 3 0
0.0716342 0.590535 0.132687 3 3 0
0.07143 0.590538 0.132558 3 3 0
0.0712263 0.590546 0.132404 3 3 0
0.0710231 0.590555 0.132253 3 3 0
0.0708203 0.59057 0.132125 3 3 0
0.070618 0.590581 0.131974 3 3 0
0.0704162 0.590592 0.131825 3 3 0
0.0702148 0.590609 0.131701 3 3 0
0.0700139 0.590623 0.131552 3 3 0
0.0698134 0.590637 0.131406 3 3 0
0.0696134 0.590659 0.131287 3 3 0
0.0694138 0.590675 0.131141 3 3 0
0.0692147 0.590693 0.130997 3 3 0
0.069016 0.59072 0.130884 3 3 0
0.0688178 0.590739 0.13074 3 3 0
0.06862 0.59076 0.130598 3 3 0
0.0684227 0.590791 0.130491 3 3 0
0.0682259 0.590814 0.130349 3 3 0
0.0680294 0.590838 0.130209 3 3 0
0.0678335 0.590873 0.130113 3 3 0
0.067638 0.590899 0.129972 3 3 0
0.0674429 0.590927 0.129833 3 3 0
0.0672483 0.590957 0.129773 3 3 0
0.0670541 0.590989 0.129631 3 3 0
0.0668603 0.591022 0.129491 3 3 0
0.066667 0.591042 0.129371 3 3 0
0.0664742 0.591078 0.129259 3 3 0
0.0662818 0.591115 0.129148 3 3 0
0.0660898 0.591157 0.128968 3 3 0
0.0658983 0.591194 0.128837 3 3 0
0.0657072 0.591231 0.128707 3 3 0
0.0655165 0.591262 0.128591 3 3 0
0.0653263 0.591301 0.128464 3 3 0
0.0651365 0.59134 0.128338 3 3 0
0.0649472 0.5914 0.128226 3 3 0
0.0647582 0.591444 0.128102 3 3 0
0.0645698 0.591488 0.12798 3 3 0
0.0643817 0.591535 0.127854 3 3 0
0.0641941 0.591581 0.127737 3 3 0
0.0640069 0.591629 0.127622 3 3 0
0.0638201 0.591681 0.127513 3 3 0
0.0636338 0.591732 0.127398 3 3 0
0.0634479 0.591783 0.127285 3 3 0
0.0632624 0.591836 0.127175 3 3 0
0.0630774 0.591889 0.127067 3 3 0
0.0628927 0.591943 0.12696 3 3 0
0.0627085 0.591999 0.126845 3 3 0
0.0625247 0.592056 0.126739 3 3 0
0.0623414 0.592113 0.126634 3 3 0
0.0621584 0.59215 0.126591 3 3 0
0.0619759 0.592213 0.126494 3 3 0
0.0617938 0.592277 0.126399 3 3 0
0.0616121 0.59226 0.126219 3 3 0
0.0614309 0.592319 0.126119 3 3 0
0.06125 0.592379 0.126021 3 3 0
0.0610696 0.592553 0.125895 3 3 0
0.0608896 0.592619 0.125791 3 3 0
0.06071 0.592686 0.125688 3 3 0
0.0605308 0.592715 0.1256 3 3 0
0.060352 0.592782 0.125504 3 3 0
0.0601736 0.59285 0.125409 3 3 0
0.0599957 0.592961 0.125291 3 3 0
0.0598181 0.593033 0.125195 3 3 0
0.059641 0.593106 0.1251 3 3 0
0.0594642 0.59308 0.124997 3 3 0
0.0592879 0.593151 0.124897 3 3 0
0.059112 0.593224 0.124798 3 3 0
0.0589364 0.593413 0.124723 3 3 0
0.0587613 0.593491 0.124633 3 3 0
0.0585866 0.59357 0.124544 3 3 0
0.0584123 0.593563 0.124418 3 3 0
0.0582383 0.593641 0.124322 3 3 0
0.0580648 0.59372 0.124227 3 3 0
0.0578917 0.59387 0.124219 3 3 0
0.057719 0.593953 0.124135 3 3 0
0.0575466 0.594037 0.124052 3 3 0
0.0573747 0.593953 0.123886 3 3 0
0.0572032 0.594035 0.123789 3 3 0
0.057032 0.594118 0.123694 3 3 0
0.0568613 0.594332 0.123697 3 3 0
0.0566909 0.59442 0.123616 3 3 0
0.0565209 0.594508 0.123514 3 3 0
0.0563513 0.594423 0.123318 3 3 0
0.0561821 0.59451 0.12323 3 3 0
0.0560133 0.594598 0.123142 3 3 0
0.0558449 0.594841 0.123102 3 3 0
0.0556768 0.594934 0.123021 3 3 0
0.0555092 0.595027 0.122942 3 3 0
0.0553419 0.59491 0.122796 3 3 0
0.055175 0.595001 0.122711 3 3 0
0.0550085 0.595094 0.122628 3 3 0
0.0548423 0.595389 0.12257 3 3 0
0.0546766 0.595487 0.122491 3 3 0
0.0545112 0.595585 0.122412 3 3 0
0.0543462 0.595418 0.122295 3 3 0
0.0541816 0.595515 0.122215 3 3 0
0.0540173 0.595612 0.122136 3 3 0
0.0538534 0.595948 0.122059 3 3 0
0.0536899 0.596051 0.121981 3 3 0
0.0535268 0.596154 0.121904 3 3 0
0.053364 0.595971 0.121808 3 3 0
0.0532017 0.596072 0.12173 3 3 0
0.0530396 0.596174 0.121653 3 3 0
0.052878 0.59645 0.12158 3 3 0
0.0527167 0.596556 0.121504 3 3 0
0.0525558 0.596662 0.12143 3 3 0
0.0523952 0.596551 0.121341 3 3 0
0.052235 0.59668 0.121267 3 3 0
0.0520752 0.596809 0.121193 3 3 0
0.0519157 0.597087 0.121114 3 3 0
0.0517566 0.597197 0.121041 3 3 0
0.0515979 0.597308 0.120969 3 3 0
0.0514395 0.597509 0.120883 3 3 0
0.0512814 0.597642 0.120811 3 3 0
0.0511238 0.597776 0.12074 3 3 0
0.0509665 0.597684 0.120662 3 3 0
0.0508095 0.597798 0.120591 3 3 0
0.0506529 0.597912 0.12052 3 3 0
0.0504966 0.598254 0.120454 3 3 0
0.0503407 0.598373 0.120384 3 3 0
0.0501852 0.598493 0.120315 3 3 0
0.05003 0.59898 0.120257 3 3 0
0.0498751 0.599106 0.120189 3 3 0
0.0497206 0.599233 0.120121 3 3 0
0.0495665 0.599627 0.12005 3 3 0
0.0494127 0.599761 0.119983 3 3 0
0.0492592 0.599896 0.119916 3 3 0
0.0491061 0.600077 0.119873 3 3 0
0.0489533 0.600215 0.119792 3 3 0
0.0488009 0.600354 0.119712 3 3 0
0.0486488 0.600504 0.119617 3 3 0
0.048497 0.600648 0.11954 3 3 0
0.0483456 0.600791 0.119463 3 3 0
0.0481945 0.60084 0.119333 3 3 0
0.0480438 0.600988 0.119264 3 3 0
0.0478934 0.601137 0.119196 3 3 0
0.0477433 0.601226 0.119126 3 3 0
0.0475936 0.601377 0.119056 3 3 0
0.0474442 0.601529 0.118987 3 3 0
0.0472951 0.60162 0.118925 3 3 0
0.0471464 0.601774 0.118855 3 3 0
0.046998 0.601929 0.118786 3 3 0
0.0468499 0.602034 0.118722 3 3 0
0.0467022 0.60219 0.118653 3 3 0
0.0465548 0.602347 0.118585 3 3 0
0.0464077 0.602465 0.118523 3 3 0
0.0462609 0.602624 0.118454 3 3 0
0.0461145 0.602783 0.118387 3 3 0
0.0459684 0.6029 0.118324 3 3 0
0.0458226 0.603062 0.118256 3 3 0
0.0456771 0.603224 0.118189 3 3 0
0.045532 0.603337 0.118126 3 3 0
0.0453872 0.6035 0.118059 3 3 0
0.0452427 0.603665 0.117993 3 3 0
0.0450985 0.603768 0.117929 3 3 0
0.0449546 0.603934 0.117863 3 3 0
0.0448111 0.604101 0.117798 3 3 0
0.0446678 0.604184 0.117733 3 3 0
0.0445249 0.604352 0.117668 3 3 0
0.0443823 0.604521 0.117603 3 3 0
0.04424 0.6045 0.117536 3 3 0
0.044098 0.604671 0.117473 3 3 0
0.0439563 0.604842 0.11741 3 3 0
0.043815 0.605155 0.117346 3 3 0
0.0436739 0.605328 0.117283 3 3 0
0.0435332 0.605501 0.11722 3 3 0
0.0433927 0.605728 0.117157 3 3 0
0.0432526 0.605902 0.117094 3 3 0
0.0431128 0.606077 0.117032 3 3 0
0.0429733 0.606478 0.116969 3 3 0
0.042834 0.606653 0.116907 3 3 0
0.0426951 0.606828 0.116845 3 3 0
0.0425565 0.606877 0.116787 3 3 0
0.0424182 0.607055 0.116726 3 3 0
0.0422802 0.607232 0.116664 3 3 0
0.0421425 0.606909 0.116606 3 3 0
0.0420051 0.607089 0.116544 3 3 0
0.0418679 0.60727 0.116483 3 3 0
0.0417311 0.607124 0.116419 3 3 0
0.0415946 0.607306 0.116358 3 3 0
0.0414584 0.607489 0.116296 3 3 0
0.0413224 0.607561 0.116236 3 3 0
0.0411868 0.607722 0.116175 3 3 0
0.0410514 0.607882 0.116114 3 3 0
0.0409164 0.608223 0.116066 3 3 0
0.0407816 0.608386 0.116005 3 3 0
0.0406471 0.60855 0.115944 3 3 0
0.0405129 0.609109 0.115888 3 3 0
0.040379 0.609278 0.115827 3 3 0
0.0402454 0.609447 0.115766 3 3 0
0.0401121 0.609218 0.115696 3 3 0
0.039979 0.609384 0.115635 3 3 0
0.0398463 0.60955 0.115574 3 3 0
0.0397138 0.610517 0.115513 3 3 0
0.0395816 0.610693 0.115453 3 3 0
0.0394497 0.61087 0.115392 3 3 0
0.039318 0.610404 0.115331 3 3 0
0.0391867 0.610574 0.11527 3 3 0
0.0390556 0.610744 0.115209 3 3 0
0.0389248 0.611059 0.115144 3 3 0
0.0387942 0.611231 0.115083 3 3 0
0.038664 0.611404 0.115023 3 3 0
0.038534 0.611852 0.114969 3 3 0
0.0384043 0.612028 0.114908 3 3 0
0.0382749 0.612205 0.114847 3 3 0
0.0381458 0.6119 0.114782 3 3 0
0.0380169 0.612072 0.114722 3 3 0
0.0378883 0.612244 0.114661 3 3 0
0.0377599 0.612487 0.114598 3 3 0
0.0376319 0.612661 0.114538 3 3 0
0.0375041 0.612834 0.114477 3 3 0
0.0373765 0.613337 0.114422 3 3 0
0.0372492 0.613535 0.114362 3 3 0
0.0371222 0.613733 0.114301 3 3 0
0.0369955 0.613854 0.114239 3 3 0
0.036869 0.614053 0.114179 3 3 0
0.0367428 0.614252 0.114118 3 3 0
0.0366169 0.614243 0.114057 3 3 0
0.0364912 0.61442 0.113996 3 3 0
0.0363658 0.614598 0.113936 3 3 0
0.0362406 0.614932 0.113878 3 3 0
0.0361157 0.615112 0.113817 3 3 0
0.0359911 0.615292 0.113756 3 3 0
0.0358667 0.615283 0.113699 3 3 0
0.0357426 0.615461 0.113638 3 3 0
0.0356187 0.61564 0.113577 3 3 0
0.0354951 0.616001 0.113519 3 3 0
0.0353717 0.616204 0.113457 3 3 0
0.0352486 0.616407 0.113393 3 3 0
0.0351257 0.617307 0.113327 3 3 0
0.0350031 0.617511 0.113263 3 3 0
0.0348808 0.617715 0.113199 3 3 0
0.0347587 0.6179 0.11314 3 3 0
0.0346368 0.618105 0.113075 3 3 0
0.0345152 0.618309 0.113011 3 3 0
0.0343938 0.618353 0.112948 3 3 0
0.0342727 0.618542 0.112887 3 3 0
0.0341519 0.618732 0.112825 3 3 0
0.0340313 0.619587 0.112745 3 3 0
0.0339109 0.61979 0.112682 3 3 0
0.0337907 0.619993 0.11262 3 3 0
0.0336709 0.619046 0.112554 3 3 0
0.0335512 0.619252 0.11249 3 3 0
0.0334318 0.619459 0.112425 3 3 0
0.0333127 0.620316 0.112362 3 3 0
0.0331937 0.62051 0.112297 3 3 0
0.0330751 0.620704 0.112232 3 3 0
0.0329566 0.62142 0.112164 3 3 0
0.0328384 0.621622 0.1121 3 3 0
0.0327204 0.621825 0.112035 3 3 0
0.0326027 0.621956 0.111981 3 3 0
0.0324852 0.622158 0.111916 3 3 0
0.0323679 0.622359 0.11185 3 3 0
0.0322509 0.622546 0.111831 3 3 0
0.0321341 0.622748 0.111764 3 3 0
0.0320176 0.622949 0.111697 3 3 0
0.0319012 0.623255 0.111648 3 3 0
0.0317851 0.623459 0.111581 3 3 0
0.0316693 0.623664 0.111514 3 3 0
0.0315536 0.623875 0.11144 3 3 0
0.0314382 0.624081 0.111376 3 3 0
0.031323 0.624288 0.111312 3 3 0
0.0312081 0.624428 0.111237 3 3 0
0.0310934 0.624637 0.111173 3 3 0
0.0309789 0.624845 0.111109 3 3 0
0.0308646 0.625005 0.111019 3 3 0
0.0307505 0.625214 0.110954 3 3 0
0.0306367 0.625423 0.110889 3 3 0
0.0305231 0.625425 0.110815 3 3 0
0.0304097 0.625635 0.110749 3 3 0
0.0302965 0.625846 0.110683 3 3 0
0.0301836 0.625704 0.110616 3 3 0
0.0300709 0.625915 0.110549 3 3 0
0.0299584 0.626127 0.110483 3 3 0
0.0298461 0.625736 0.110433 3 3 0
0.029734 0.625948 0.110366 3 3 0
0.0296222 0.626159 0.110298 3 3 0
0.0295106 0.626436 0.110231 3 3 0
0.0293991 0.626628 0.110164 3 3 0
0.0292879 0.62682 0.110096 3 3 0
0.029177 0.626868 0.110038 3 3 0
0.0290662 0.627058 0.109971 3 3 0
0.0289556 0.627248 0.109903 3 3 0
0.0288453 0.627663 0.109841 3 3 0
0.0287351 0.627855 0.109773 3 3 0
0.0286252 0.628047 0.109705 3 3 0
0.0285155 0.628161 0.109624 3 3 0
0.028406 0.628352 0.109556 3 3 0
0.0282967 0.628542 0.109489 3 3 0
0.0281876 0.629103 0.10942 3 3 0
0.0280787 0.629297 0.109353 3 3 0
0.02797 0.629491 0.109287 3 3 0
0.0278616 0.629256 0.109228 3 3 0
0.0277533 0.629467 0.109161 3 3 0
0.0276452 0.629679 0.109093 3 3 0
0.0275374 0.630567 0.10903 3 3 0
0.0274297 0.630763 0.108963 3 3 0
0.0273223 0.630959 0.108895 3 3 0
0.027215 0.631516 0.108827 3 3 0
0.027108 0.631716 0.10876 3 3 0
0.0270011 0.631915 0.108692 3 3 0
0.0268945 0.63234 0.108629 3 3 0
0.026788 0.632543 0.108561 3 3 0
0.0266818 0.632745 0.108494 3 3 0
0.0265757 0.633172 0.108426 3 3 0
0.0264699 0.633378 0.108358 3 3 0
0.0263642 0.633583 0.108291 3 3 0
0.0262588 0.633659 0.108256 3 3 0
0.0261535 0.633862 0.108188 3 3 0
0.0260484 0.634065 0.10812 3 3 0
0.0259436 0.634443 0.108119 3 3 0
0.0258389 0.634649 0.108052 3 3 0
0.0257344 0.634855 0.107984 3 3 0
0.0256301 0.635054 0.107911 3 3 0
0.025526 0.63526 0.107842 3 3 0
0.0254221 0.635465 0.107774 3 3 0
0.0253183 0.635689 0.107704 3 3 0
0.0252148 0.635894 0.10764 3 3 0
0.0251115 0.636099 0.107575 3 3 0
0.0250083 0.636309 0.10749 3 3 0
0.0249053 0.636514 0.107425 3 3 0
0.0248025 0.636719 0.10736 3 3 0
0.0246999 0.636925 0.107263 3 3 0
0.0245975 0.637129 0.107198 3 3 0
0.0244953 0.637333 0.107132 3 3 0
0.0243933 0.637543 0.107017 3 3 0
0.0242914 0.637747 0.106951 3 3 0
0.0241897 0.637951 0.106885 3 3 0
0.0240882 0.637855 0.106816 3 3 0
0.0239869 0.638054 0.10675 3 3 0
0.0238858 0.638253 0.106684 3 3 0
0.0237849 0.638139 0.106618 3 3 0
0.0236841 0.638334 0.106552 3 3 0
0.0235835 0.638528 0.106487 3 3 0
0.0234831 0.638009 0.106428 3 3 0
0.0233829 0.638196 0.106363 3 3 0
0.0232828 0.638383 0.106297 3 3 0
0.0231829 0.640075 0.106217 3 3 0
0.0230832 0.640279 0.106151 3 3 0
0.0229837 0.640482 0.106085 3 3 0
0.0228844 0.640675 0.106021 3 3 0
0.0227852 0.640878 0.105955 3 3 0
0.0226862 0.64108 0.105889 3 3 0
0.0225874 0.640614 0.105824 3 3 0
0.0224887 0.640808 0.105758 3 3 0
0.0223902 0.641 0.105693 3 3 0
0.0222919 0.64156 0.105623 3 3 0
0.0221938 0.641756 0.105557 3 3 0
0.0220958 0.641952 0.105492 3 3 0
0.021998 0.640541 0.105429 3 3 0
0.0219004 0.640722 0.105363 3 3 0
0.021803 0.640902 0.105298 3 3 0
0.0217057 0.643136 0.105227 3 3 0
0.0216086 0.643339 0.105162 3 3 0
0.0215116 0.643541 0.105096 3 3 0
0.0214148 0.642903 0.10504 3 3 0
0.0213182 0.643108 0.104974 3 3 0
0.0212218 0.643312 0.104909 3 3 0
0.0211255 0.64375 0.104852 3 3 0
0.0210294 0.643941 0.104786 3 3 0
0.0209334 0.644131 0.104721 3 3 0
0.0208376 0.644915 0.104653 3 3 0
0.020742 0.645113 0.104587 3 3 0
0.0206465 0.64531 0.104522 3 3 0
0.0205512 0.645556 0.104462 3 3 0
0.0204561 0.645755 0.104396 3 3 0
0.0203611 0.645953 0.104331 3 3 0
0.0202663 0.646114 0.104288 3 3 0
0.0201716 0.64631 0.104223 3 3 0
0.0200771 0.646506 0.104158 3 3 0
0.0199827 0.646693 0.104123 3 3 0
0.0198886 0.646888 0.104058 3 3 0
0.0197945 0.647083 0.103993 3 3 0
0.0197007 0.647205 0.103954 3 3 0
0.0196069 0.647397 0.103888 3 3 0
0.0195134 0.647589 0.103823 3 3 0
0.01942 0.647841 0.103751 3 3 0
0.0193267 0.648033 0.103686 3 3 0
0.0192336 0.648225 0.103622 3 3 0
0.0191407 0.648522 0.103535 3 3 0
0.0190479 0.648717 0.10347 3 3 0
0.0189553 0.648911 0.103406 3 3 0
0.0188628 0.649107 0.103335 3 3 0
0.0187705 0.649302 0.103271 3 3 0
0.0186783 0.649496 0.103206 3 3 0
0.0185863 0.649525 0.103135 3 3 0
0.0184944 0.649714 0.10307 3 3 0
0.0184027 0.649902 0.103006 3 3 0
0.0183111 0.650075 0.102938 3 3 0
0.0182196 0.650262 0.102874 3 3 0
0.0181284 0.650449 0.10281 3 3 0
0.0180372 0.65054 0.102811 3 3 0
0.0179462 0.650735 0.102746 3 3 0
0.0178554 0.650929 0.102682 3 3 0
0.0177647 0.650576 0.102532 3 3 0
0.0176742 0.650753 0.102469 3 3 0
0.0175838 0.650929 0.102407 3 3 0
0.0174935 0.651685 0.102332 3 3 0
0.0174034 0.651867 0.102269 3 3 0
0.0173134 0.652048 0.102206 3 3 0
0.0172236 0.651329 0.102263 3 3 0
0.0171339 0.651522 0.1022 3 3 0
0.0170444 0.651714 0.102137 3 3 0
0.016955 0.652378 0.101994 3 3 0
0.0168658 0.652569 0.101931 3 3 0
0.0167766 0.652759 0.101869 3 3 0
0.0166877 0.652005 0.101878 3 3 0
0.0165988 0.652194 0.101816 3 3 0
0.0165101 0.652383 0.101753 3 3 0
0.0164216 0.652438 0.101662 3 3 0
0.0163332 0.6526 0.1016 3 3 0
0.0162449 0.652761 0.101538 3 3 0
0.0161568 0.653569 0.101495 3 3 0
0.0160688 0.653735 0.101434 3 3 0
0.0159809 0.6539 0.101372 3 3 0
0.0158932 0.654522 0.10132 3 3 0
0.0158056 0.654691 0.101259 3 3 0
0.0157182 0.65486 0.101197 3 3 0
0.0156309 0.655358 0.101144 3 3 0
0.0155437 0.655529 0.101083 3 3 0
0.0154566 0.655699 0.101022 3 3 0
0.0153697 0.656097 0.100973 3 3 0
0.015283 0.656269 0.100912 3 3 0
0.0151963 0.656441 0.100851 3 3 0
0.0151098 0.656761 0.100803 3 3 0
0.0150234 0.656934 0.100742 3 3 0
0.0149372 0.657106 0.100682 3 3 0
0.0148511 0.657354 0.100621 3 3 0
0.0147651 0.657527 0.10056 3 3 0
0.0146792 0.657699 0.1005 3 3 0
0.0145935 0.657801 0.10042 3 3 0
0.0145079 0.657971 0.100359 3 3 0
0.0144225 0.658141 0.100299 3 3 0
0.0143371 0.658303 0.100181 3 3 0
0.0142519 0.658471 0.100121 3 3 0
0.0141668 0.658639 0.100062 3 3 0
0.0140819 0.659006 0.0999663 3 3 0
0.0139971 0.659177 0.0999067 3 3 0
0.0139124 0.659348 0.0998471 3 3 0
0.0138278 0.659512 0.0997862 3 3 0
0.0137434 0.659684 0.0997268 3 3 0
0.013659 0.659856 0.0996675 3 3 0
0.0135748 0.659849 0.0996179 3 3 0
0.0134908 0.660022 0.0995589 3 3 0
0.0134068 0.660194 0.0994999 3 3 0
0.013323 0.660172 0.0995036 3 3 0
0.0132393 0.660344 0.099445 3 3 0
0.0131557 0.660515 0.0993865 3 3 0
0.0130723 0.660663 0.0993683 3 3 0
0.012989 0.660834 0.09931 3 3 0
0.0129058 0.661004 0.0992517 3 3 0
0.0128227 0.660616 0.0991469 3 3 0
0.0127397 0.660786 0.0990889 3 3 0
0.0126569 0.660955 0.099031 3 3 0
0.0125742 0.660559 0.0989804 3 3 0
0.0124916 0.660727 0.0989227 3 3 0
0.0124091 0.660895 0.0988651 3 3 0
0.0123267 0.661533 0.0987892 3 3 0
0.0122445 0.6617 0.0987318 3 3 0
0.0121624 0.661866 0.0986745 3 3 0
0.0120804 0.661647 0.0986159 3 3 0
0.0119985 0.661812 0.0985588 3 3 0
0.0119167 0.661977 0.0985018 3 3 0
0.0118351 0.662263 0.098438 3 3 0
0.0117535 0.662427 0.0983812 3 3 0
0.0116721 0.66259 0.0983245 3 3 0
0.0115908 0.662794 0.0982611 3 3 0
0.0115097 0.662956 0.0982046 3 3 0
0.0114286 0.663118 0.0981482 3 3 0
0.0113476 0.663567 0.0980814 3 3 0
0.0112668 0.663728 0.0980252 3 3 0
0.0111861 0.663888 0.0979691 3 3 0
0.0111055 0.66448 0.0979042 3 3 0
0.011025 0.664638 0.0978484 3 3 0
0.0109446 0.664797 0.0977926 3 3 0
0.0108643 0.665317 0.0977212 3 3 0
0.0107842 0.665472 0.0976657 3 3 0
0.0107041 0.665626 0.0976104 3 3 0
0.0106242 0.665375 0.0975388 3 3 0
0.0105444 0.665531 0.0974837 3 3 0
0.0104647 0.665686 0.0974288 3 3 0
0.0103851 0.664274 0.0973636 3 3 0
0.0103056 0.664399 0.0973091 3 3 0
0.0102262 0.664523 0.0972546 3 3 0
0.010147 0.664549 0.0971995 3 3 0
0.0100678 0.66467 0.0971453 3 3 0
0.00998875 0.66479 0.0970913 3 3 0
0.00990982 0.666797 0.0970489 3 3 0
0.00983098 0.666934 0.0969952 3 3 0
0.00975226 0.667071 0.0969417 3 3 0
0.00967366 0.665834 0.0969129 3 3 0
0.00959515 0.665955 0.0968598 3 3 0
0.00951675 0.666076 0.0968068 3 3 0
0.00943847 0.665515 0.0967583 3 3 0
0.00936029 0.665629 0.0967056 3 3 0
0.00928221 0.665742 0.096653 3 3 0
0.00920425 0.668485 0.0966157 3 3 0
0.00912638 0.668626 0.0965634 3 3 0
0.00904863 0.668766 0.0965112 3 3 0
0.00897099 0.668908 0.0965018 3 3 0
0.0088934 0.669048 0.096448 3 3 0
0.00881597 0.669187 0.0963943 3 3 0
0.00873863 0.669299 0.0963109 3 3 0
0.00866137 0.669435 0.0962577 3 3 0
0.00858425 0.669569 0.0962046 3 3 0
0.00850723 0.669739 0.0961516 3 3 0
0.00843029 0.669875 0.0960992 3 3 0
0.00835348 0.670011 0.096047 3 3 0
0.00827677 0.670145 0.0959948 3 3 0
0.00820015 0.67028 0.095943 3 3 0
0.00812365 0.670414 0.0958913 3 3 0
0.00804724 0.670541 0.0958374 3 3 0
0.00797093 0.670673 0.0957859 3 3 0
0.00789473 0.670804 0.0957345 3 3 0
0.00781863 0.670931 0.0956846 3 3 0
0.00774263 0.671061 0.0956336 3 3 0
0.00766673 0.671189 0.0955827 3 3 0
0.00759093 0.671254 0.0955315 3 3 0
0.00751523 0.671379 0.0954809 3 3 0
0.00743963 0.671504 0.0954304 3 3 0
0.00736412 0.671465 0.0953797 3 3 0
0.00728872 0.671585 0.0953295 3 3 0
0.00721342 0.671704 0.0952795 3 3 0
0.00713822 0.671249 0.0952241 3 3 0
0.00706311 0.671359 0.0951742 3 3 0
0.0069881 0.671468 0.0951244 3 3 0
0.00691319 0.671752 0.0950731 3 3 0
0.00683838 0.671862 0.0950236 3 3 0
0.00676366 0.67197 0.0949741 3 3 0
0.00668905 0.672665 0.0949307 3 3 0
0.00661452 0.672781 0.0948817 3 3 0
0.0065401 0.672895 0.0948327 3 3 0
0.00646577 0.672744 0.0947852 3 3 0
0.00639154 0.672852 0.0947365 3 3 0
0.00631741 0.67296 0.094688 3 3 0
0.00624337 0.672862 0.0946421 3 3 0
0.00616942 0.672965 0.0945938 3 3 0
0.00609558 0.673068 0.0945457 3 3 0
0.00602182 0.673117 0.0944953 3 3 0
0.00594816 0.673217 0.0944474 3 3 0
0.0058746 0.673316 0.0943997 3 3 0
0.00580113 0.674005 0.0943616 3 3 0
0.00572774 0.674111 0.0943142 3 3 0
0.00565446 0.674216 0.0942669 3 3 0
0.00558127 0.674579 0.0942372 3 3 0
0.00550817 0.674689 0.0941903 3 3 0
0.00543517 0.674798 0.0941435 3 3 0
0.00536226 0.674944 0.0941224 3 3 0
0.00528943 0.675055 0.094076 3 3 0
0.00521671 0.675165 0.0940297 3 3 0
0.00514408 0.675274 0.0939725 3 3 0
0.00507153 0.675383 0.0939239 3 3 0
0.00499908 0.675492 0.0938754 3 3 0
0.00492672 0.675442 0.0937951 3 3 0
0.00485444 0.675554 0.0937471 3 3 0
0.00478227 0.675665 0.0936993 3 3 0
0.00471018 0.675399 0.0936253 3 3 0
0.00463818 0.675512 0.093578 3 3 0
0.00456627 0.675624 0.0935308 3 3 0
0.00449446 0.675447 0.0934498 3 3 0
0.00442269 0.675534 0.0934033 3 3 0
0.00435105 0.675619 0.0933569 3 3 0
0.00427951 0.676569 0.0932898 3 3 0
0.00420801 0.676671 0.093244 3 3 0
0.00413664 0.676772 0.0931984 3 3 0
0.00406537 0.676422 0.0931449 3 3 0
0.00399416 0.67653 0.0930998 3 3 0
0.00392306 0.676638 0.0930549 3 3 0
0.00385205 0.675654 0.0930075 3 3 0
0.00378108 0.675765 0.0929632 3 3 0
0.00371024 0.675875 0.092919 3 3 0
0.00363951 0.674999 0.0928944 3 3 0
0.00356874 0.67506 0.0928511 3 3 0
0.00349817 0.675117 0.0928081 3 3 0
0.00342768 0.675175 0.0927718 3 3 0
0.00335727 0.675231 0.0927292 3 3 0
0.00328696 0.675285 0.0926867 3 3 0
0.00321674 0.675349 0.0926544 3 3 0
0.00314658 0.675401 0.0926124 3 3 0
0.00307653 0.675451 0.0925705 3 3 0
0.00300657 0.675562 0.0925427 3 3 0
0.00293666 0.675611 0.0925013 3 3 0
0.00286687 0.675659 0.09246 3 3 0
0.00279717 0.675724 0.0924371 3 3 0
0.00272752 0.675827 0.0923963 3 3 0
0.00265798 0.675929 0.0923557 3 3 0
0.00258853 0.676142 0.092344 3 3 0
0.00251913 0.676243 0.0923039 3 3 0
0.00244985 0.676342 0.092264 3 3 0
0.00238065 0.676817 0.0922392 3 3 0
0.00231152 0.676916 0.0921997 3 3 0
0.00224249 0.677015 0.0921603 3 3 0
0.00217354 0.677629 0.0921275 3 3 0
0.00210467 0.677727 0.0920859 3 3 0
0.0020359 0.677823 0.0920413 3 3 0
0.0019672 0.678348 0.0919828 3 3 0
0.00189857 0.678442 0.0919386 3 3 0
0.00183005 0.678536 0.0918946 3 3 0
0.0017616 0.679038 0.0918404 3 3 0
0.00169323 0.679129 0.0917967 3 3 0
0.00162495 0.679219 0.0917533 3 3 0
0.00155676 0.679645 0.0917021 3 3 0
0.00148863 0.679732 0.091659 3 3 0
0.0014206 0.679818 0.0916161 3 3 0
0.00135265 0.680144 0.0915688 3 3 0
0.00128478 0.680226 0.0915262 3 3 0
0.001217 0.680307 0.0914839 3 3 0
0.00114929 0.680523 0.0914349 3 3 0
0.00108166 0.680596 0.0913929 3 3 0
0.00101411 0.680668 0.0913511 3 3 0
0.000946661 0.680694 0.0912998 3 3 0
0.000879246 0.680769 0.0912586 3 3 0
0.000811948 0.680841 0.0912176 3 3 0
0.000744731 0.680909 0.091177 3 3 0
0.000677593 0.680975 0.0911363 3 3 0
0.000610537 0.68104 0.0910958 3 3 0
0.000543563 0.680901 0.0910532 3 3 0
0.000476638 0.680976 0.0910133 3 3 0
0.000409823 0.681048 0.0909735 3 3 0
0.000343087 0.680836 0.0909354 3 3 0
0.000276412 0.680911 0.0908962 3 3 0
0.000209835 0.680986 0.0908572 3 3 0
0.000143339 0.680731 0.0908203 3 3 0
7.6914e-05 0.680807 0.0907817 3 3 0
1.05757e-05 0.680882 0.0907433 3 3 0
-5.56835e-05 0.680828 0.0907082 3 3 0
