# X-nullcline
0.114669 1.5 1 
0.115693 1.485 1 

0.115693 1.485 1 
0.116736 1.47 1 

0.116736 1.47 1 
0.117798 1.455 1 

0.117798 1.455 1 
0.118879 1.44 1 

0.118879 1.44 1 
0.11998 1.425 1 

0.11998 1.425 1 
0.12 1.42473 1 

0.121102 1.41 1 
0.12 1.42473 1 

0.121102 1.41 1 
0.122245 1.395 1 

0.122245 1.395 1 
0.12341 1.38 1 

0.12341 1.38 1 
0.124597 1.365 1 

0.124597 1.365 1 
0.125807 1.35 1 

0.125807 1.35 1 
0.127041 1.335 1 

0.127041 1.335 1 
0.128299 1.32 1 

0.128299 1.32 1 
0.129583 1.305 1 

0.129583 1.305 1 
0.13 1.30019 1 

0.130893 1.29 1 
0.13 1.30019 1 

0.130893 1.29 1 
0.132229 1.275 1 

0.132229 1.275 1 
0.133593 1.26 1 

0.133593 1.26 1 
0.134985 1.245 1 

0.134985 1.245 1 
0.136407 1.23 1 

0.136407 1.23 1 
0.137858 1.215 1 

0.137858 1.215 1 
0.139342 1.2 1 

0.139342 1.2 1 
0.14 1.19344 1 

0.140857 1.185 1 
0.14 1.19344 1 

0.140857 1.185 1 
0.142406 1.17 1 

0.142406 1.17 1 
0.143989 1.155 1 

0.143989 1.155 1 
0.145608 1.14 1 

0.145608 1.14 1 
0.147263 1.125 1 

0.147263 1.125 1 
0.148957 1.11 1 

0.148957 1.11 1 
0.15 1.10093 1 

0.15069 1.095 1 
0.15 1.10093 1 

0.15069 1.095 1 
0.152464 1.08 1 

0.152464 1.08 1 
0.15428 1.065 1 

0.15428 1.065 1 
0.156139 1.05 1 

0.156139 1.05 1 
0.158045 1.035 1 

0.158045 1.035 1 
0.159997 1.02 1 

0.159997 1.02 1 
0.16 1.01998 1 

0.161998 1.005 1 
0.16 1.01998 1 

0.161998 1.005 1 
0.16405 0.99 1 

0.16405 0.99 1 
0.166155 0.975 1 

0.166155 0.975 1 
0.168314 0.96 1 

0.168314 0.96 1 
0.17 0.94855 1 

0.17053 0.945 1 
0.17 0.94855 1 

0.17053 0.945 1 
0.172805 0.93 1 

0.172805 0.93 1 
0.175142 0.915 1 

0.175142 0.915 1 
0.177542 0.9 1 

0.177542 0.9 1 
0.18 0.88506 1 

0.18001 0.885 1 
0.18 0.88506 1 

0.18001 0.885 1 
0.182547 0.87 1 

0.182547 0.87 1 
0.185157 0.855 1 

0.185157 0.855 1 
0.187842 0.84 1 

0.187842 0.84 1 
0.19 0.828252 1 

0.190606 0.825 1 
0.19 0.828252 1 

0.190606 0.825 1 
0.193453 0.81 1 

0.193453 0.81 1 
0.196386 0.795 1 

0.196386 0.795 1 
0.19941 0.78 1 

0.19941 0.78 1 
0.2 0.777126 1 

0.202528 0.765 1 
0.2 0.777126 1 

0.202528 0.765 1 
0.205745 0.75 1 

0.205745 0.75 1 
0.209066 0.735 1 

0.209066 0.735 1 
0.21 0.730868 1 

0.212496 0.72 1 
0.21 0.730868 1 

0.212496 0.72 1 
0.216041 0.705 1 

0.216041 0.705 1 
0.219705 0.69 1 

0.219705 0.69 1 
0.22 0.688816 1 

0.223497 0.675 1 
0.22 0.688816 1 

0.223497 0.675 1 
0.227421 0.66 1 

0.227421 0.66 1 
0.23 0.65042 1 

0.231485 0.645 1 
0.23 0.65042 1 

0.231485 0.645 1 
0.235698 0.63 1 

0.235698 0.63 1 
0.24 0.615225 1 

0.240067 0.615 1 
0.24 0.615225 1 

0.240067 0.615 1 
0.2446 0.6 1 

0.2446 0.6 1 
0.249308 0.585 1 

0.249308 0.585 1 
0.25 0.582844 1 

0.254201 0.57 1 
0.25 0.582844 1 

0.254201 0.57 1 
0.25929 0.555 1 

0.25929 0.555 1 
0.26 0.552955 1 

0.264587 0.54 1 
0.26 0.552955 1 

0.264587 0.54 1 
0.27 0.525279 1 

0.270105 0.525 1 
0.27 0.525279 1 

0.270105 0.525 1 
0.275858 0.51 1 

0.275858 0.51 1 
0.28 0.499581 1 

0.281861 0.495 1 
0.28 0.499581 1 

0.281861 0.495 1 
0.288131 0.48 1 

0.288131 0.48 1 
0.29 0.475655 1 

0.294687 0.465 1 
0.29 0.475655 1 

0.294687 0.465 1 
0.3 0.453323 1 

0.301547 0.45 1 
0.3 0.453323 1 

0.301547 0.45 1 
0.308735 0.435 1 

0.308735 0.435 1 
0.31 0.432433 1 

0.316274 0.42 1 
0.31 0.432433 1 

0.316274 0.42 1 
0.32 0.412848 1 

0.324191 0.405 1 
0.32 0.412848 1 

0.324191 0.405 1 
0.33 0.39445 1 

0.332513 0.39 1 
0.33 0.39445 1 

0.332513 0.39 1 
0.34 0.377135 1 

0.341275 0.375 1 
0.34 0.377135 1 

0.341275 0.375 1 
0.35 0.360808 1 

0.35051 0.36 1 
0.35 0.360808 1 

0.35051 0.36 1 
0.36 0.345389 1 

0.36026 0.345 1 
0.36 0.345389 1 

0.36026 0.345 1 
0.37 0.330803 1 

0.370567 0.33 1 
0.37 0.330803 1 

0.370567 0.33 1 
0.38 0.316985 1 

0.381481 0.315 1 
0.38 0.316985 1 

0.381481 0.315 1 
0.39 0.303876 1 

0.393058 0.3 1 
0.39 0.303876 1 

0.393058 0.3 1 
0.4 0.291422 1 

0.40536 0.285 1 
0.4 0.291422 1 

0.40536 0.285 1 
0.41 0.279576 1 

0.418456 0.27 1 
0.41 0.279576 1 

0.418456 0.27 1 
0.42 0.268293 1 

0.43 0.257536 1 
0.42 0.268293 1 

0.432427 0.255 1 
0.43 0.257536 1 

0.432427 0.255 1 
0.44 0.247267 1 

0.447363 0.24 1 
0.44 0.247267 1 

0.447363 0.24 1 
0.45 0.237455 1 

0.46 0.22807 1 
0.45 0.237455 1 

0.463368 0.225 1 
0.46 0.22807 1 

0.463368 0.225 1 
0.47 0.219083 1 

0.48 0.210472 1 
0.47 0.219083 1 

0.48056 0.21 1 
0.48 0.210472 1 

0.48056 0.21 1 
0.49 0.202211 1 

0.499077 0.195 1 
0.49 0.202211 1 

0.499077 0.195 1 
0.5 0.194281 1 

0.51 0.186663 1 
0.5 0.194281 1 

0.519078 0.18 1 
0.51 0.186663 1 

0.519078 0.18 1 
0.52 0.179337 1 

0.53 0.172287 1 
0.52 0.179337 1 

0.54 0.165499 1 
0.53 0.172287 1 

0.54075 0.165 1 
0.54 0.165499 1 

0.54075 0.165 1 
0.55 0.158958 1 

0.56 0.15265 1 
0.55 0.158958 1 

0.56431 0.15 1 
0.56 0.15265 1 

0.56431 0.15 1 
0.57 0.146563 1 

0.58 0.140687 1 
0.57 0.146563 1 

0.59 0.135009 1 
0.58 0.140687 1 

0.590016 0.135 1 
0.59 0.135009 1 

0.590016 0.135 1 
0.6 0.129521 1 

0.61 0.124213 1 
0.6 0.129521 1 

0.618177 0.12 1 
0.61 0.124213 1 

0.618177 0.12 1 
0.62 0.119076 1 

0.63 0.114102 1 
0.62 0.119076 1 

0.64 0.109283 1 
0.63 0.114102 1 

0.64916 0.105 1 
0.64 0.109283 1 

0.64916 0.105 1 
0.65 0.104613 1 

0.66 0.100084 1 
0.65 0.104613 1 

0.67 0.0956909 1 
0.66 0.100084 1 

0.68 0.0914266 1 
0.67 0.0956909 1 

0.683412 0.09 1 
0.68 0.0914266 1 

0.683412 0.09 1 
0.69 0.0872859 1 

0.7 0.0832635 1 
0.69 0.0872859 1 

0.71 0.0793544 1 
0.7 0.0832635 1 

0.72 0.0755539 1 
0.71 0.0793544 1 

0.721481 0.075 1 
0.72 0.0755539 1 

0.721481 0.075 1 
0.73 0.0718575 1 

0.74 0.068261 1 
0.73 0.0718575 1 

0.75 0.0647605 1 
0.74 0.068261 1 

0.76 0.061352 1 
0.75 0.0647605 1 

0.764041 0.06 1 
0.76 0.061352 1 

0.764041 0.06 1 
0.77 0.0580321 1 

0.78 0.0547973 1 
0.77 0.0580321 1 

0.79 0.0516444 1 
0.78 0.0547973 1 

0.8 0.0485704 1 
0.79 0.0516444 1 

0.81 0.0455722 1 
0.8 0.0485704 1 

0.811937 0.045 1 
0.81 0.0455722 1 

0.811937 0.045 1 
0.82 0.0426471 1 

0.83 0.0397926 1 
0.82 0.0426471 1 

0.84 0.037006 1 
0.83 0.0397926 1 

0.85 0.034285 1 
0.84 0.037006 1 

0.86 0.0316272 1 
0.85 0.034285 1 

0.866239 0.03 1 
0.86 0.0316272 1 

0.866239 0.03 1 
0.87 0.0290306 1 

0.88 0.0264929 1 
0.87 0.0290306 1 

0.89 0.0240123 1 
0.88 0.0264929 1 

0.9 0.0215868 1 
0.89 0.0240123 1 

0.91 0.0192147 1 
0.9 0.0215868 1 

0.92 0.016894 1 
0.91 0.0192147 1 

0.928326 0.015 1 
0.92 0.016894 1 

0.928326 0.015 1 
0.93 0.0146233 1 

0.94 0.0124009 1 
0.93 0.0146233 1 

0.95 0.0102253 1 
0.94 0.0124009 1 

0.96 0.00809506 1 
0.95 0.0102253 1 

0.97 0.00600871 1 
0.96 0.00809506 1 

0.98 0.00396493 1 
0.97 0.00600871 1 

0.99 0.00196245 1 
0.98 0.00396493 1 


# Y-nullcline
1 0.575637 2 
0.999285 0.57 2 

0.999285 0.57 2 
0.997485 0.555 2 

0.997485 0.555 2 
0.995781 0.54 2 

0.995781 0.54 2 
0.994176 0.525 2 

0.994176 0.525 2 
0.992675 0.51 2 

0.992675 0.51 2 
0.991281 0.495 2 

0.99 0.480005 2 
0.99 0.48 2 

0.991281 0.495 2 
0.99 0.480005 2 

0.99 0.48 2 
0.98881 0.465 2 

0.98881 0.465 2 
0.987744 0.45 2 

0.987744 0.45 2 
0.986804 0.435 2 

0.986804 0.435 2 
0.985994 0.42 2 

0.985994 0.42 2 
0.985318 0.405 2 

0.985318 0.405 2 
0.984778 0.39 2 

0.984778 0.39 2 
0.984374 0.375 2 

0.984374 0.375 2 
0.984104 0.36 2 

0.984104 0.36 2 
0.983964 0.345 2 

0.983964 0.345 2 
0.983944 0.33 2 

0.983944 0.33 2 
0.984028 0.315 2 

0.984028 0.315 2 
0.984191 0.3 2 

0.984191 0.3 2 
0.984393 0.285 2 

0.984393 0.285 2 
0.984573 0.27 2 

0.984573 0.27 2 
0.984642 0.255 2 

0.984642 0.255 2 
0.984464 0.24 2 

0.984464 0.24 2 
0.983835 0.225 2 

0.983835 0.225 2 
0.982449 0.21 2 

0.98 0.195878 2 
0.979834 0.195 2 

0.982449 0.21 2 
0.98 0.195878 2 

0.979834 0.195 2 
0.975173 0.18 2 

0.97 0.169819 2 
0.967281 0.165 2 

0.975173 0.18 2 
0.97 0.169819 2 

0.96 0.156365 2 
0.953957 0.15 2 

0.967281 0.165 2 
0.96 0.156365 2 

0.94 0.140289 2 
0.931233 0.135 2 

0.95 0.147057 2 
0.94 0.140289 2 

0.953957 0.15 2 
0.95 0.147057 2 

0.9 0.12293 2 
0.890884 0.12 2 

0.91 0.126425 2 
0.9 0.12293 2 

0.92 0.130249 2 
0.91 0.126425 2 

0.93 0.134449 2 
0.92 0.130249 2 

0.931233 0.135 2 
0.93 0.134449 2 

0.82 0.106102 2 
0.812665 0.105 2 

0.83 0.107692 2 
0.82 0.106102 2 

0.84 0.109385 2 
0.83 0.107692 2 

0.85 0.111191 2 
0.84 0.109385 2 

0.86 0.113121 2 
0.85 0.111191 2 

0.87 0.115186 2 
0.86 0.113121 2 

0.88 0.117401 2 
0.87 0.115186 2 

0.89 0.119779 2 
0.88 0.117401 2 

0.890884 0.12 2 
0.89 0.119779 2 

0.62 0.0900647 2 
0.618592 0.09 2 

0.63 0.0905435 2 
0.62 0.0900647 2 

0.64 0.0910452 2 
0.63 0.0905435 2 

0.65 0.0915712 2 
0.64 0.0910452 2 

0.66 0.0921227 2 
0.65 0.0915712 2 

0.67 0.0927009 2 
0.66 0.0921227 2 

0.68 0.0933074 2 
0.67 0.0927009 2 

0.69 0.0939437 2 
0.68 0.0933074 2 

0.7 0.0946115 2 
0.69 0.0939437 2 

0.71 0.0953125 2 
0.7 0.0946115 2 

0.72 0.0960488 2 
0.71 0.0953125 2 

0.73 0.0968223 2 
0.72 0.0960488 2 

0.74 0.0976355 2 
0.73 0.0968223 2 

0.75 0.0984907 2 
0.74 0.0976355 2 

0.76 0.0993906 2 
0.75 0.0984907 2 

0.77 0.100338 2 
0.76 0.0993906 2 

0.78 0.101337 2 
0.77 0.100338 2 

0.79 0.102389 2 
0.78 0.101337 2 

0.8 0.1035 2 
0.79 0.102389 2 

0.81 0.104673 2 
0.8 0.1035 2 

0.812665 0.105 2 
0.81 0.104673 2 

0.01 0.0826694 2 
0 0.0826693 2 

0.02 0.0826695 2 
0.01 0.0826694 2 

0.03 0.0826701 2 
0.02 0.0826695 2 

0.04 0.0826711 2 
0.03 0.0826701 2 

0.05 0.0826727 2 
0.04 0.0826711 2 

0.06 0.0826752 2 
0.05 0.0826727 2 

0.07 0.0826787 2 
0.06 0.0826752 2 

0.08 0.0826833 2 
0.07 0.0826787 2 

0.09 0.0826893 2 
0.08 0.0826833 2 

0.1 0.0826967 2 
0.09 0.0826893 2 

0.11 0.0827058 2 
0.1 0.0826967 2 

0.12 0.0827166 2 
0.11 0.0827058 2 

0.13 0.0827295 2 
0.12 0.0827166 2 

0.14 0.0827445 2 
0.13 0.0827295 2 

0.15 0.0827618 2 
0.14 0.0827445 2 

0.16 0.0827816 2 
0.15 0.0827618 2 

0.17 0.082804 2 
0.16 0.0827816 2 

0.18 0.0828293 2 
0.17 0.082804 2 

0.19 0.0828575 2 
0.18 0.0828293 2 

0.2 0.082889 2 
0.19 0.0828575 2 

0.21 0.0829238 2 
0.2 0.082889 2 

0.22 0.0829621 2 
0.21 0.0829238 2 

0.23 0.0830041 2 
0.22 0.0829621 2 

0.24 0.08305 2 
0.23 0.0830041 2 

0.25 0.0831 2 
0.24 0.08305 2 

0.26 0.0831542 2 
0.25 0.0831 2 

0.27 0.0832129 2 
0.26 0.0831542 2 

0.28 0.0832762 2 
0.27 0.0832129 2 

0.29 0.0833444 2 
0.28 0.0832762 2 

0.3 0.0834177 2 
0.29 0.0833444 2 

0.31 0.0834962 2 
0.3 0.0834177 2 

0.32 0.0835802 2 
0.31 0.0834962 2 

0.33 0.0836699 2 
0.32 0.0835802 2 

0.34 0.0837655 2 
0.33 0.0836699 2 

0.35 0.0838672 2 
0.34 0.0837655 2 

0.36 0.0839753 2 
0.35 0.0838672 2 

0.37 0.0840901 2 
0.36 0.0839753 2 

0.38 0.0842117 2 
0.37 0.0840901 2 

0.39 0.0843405 2 
0.38 0.0842117 2 

0.4 0.0844767 2 
0.39 0.0843405 2 

0.41 0.0846206 2 
0.4 0.0844767 2 

0.42 0.0847724 2 
0.41 0.0846206 2 

0.43 0.0849325 2 
0.42 0.0847724 2 

0.44 0.0851012 2 
0.43 0.0849325 2 

0.45 0.0852788 2 
0.44 0.0851012 2 

0.46 0.0854656 2 
0.45 0.0852788 2 

0.47 0.085662 2 
0.46 0.0854656 2 

0.48 0.0858684 2 
0.47 0.085662 2 

0.49 0.0860851 2 
0.48 0.0858684 2 

0.5 0.0863126 2 
0.49 0.0860851 2 

0.51 0.0865512 2 
0.5 0.0863126 2 

0.52 0.0868015 2 
0.51 0.0865512 2 

0.53 0.0870637 2 
0.52 0.0868015 2 

0.54 0.0873386 2 
0.53 0.0870637 2 

0.55 0.0876264 2 
0.54 0.0873386 2 

0.56 0.0879279 2 
0.55 0.0876264 2 

0.57 0.0882435 2 
0.56 0.0879279 2 

0.58 0.0885739 2 
0.57 0.0882435 2 

0.59 0.0889197 2 
0.58 0.0885739 2 

0.6 0.0892815 2 
0.59 0.0889197 2 

0.61 0.08966 2 
0.6 0.0892815 2 

