# X-nullcline
0.0597652 1.5 1 
0.0598518 1.485 1 

0.0598518 1.485 1 
0.0599428 1.47 1 

0.0599428 1.47 1 
0.06 1.46104 1 

0.0600392 1.455 1 
0.06 1.46104 1 

0.0600392 1.455 1 
0.0601415 1.44 1 

0.0601415 1.44 1 
0.0602492 1.425 1 

0.0602492 1.425 1 
0.0603626 1.41 1 

0.0603626 1.41 1 
0.0604822 1.395 1 

0.0604822 1.395 1 
0.0606082 1.38 1 

0.0606082 1.38 1 
0.0607412 1.365 1 

0.0607412 1.365 1 
0.0608815 1.35 1 

0.0608815 1.35 1 
0.0610296 1.335 1 

0.0610296 1.335 1 
0.0611862 1.32 1 

0.0611862 1.32 1 
0.0613517 1.305 1 

0.0613517 1.305 1 
0.0615267 1.29 1 

0.0615267 1.29 1 
0.0617119 1.275 1 

0.0617119 1.275 1 
0.0619081 1.26 1 

0.0619081 1.26 1 
0.0621159 1.245 1 

0.0621159 1.245 1 
0.0623361 1.23 1 

0.0623361 1.23 1 
0.0625698 1.215 1 

0.0625698 1.215 1 
0.0628178 1.2 1 

0.0628178 1.2 1 
0.0630812 1.185 1 

0.0630812 1.185 1 
0.0633611 1.17 1 

0.0633611 1.17 1 
0.0636587 1.155 1 

0.0636587 1.155 1 
0.0639754 1.14 1 

0.0639754 1.14 1 
0.0643125 1.125 1 

0.0643125 1.125 1 
0.0646717 1.11 1 

0.0646717 1.11 1 
0.0650546 1.095 1 

0.0650546 1.095 1 
0.065463 1.08 1 

0.065463 1.08 1 
0.065899 1.065 1 

0.065899 1.065 1 
0.0663648 1.05 1 

0.0663648 1.05 1 
0.0668626 1.035 1 

0.0668626 1.035 1 
0.067395 1.02 1 

0.067395 1.02 1 
0.0679648 1.005 1 

0.0679648 1.005 1 
0.0685751 0.99 1 

0.0685751 0.99 1 
0.0692291 0.975 1 

0.0692291 0.975 1 
0.0699305 0.96 1 

0.0699305 0.96 1 
0.07 0.958601 1 

0.0706927 0.945 1 
0.07 0.958601 1 

0.0706927 0.945 1 
0.071512 0.93 1 

0.071512 0.93 1 
0.0723922 0.915 1 

0.0723922 0.915 1 
0.0733383 0.9 1 

0.0733383 0.9 1 
0.0743558 0.885 1 

0.0743558 0.885 1 
0.0754508 0.87 1 

0.0754508 0.87 1 
0.0766296 0.855 1 

0.0766296 0.855 1 
0.0778993 0.84 1 

0.0778993 0.84 1 
0.0792674 0.825 1 

0.0792674 0.825 1 
0.08 0.817483 1 

0.0807518 0.81 1 
0.08 0.817483 1 

0.0807518 0.81 1 
0.0823625 0.795 1 

0.0823625 0.795 1 
0.084099 0.78 1 

0.084099 0.78 1 
0.0859716 0.765 1 

0.0859716 0.765 1 
0.0879907 0.75 1 

0.0879907 0.75 1 
0.09 0.736131 1 

0.0901696 0.735 1 
0.09 0.736131 1 

0.0901696 0.735 1 
0.0925447 0.72 1 

0.0925447 0.72 1 
0.0951028 0.705 1 

0.0951028 0.705 1 
0.0978564 0.69 1 

0.0978564 0.69 1 
0.1 0.679061 1 

0.100828 0.675 1 
0.1 0.679061 1 

0.100828 0.675 1 
0.104046 0.66 1 

0.104046 0.66 1 
0.107497 0.645 1 

0.107497 0.645 1 
0.11 0.634743 1 

0.111207 0.63 1 
0.11 0.634743 1 

0.111207 0.63 1 
0.115199 0.615 1 

0.115199 0.615 1 
0.119454 0.6 1 

0.119454 0.6 1 
0.12 0.598136 1 

0.124017 0.585 1 
0.12 0.598136 1 

0.124017 0.585 1 
0.128856 0.57 1 

0.128856 0.57 1 
0.13 0.566546 1 

0.133998 0.555 1 
0.13 0.566546 1 

0.133998 0.555 1 
0.139411 0.54 1 

0.139411 0.54 1 
0.14 0.538388 1 

0.145112 0.525 1 
0.14 0.538388 1 

0.145112 0.525 1 
0.15 0.51256 1 

0.151051 0.51 1 
0.15 0.51256 1 

0.151051 0.51 1 
0.157223 0.495 1 

0.157223 0.495 1 
0.16 0.488291 1 

0.163579 0.48 1 
0.16 0.488291 1 

0.163579 0.48 1 
0.17 0.465151 1 

0.170068 0.465 1 
0.17 0.465151 1 

0.170068 0.465 1 
0.176657 0.45 1 

0.176657 0.45 1 
0.18 0.442268 1 

0.183264 0.435 1 
0.18 0.442268 1 

0.183264 0.435 1 
0.189822 0.42 1 

0.189822 0.42 1 
0.19 0.419573 1 

0.196275 0.405 1 
0.19 0.419573 1 

0.196275 0.405 1 
0.2 0.395956 1 

0.202533 0.39 1 
0.2 0.395956 1 

0.202533 0.39 1 
0.208526 0.375 1 

0.208526 0.375 1 
0.21 0.371016 1 

0.21419 0.36 1 
0.21 0.371016 1 

0.21419 0.36 1 
0.21945 0.345 1 

0.21945 0.345 1 
0.22 0.34325 1 

0.224261 0.33 1 
0.22 0.34325 1 

0.224261 0.33 1 
0.228563 0.315 1 

0.228563 0.315 1 
0.23 0.309204 1 

0.232324 0.3 1 
0.23 0.309204 1 

0.232324 0.3 1 
0.235511 0.285 1 

0.235511 0.285 1 
0.238099 0.27 1 

0.238099 0.27 1 
0.24 0.255542 1 

0.240072 0.255 1 
0.24 0.255542 1 

0.240072 0.255 1 
0.24142 0.24 1 

0.24142 0.24 1 
0.242124 0.225 1 

0.242124 0.225 1 
0.24217 0.21 1 

0.24217 0.21 1 
0.241533 0.195 1 

0.241533 0.195 1 
0.240175 0.18 1 

0.24 0.178765 1 
0.238045 0.165 1 

0.240175 0.18 1 
0.24 0.178765 1 

0.238045 0.165 1 
0.235067 0.15 1 

0.235067 0.15 1 
0.231146 0.135 1 

0.23 0.131535 1 
0.226168 0.12 1 

0.231146 0.135 1 
0.23 0.131535 1 

0.226168 0.12 1 
0.220013 0.105 1 

0.22 0.104974 1 
0.212599 0.09 1 

0.220013 0.105 1 
0.22 0.104974 1 

0.21 0.0854692 1 
0.203951 0.075 1 

0.212599 0.09 1 
0.21 0.0854692 1 

0.2 0.0688083 1 
0.194335 0.06 1 

0.203951 0.075 1 
0.2 0.0688083 1 

0.19 0.0534065 1 
0.184428 0.045 1 

0.194335 0.06 1 
0.19 0.0534065 1 

0.18 0.0375777 1 
0.175445 0.03 1 

0.184428 0.045 1 
0.18 0.0375777 1 

0.17 0.0172784 1 
0.169019 0.015 1 

0.175445 0.03 1 
0.17 0.0172784 1 


# Y-nullcline
0.137164 1.5 2 
0.136476 1.485 2 

0.136476 1.485 2 
0.135789 1.47 2 

0.135789 1.47 2 
0.135103 1.455 2 

0.135103 1.455 2 
0.134418 1.44 2 

0.134418 1.44 2 
0.133734 1.425 2 

0.133734 1.425 2 
0.133052 1.41 2 

0.133052 1.41 2 
0.132371 1.395 2 

0.132371 1.395 2 
0.131691 1.38 2 

0.131691 1.38 2 
0.131014 1.365 2 

0.131014 1.365 2 
0.130337 1.35 2 

0.13 1.34249 2 
0.129663 1.335 2 

0.130337 1.35 2 
0.13 1.34249 2 

0.129663 1.335 2 
0.12899 1.32 2 

0.12899 1.32 2 
0.12832 1.305 2 

0.12832 1.305 2 
0.127651 1.29 2 

0.127651 1.29 2 
0.126985 1.275 2 

0.126985 1.275 2 
0.126321 1.26 2 

0.126321 1.26 2 
0.12566 1.245 2 

0.12566 1.245 2 
0.125001 1.23 2 

0.125001 1.23 2 
0.124346 1.215 2 

0.124346 1.215 2 
0.123693 1.2 2 

0.123693 1.2 2 
0.123043 1.185 2 

0.123043 1.185 2 
0.122396 1.17 2 

0.122396 1.17 2 
0.121753 1.155 2 

0.121753 1.155 2 
0.121113 1.14 2 

0.121113 1.14 2 
0.120477 1.125 2 

0.12 1.11368 2 
0.119844 1.11 2 

0.120477 1.125 2 
0.12 1.11368 2 

0.119844 1.11 2 
0.119211 1.095 2 

0.119211 1.095 2 
0.118583 1.08 2 

0.118583 1.08 2 
0.117959 1.065 2 

0.117959 1.065 2 
0.117339 1.05 2 

0.117339 1.05 2 
0.116724 1.035 2 

0.116724 1.035 2 
0.116114 1.02 2 

0.116114 1.02 2 
0.11551 1.005 2 

0.11551 1.005 2 
0.11491 0.99 2 

0.11491 0.99 2 
0.114316 0.975 2 

0.114316 0.975 2 
0.113728 0.96 2 

0.113728 0.96 2 
0.113146 0.945 2 

0.113146 0.945 2 
0.11257 0.93 2 

0.11257 0.93 2 
0.112 0.915 2 

0.112 0.915 2 
0.111437 0.9 2 

0.111437 0.9 2 
0.110881 0.885 2 

0.110881 0.885 2 
0.110332 0.87 2 

0.11 0.860791 2 
0.109787 0.855 2 

0.110332 0.87 2 
0.11 0.860791 2 

0.109787 0.855 2 
0.109245 0.84 2 

0.109245 0.84 2 
0.108711 0.825 2 

0.108711 0.825 2 
0.108186 0.81 2 

0.108186 0.81 2 
0.107669 0.795 2 

0.107669 0.795 2 
0.107162 0.78 2 

0.107162 0.78 2 
0.106664 0.765 2 

0.106664 0.765 2 
0.106175 0.75 2 

0.106175 0.75 2 
0.105697 0.735 2 

0.105697 0.735 2 
0.10523 0.72 2 

0.10523 0.72 2 
0.104773 0.705 2 

0.104773 0.705 2 
0.104328 0.69 2 

0.104328 0.69 2 
0.103894 0.675 2 

0.103894 0.675 2 
0.103473 0.66 2 

0.103473 0.66 2 
0.103065 0.645 2 

0.103065 0.645 2 
0.10267 0.63 2 

0.10267 0.63 2 
0.102289 0.615 2 

0.102289 0.615 2 
0.101922 0.6 2 

0.101922 0.6 2 
0.10157 0.585 2 

0.10157 0.585 2 
0.101234 0.57 2 

0.101234 0.57 2 
0.100914 0.555 2 

0.100914 0.555 2 
0.100611 0.54 2 

0.100611 0.54 2 
0.100326 0.525 2 

0.100326 0.525 2 
0.100059 0.51 2 

0.1 0.506396 2 
0.099806 0.495 2 

0.100059 0.51 2 
0.1 0.506396 2 

0.099806 0.495 2 
0.0995717 0.48 2 

0.0995717 0.48 2 
0.0993585 0.465 2 

0.0993585 0.465 2 
0.0991672 0.45 2 

0.0991672 0.45 2 
0.0989984 0.435 2 

0.0989984 0.435 2 
0.0988528 0.42 2 

0.0988528 0.42 2 
0.0987309 0.405 2 

0.0987309 0.405 2 
0.0986332 0.39 2 

0.0986332 0.39 2 
0.0985595 0.375 2 

0.0985595 0.375 2 
0.0985098 0.36 2 

0.0985098 0.36 2 
0.098483 0.345 2 

0.098483 0.345 2 
0.0984776 0.33 2 

0.0984776 0.33 2 
0.0984905 0.315 2 

0.0984905 0.315 2 
0.0985171 0.3 2 

0.0985171 0.3 2 
0.0985503 0.285 2 

0.0985503 0.285 2 
0.0985794 0.27 2 

0.0985794 0.27 2 
0.0985879 0.255 2 

0.0985879 0.255 2 
0.0985518 0.24 2 

0.0985518 0.24 2 
0.0984346 0.225 2 

0.0984346 0.225 2 
0.0981813 0.21 2 

0.0981813 0.21 2 
0.0977079 0.195 2 

0.0977079 0.195 2 
0.0968838 0.18 2 

0.0968838 0.18 2 
0.0955021 0.165 2 

0.0955021 0.165 2 
0.0932263 0.15 2 

0.09 0.136851 2 
0.089469 0.135 2 

0.0932263 0.15 2 
0.09 0.136851 2 

0.089469 0.135 2 
0.0830223 0.12 2 

0.08 0.115323 2 
0.0716139 0.105 2 

0.0830223 0.12 2 
0.08 0.115323 2 

0.05 0.0909184 2 
0.0477527 0.09 2 

0.06 0.0962908 2 
0.05 0.0909184 2 

0.07 0.103561 2 
0.06 0.0962908 2 

0.0716139 0.105 2 
0.07 0.103561 2 

0.01 0.0829306 2 
0 0.0828117 2 

0.02 0.0835945 2 
0.01 0.0829306 2 

0.03 0.0850446 2 
0.02 0.0835945 2 

0.04 0.0874047 2 
0.03 0.0850446 2 

