# X-nullcline
0.0597652 1.5 1 
0.0598518 1.485 1 

0.0598518 1.485 1 
0.0599428 1.47 1 

0.0599428 1.47 1 
0.06 1.46104 1 

0.0600392 1.455 1 
0.06 1.46104 1 

0.0600392 1.455 1 
0.0601415 1.44 1 

0.0601415 1.44 1 
0.0602492 1.425 1 

0.0602492 1.425 1 
0.0603626 1.41 1 

0.0603626 1.41 1 
0.0604822 1.395 1 

0.0604822 1.395 1 
0.0606082 1.38 1 

0.0606082 1.38 1 
0.0607412 1.365 1 

0.0607412 1.365 1 
0.0608815 1.35 1 

0.0608815 1.35 1 
0.0610296 1.335 1 

0.0610296 1.335 1 
0.0611862 1.32 1 

0.0611862 1.32 1 
0.0613517 1.305 1 

0.0613517 1.305 1 
0.0615267 1.29 1 

0.0615267 1.29 1 
0.0617119 1.275 1 

0.0617119 1.275 1 
0.0619081 1.26 1 

0.0619081 1.26 1 
0.0621159 1.245 1 

0.0621159 1.245 1 
0.0623361 1.23 1 

0.0623361 1.23 1 
0.0625698 1.215 1 

0.0625698 1.215 1 
0.0628178 1.2 1 

0.0628178 1.2 1 
0.0630812 1.185 1 

0.0630812 1.185 1 
0.0633611 1.17 1 

0.0633611 1.17 1 
0.0636587 1.155 1 

0.0636587 1.155 1 
0.0639754 1.14 1 

0.0639754 1.14 1 
0.0643125 1.125 1 

0.0643125 1.125 1 
0.0646717 1.11 1 

0.0646717 1.11 1 
0.0650546 1.095 1 

0.0650546 1.095 1 
0.065463 1.08 1 

0.065463 1.08 1 
0.065899 1.065 1 

0.065899 1.065 1 
0.0663648 1.05 1 

0.0663648 1.05 1 
0.0668626 1.035 1 

0.0668626 1.035 1 
0.067395 1.02 1 

0.067395 1.02 1 
0.0679648 1.005 1 

0.0679648 1.005 1 
0.0685751 0.99 1 

0.0685751 0.99 1 
0.0692291 0.975 1 

0.0692291 0.975 1 
0.0699305 0.96 1 

0.0699305 0.96 1 
0.07 0.958601 1 

0.0706927 0.945 1 
0.07 0.958601 1 

0.0706927 0.945 1 
0.071512 0.93 1 

0.071512 0.93 1 
0.0723922 0.915 1 

0.0723922 0.915 1 
0.0733383 0.9 1 

0.0733383 0.9 1 
0.0743558 0.885 1 

0.0743558 0.885 1 
0.0754508 0.87 1 

0.0754508 0.87 1 
0.0766296 0.855 1 

0.0766296 0.855 1 
0.0778993 0.84 1 

0.0778993 0.84 1 
0.0792674 0.825 1 

0.0792674 0.825 1 
0.08 0.817483 1 

0.0807518 0.81 1 
0.08 0.817483 1 

0.0807518 0.81 1 
0.0823625 0.795 1 

0.0823625 0.795 1 
0.084099 0.78 1 

0.084099 0.78 1 
0.0859716 0.765 1 

0.0859716 0.765 1 
0.0879907 0.75 1 

0.0879907 0.75 1 
0.09 0.736131 1 

0.0901696 0.735 1 
0.09 0.736131 1 

0.0901696 0.735 1 
0.0925447 0.72 1 

0.0925447 0.72 1 
0.0951028 0.705 1 

0.0951028 0.705 1 
0.0978564 0.69 1 

0.0978564 0.69 1 
0.1 0.679061 1 

0.100828 0.675 1 
0.1 0.679061 1 

0.100828 0.675 1 
0.104046 0.66 1 

0.104046 0.66 1 
0.107497 0.645 1 

0.107497 0.645 1 
0.11 0.634743 1 

0.111207 0.63 1 
0.11 0.634743 1 

0.111207 0.63 1 
0.115199 0.615 1 

0.115199 0.615 1 
0.119454 0.6 1 

0.119454 0.6 1 
0.12 0.598136 1 

0.124017 0.585 1 
0.12 0.598136 1 

0.124017 0.585 1 
0.128856 0.57 1 

0.128856 0.57 1 
0.13 0.566546 1 

0.133998 0.555 1 
0.13 0.566546 1 

0.133998 0.555 1 
0.139411 0.54 1 

0.139411 0.54 1 
0.14 0.538388 1 

0.145112 0.525 1 
0.14 0.538388 1 

0.145112 0.525 1 
0.15 0.51256 1 

0.151051 0.51 1 
0.15 0.51256 1 

0.151051 0.51 1 
0.157223 0.495 1 

0.157223 0.495 1 
0.16 0.488291 1 

0.163579 0.48 1 
0.16 0.488291 1 

0.163579 0.48 1 
0.17 0.465151 1 

0.170068 0.465 1 
0.17 0.465151 1 

0.170068 0.465 1 
0.176657 0.45 1 

0.176657 0.45 1 
0.18 0.442268 1 

0.183264 0.435 1 
0.18 0.442268 1 

0.183264 0.435 1 
0.189822 0.42 1 

0.189822 0.42 1 
0.19 0.419573 1 

0.196275 0.405 1 
0.19 0.419573 1 

0.196275 0.405 1 
0.2 0.395956 1 

0.202533 0.39 1 
0.2 0.395956 1 

0.202533 0.39 1 
0.208526 0.375 1 

0.208526 0.375 1 
0.21 0.371016 1 

0.21419 0.36 1 
0.21 0.371016 1 

0.21419 0.36 1 
0.21945 0.345 1 

0.21945 0.345 1 
0.22 0.34325 1 

0.224261 0.33 1 
0.22 0.34325 1 

0.224261 0.33 1 
0.228563 0.315 1 

0.228563 0.315 1 
0.23 0.309204 1 

0.232324 0.3 1 
0.23 0.309204 1 

0.232324 0.3 1 
0.235511 0.285 1 

0.235511 0.285 1 
0.238099 0.27 1 

0.238099 0.27 1 
0.24 0.255542 1 

0.240072 0.255 1 
0.24 0.255542 1 

0.240072 0.255 1 
0.24142 0.24 1 

0.24142 0.24 1 
0.242124 0.225 1 

0.242124 0.225 1 
0.24217 0.21 1 

0.24217 0.21 1 
0.241533 0.195 1 

0.241533 0.195 1 
0.240175 0.18 1 

0.24 0.178765 1 
0.238045 0.165 1 

0.240175 0.18 1 
0.24 0.178765 1 

0.238045 0.165 1 
0.235067 0.15 1 

0.235067 0.15 1 
0.231146 0.135 1 

0.23 0.131535 1 
0.226168 0.12 1 

0.231146 0.135 1 
0.23 0.131535 1 

0.226168 0.12 1 
0.220013 0.105 1 

0.22 0.104974 1 
0.212599 0.09 1 

0.220013 0.105 1 
0.22 0.104974 1 

0.21 0.0854692 1 
0.203951 0.075 1 

0.212599 0.09 1 
0.21 0.0854692 1 

0.2 0.0688083 1 
0.194335 0.06 1 

0.203951 0.075 1 
0.2 0.0688083 1 

0.19 0.0534065 1 
0.184428 0.045 1 

0.194335 0.06 1 
0.19 0.0534065 1 

0.18 0.0375777 1 
0.175445 0.03 1 

0.184428 0.045 1 
0.18 0.0375777 1 

0.17 0.0172784 1 
0.169019 0.015 1 

0.175445 0.03 1 
0.17 0.0172784 1 


# Y-nullcline
0.358839 1.5 2 
0.355637 1.485 2 

0.355637 1.485 2 
0.352442 1.47 2 

0.35 1.45851 2 
0.349273 1.455 2 

0.352442 1.47 2 
0.35 1.45851 2 

0.349273 1.455 2 
0.346175 1.44 2 

0.346175 1.44 2 
0.343085 1.425 2 

0.343085 1.425 2 
0.340004 1.41 2 

0.34 1.40998 2 
0.33701 1.395 2 

0.340004 1.41 2 
0.34 1.40998 2 

0.33701 1.395 2 
0.334026 1.38 2 

0.334026 1.38 2 
0.331052 1.365 2 

0.33 1.35967 2 
0.328137 1.35 2 

0.331052 1.365 2 
0.33 1.35967 2 

0.328137 1.35 2 
0.32526 1.335 2 

0.32526 1.335 2 
0.322394 1.32 2 

0.32 1.30742 2 
0.31955 1.305 2 

0.322394 1.32 2 
0.32 1.30742 2 

0.31955 1.305 2 
0.316781 1.29 2 

0.316781 1.29 2 
0.314023 1.275 2 

0.314023 1.275 2 
0.311278 1.26 2 

0.31 1.25298 2 
0.308584 1.245 2 

0.311278 1.26 2 
0.31 1.25298 2 

0.308584 1.245 2 
0.305936 1.23 2 

0.305936 1.23 2 
0.303302 1.215 2 

0.303302 1.215 2 
0.300683 1.2 2 

0.3 1.19606 2 
0.298128 1.185 2 

0.300683 1.2 2 
0.3 1.19606 2 

0.298128 1.185 2 
0.295606 1.17 2 

0.295606 1.17 2 
0.2931 1.155 2 

0.2931 1.155 2 
0.29061 1.14 2 

0.29 1.13629 2 
0.288186 1.125 2 

0.29061 1.14 2 
0.29 1.13629 2 

0.288186 1.125 2 
0.285794 1.11 2 

0.285794 1.11 2 
0.283421 1.095 2 

0.283421 1.095 2 
0.281066 1.08 2 

0.28 1.07315 2 
0.278763 1.065 2 

0.281066 1.08 2 
0.28 1.07315 2 

0.278763 1.065 2 
0.276507 1.05 2 

0.276507 1.05 2 
0.274271 1.035 2 

0.274271 1.035 2 
0.272056 1.02 2 

0.27 1.00594 2 
0.269866 1.005 2 

0.272056 1.02 2 
0.27 1.00594 2 

0.269866 1.005 2 
0.267751 0.99 2 

0.267751 0.99 2 
0.265658 0.975 2 

0.265658 0.975 2 
0.26359 0.96 2 

0.26359 0.96 2 
0.261545 0.945 2 

0.26 0.933513 2 
0.259538 0.93 2 

0.261545 0.945 2 
0.26 0.933513 2 

0.259538 0.93 2 
0.257596 0.915 2 

0.257596 0.915 2 
0.25568 0.9 2 

0.25568 0.9 2 
0.253792 0.885 2 

0.253792 0.885 2 
0.251932 0.87 2 

0.251932 0.87 2 
0.250102 0.855 2 

0.25 0.854148 2 
0.248345 0.84 2 

0.250102 0.855 2 
0.25 0.854148 2 

0.248345 0.84 2 
0.246621 0.825 2 

0.246621 0.825 2 
0.24493 0.81 2 

0.24493 0.81 2 
0.243272 0.795 2 

0.243272 0.795 2 
0.241649 0.78 2 

0.241649 0.78 2 
0.240063 0.765 2 

0.24 0.764391 2 
0.23855 0.75 2 

0.240063 0.765 2 
0.24 0.764391 2 

0.23855 0.75 2 
0.237076 0.735 2 

0.237076 0.735 2 
0.235643 0.72 2 

0.235643 0.72 2 
0.23425 0.705 2 

0.23425 0.705 2 
0.2329 0.69 2 

0.2329 0.69 2 
0.231595 0.675 2 

0.231595 0.675 2 
0.230337 0.66 2 

0.23 0.655798 2 
0.229148 0.645 2 

0.230337 0.66 2 
0.23 0.655798 2 

0.229148 0.645 2 
0.228017 0.63 2 

0.228017 0.63 2 
0.226938 0.615 2 

0.226938 0.615 2 
0.225912 0.6 2 

0.225912 0.6 2 
0.224944 0.585 2 

0.224944 0.585 2 
0.224035 0.57 2 

0.224035 0.57 2 
0.223188 0.555 2 

0.223188 0.555 2 
0.222406 0.54 2 

0.222406 0.54 2 
0.221694 0.525 2 

0.221694 0.525 2 
0.221053 0.51 2 

0.221053 0.51 2 
0.220488 0.495 2 

0.220488 0.495 2 
0.220002 0.48 2 

0.22 0.479906 2 
0.21961 0.465 2 

0.220002 0.48 2 
0.22 0.479906 2 

0.21961 0.465 2 
0.219305 0.45 2 

0.219305 0.45 2 
0.21909 0.435 2 

0.21909 0.435 2 
0.218972 0.42 2 

0.218972 0.42 2 
0.218954 0.405 2 

0.218954 0.405 2 
0.219041 0.39 2 

0.219041 0.39 2 
0.21924 0.375 2 

0.21924 0.375 2 
0.219554 0.36 2 

0.219554 0.36 2 
0.219988 0.345 2 

0.219988 0.345 2 
0.22 0.344662 2 

0.220557 0.33 2 
0.22 0.344662 2 

0.220557 0.33 2 
0.221255 0.315 2 

0.221255 0.315 2 
0.222079 0.3 2 

0.222079 0.3 2 
0.223024 0.285 2 

0.223024 0.285 2 
0.224077 0.27 2 

0.224077 0.27 2 
0.225216 0.255 2 

0.225216 0.255 2 
0.226401 0.24 2 

0.226401 0.24 2 
0.227569 0.225 2 

0.227569 0.225 2 
0.228613 0.21 2 

0.228613 0.21 2 
0.229365 0.195 2 

0.229365 0.195 2 
0.229551 0.18 2 

0.229551 0.18 2 
0.228722 0.165 2 

0.228722 0.165 2 
0.226128 0.15 2 

0.226128 0.15 2 
0.220481 0.135 2 

0.21 0.12033 2 
0.209735 0.12 2 

0.22 0.134251 2 
0.21 0.12033 2 

0.220481 0.135 2 
0.22 0.134251 2 

0.2 0.111967 2 
0.190215 0.105 2 

0.209735 0.12 2 
0.2 0.111967 2 

0.16 0.0917574 2 
0.15519 0.09 2 

0.17 0.0956865 2 
0.16 0.0917574 2 

0.18 0.100044 2 
0.17 0.0956865 2 

0.19 0.104891 2 
0.18 0.100044 2 

0.190215 0.105 2 
0.19 0.104891 2 

0.09 0.0753329 2 
0.0879032 0.075 2 

0.1 0.0770579 2 
0.09 0.0753329 2 

0.11 0.0789625 2 
0.1 0.0770579 2 

0.12 0.0810516 2 
0.11 0.0789625 2 

0.13 0.0833325 2 
0.12 0.0810516 2 

0.14 0.0858155 2 
0.13 0.0833325 2 

0.15 0.0885137 2 
0.14 0.0858155 2 

0.15519 0.09 2 
0.15 0.0885137 2 

0.01 0.0689432 2 
0 0.0689136 2 

0.02 0.0691066 2 
0.01 0.0689432 2 

0.03 0.0694547 2 
0.02 0.0691066 2 

0.04 0.0699964 2 
0.03 0.0694547 2 

0.05 0.0707249 2 
0.04 0.0699964 2 

0.06 0.071629 2 
0.05 0.0707249 2 

0.07 0.0726978 2 
0.06 0.071629 2 

0.08 0.0739218 2 
0.07 0.0726978 2 

