# X-nullcline
0.171005 1.5 1 
0.172434 1.485 1 

0.172434 1.485 1 
0.173888 1.47 1 

0.173888 1.47 1 
0.175366 1.455 1 

0.175366 1.455 1 
0.17687 1.44 1 

0.17687 1.44 1 
0.178399 1.425 1 

0.178399 1.425 1 
0.179956 1.41 1 

0.179956 1.41 1 
0.18 1.40958 1 

0.181539 1.395 1 
0.18 1.40958 1 

0.181539 1.395 1 
0.183151 1.38 1 

0.183151 1.38 1 
0.184792 1.365 1 

0.184792 1.365 1 
0.186462 1.35 1 

0.186462 1.35 1 
0.188163 1.335 1 

0.188163 1.335 1 
0.189895 1.32 1 

0.189895 1.32 1 
0.19 1.3191 1 

0.19166 1.305 1 
0.19 1.3191 1 

0.19166 1.305 1 
0.193457 1.29 1 

0.193457 1.29 1 
0.195289 1.275 1 

0.195289 1.275 1 
0.197155 1.26 1 

0.197155 1.26 1 
0.199058 1.245 1 

0.199058 1.245 1 
0.2 1.23768 1 

0.200997 1.23 1 
0.2 1.23768 1 

0.200997 1.23 1 
0.202975 1.215 1 

0.202975 1.215 1 
0.204992 1.2 1 

0.204992 1.2 1 
0.20705 1.185 1 

0.20705 1.185 1 
0.209149 1.17 1 

0.209149 1.17 1 
0.21 1.16401 1 

0.211291 1.155 1 
0.21 1.16401 1 

0.211291 1.155 1 
0.213478 1.14 1 

0.213478 1.14 1 
0.21571 1.125 1 

0.21571 1.125 1 
0.21799 1.11 1 

0.21799 1.11 1 
0.22 1.09703 1 

0.220318 1.095 1 
0.22 1.09703 1 

0.220318 1.095 1 
0.222697 1.08 1 

0.222697 1.08 1 
0.225127 1.065 1 

0.225127 1.065 1 
0.227611 1.05 1 

0.227611 1.05 1 
0.23 1.03588 1 

0.230151 1.035 1 
0.23 1.03588 1 

0.230151 1.035 1 
0.232748 1.02 1 

0.232748 1.02 1 
0.235404 1.005 1 

0.235404 1.005 1 
0.238121 0.99 1 

0.238121 0.99 1 
0.24 0.979828 1 

0.240902 0.975 1 
0.24 0.979828 1 

0.240902 0.975 1 
0.243749 0.96 1 

0.243749 0.96 1 
0.246663 0.945 1 

0.246663 0.945 1 
0.249649 0.93 1 

0.249649 0.93 1 
0.25 0.928258 1 

0.252707 0.915 1 
0.25 0.928258 1 

0.252707 0.915 1 
0.255841 0.9 1 

0.255841 0.9 1 
0.259054 0.885 1 

0.259054 0.885 1 
0.26 0.880655 1 

0.262349 0.87 1 
0.26 0.880655 1 

0.262349 0.87 1 
0.265728 0.855 1 

0.265728 0.855 1 
0.269196 0.84 1 

0.269196 0.84 1 
0.27 0.836578 1 

0.272756 0.825 1 
0.27 0.836578 1 

0.272756 0.825 1 
0.276411 0.81 1 

0.276411 0.81 1 
0.28 0.795649 1 

0.280165 0.795 1 
0.28 0.795649 1 

0.280165 0.795 1 
0.284022 0.78 1 

0.284022 0.78 1 
0.287987 0.765 1 

0.287987 0.765 1 
0.29 0.757544 1 

0.292065 0.75 1 
0.29 0.757544 1 

0.292065 0.75 1 
0.29626 0.735 1 

0.29626 0.735 1 
0.3 0.721978 1 

0.300577 0.72 1 
0.3 0.721978 1 

0.300577 0.72 1 
0.305021 0.705 1 

0.305021 0.705 1 
0.309599 0.69 1 

0.309599 0.69 1 
0.31 0.688707 1 

0.314317 0.675 1 
0.31 0.688707 1 

0.314317 0.675 1 
0.31918 0.66 1 

0.31918 0.66 1 
0.32 0.657516 1 

0.324196 0.645 1 
0.32 0.657516 1 

0.324196 0.645 1 
0.329373 0.63 1 

0.329373 0.63 1 
0.33 0.628215 1 

0.334717 0.615 1 
0.33 0.628215 1 

0.334717 0.615 1 
0.34 0.600637 1 

0.340238 0.6 1 
0.34 0.600637 1 

0.340238 0.6 1 
0.345944 0.585 1 

0.345944 0.585 1 
0.35 0.574636 1 

0.351845 0.57 1 
0.35 0.574636 1 

0.351845 0.57 1 
0.35795 0.555 1 

0.35795 0.555 1 
0.36 0.550079 1 

0.364272 0.54 1 
0.36 0.550079 1 

0.364272 0.54 1 
0.37 0.526849 1 

0.37082 0.525 1 
0.37 0.526849 1 

0.37082 0.525 1 
0.377608 0.51 1 

0.377608 0.51 1 
0.38 0.504842 1 

0.384649 0.495 1 
0.38 0.504842 1 

0.384649 0.495 1 
0.39 0.483963 1 

0.391958 0.48 1 
0.39 0.483963 1 

0.391958 0.48 1 
0.39955 0.465 1 

0.39955 0.465 1 
0.4 0.464129 1 

0.407442 0.45 1 
0.4 0.464129 1 

0.407442 0.45 1 
0.41 0.445262 1 

0.415652 0.435 1 
0.41 0.445262 1 

0.415652 0.435 1 
0.42 0.427293 1 

0.424199 0.42 1 
0.42 0.427293 1 

0.424199 0.42 1 
0.43 0.41016 1 

0.433106 0.405 1 
0.43 0.41016 1 

0.433106 0.405 1 
0.44 0.393806 1 

0.442394 0.39 1 
0.44 0.393806 1 

0.442394 0.39 1 
0.45 0.378179 1 

0.45209 0.375 1 
0.45 0.378179 1 

0.45209 0.375 1 
0.46 0.363231 1 

0.46222 0.36 1 
0.46 0.363231 1 

0.46222 0.36 1 
0.47 0.34892 1 

0.472815 0.345 1 
0.47 0.34892 1 

0.472815 0.345 1 
0.48 0.335204 1 

0.483907 0.33 1 
0.48 0.335204 1 

0.483907 0.33 1 
0.49 0.322049 1 

0.495531 0.315 1 
0.49 0.322049 1 

0.495531 0.315 1 
0.5 0.309419 1 

0.507728 0.3 1 
0.5 0.309419 1 

0.507728 0.3 1 
0.51 0.297285 1 

0.52 0.285618 1 
0.51 0.297285 1 

0.52054 0.285 1 
0.52 0.285618 1 

0.52054 0.285 1 
0.53 0.274391 1 

0.534016 0.27 1 
0.53 0.274391 1 

0.534016 0.27 1 
0.54 0.263579 1 

0.548208 0.255 1 
0.54 0.263579 1 

0.548208 0.255 1 
0.55 0.253161 1 

0.56 0.243115 1 
0.55 0.253161 1 

0.563175 0.24 1 
0.56 0.243115 1 

0.563175 0.24 1 
0.57 0.233422 1 

0.578982 0.225 1 
0.57 0.233422 1 

0.578982 0.225 1 
0.58 0.224062 1 

0.59 0.21502 1 
0.58 0.224062 1 

0.595702 0.21 1 
0.59 0.21502 1 

0.595702 0.21 1 
0.6 0.20628 1 

0.61 0.197825 1 
0.6 0.20628 1 

0.613417 0.195 1 
0.61 0.197825 1 

0.613417 0.195 1 
0.62 0.189644 1 

0.63 0.181722 1 
0.62 0.189644 1 

0.632217 0.18 1 
0.63 0.181722 1 

0.632217 0.18 1 
0.64 0.174048 1 

0.65 0.16661 1 
0.64 0.174048 1 

0.652206 0.165 1 
0.65 0.16661 1 

0.652206 0.165 1 
0.66 0.159398 1 

0.67 0.152401 1 
0.66 0.159398 1 

0.673501 0.15 1 
0.67 0.152401 1 

0.673501 0.15 1 
0.68 0.145609 1 

0.69 0.139014 1 
0.68 0.145609 1 

0.696233 0.135 1 
0.69 0.139014 1 

0.696233 0.135 1 
0.7 0.132608 1 

0.71 0.126383 1 
0.7 0.132608 1 

0.72 0.12033 1 
0.71 0.126383 1 

0.720553 0.12 1 
0.72 0.12033 1 

0.720553 0.12 1 
0.73 0.114443 1 

0.74 0.108715 1 
0.73 0.114443 1 

0.746633 0.105 1 
0.74 0.108715 1 

0.746633 0.105 1 
0.75 0.10314 1 

0.76 0.0977113 1 
0.75 0.10314 1 

0.77 0.0924239 1 
0.76 0.0977113 1 

0.774673 0.09 1 
0.77 0.0924239 1 

0.774673 0.09 1 
0.78 0.0872721 1 

0.79 0.0822507 1 
0.78 0.0872721 1 

0.8 0.0773548 1 
0.79 0.0822507 1 

0.8049 0.075 1 
0.8 0.0773548 1 

0.8049 0.075 1 
0.81 0.0725798 1 

0.82 0.0679213 1 
0.81 0.0725798 1 

0.83 0.063375 1 
0.82 0.0679213 1 

0.837583 0.06 1 
0.83 0.063375 1 

0.837583 0.06 1 
0.84 0.058937 1 

0.85 0.0546034 1 
0.84 0.058937 1 

0.86 0.0503706 1 
0.85 0.0546034 1 

0.87 0.0462351 1 
0.86 0.0503706 1 

0.873032 0.045 1 
0.87 0.0462351 1 

0.873032 0.045 1 
0.88 0.0421935 1 

0.89 0.0382428 1 
0.88 0.0421935 1 

0.9 0.0343799 1 
0.89 0.0382428 1 

0.91 0.0306019 1 
0.9 0.0343799 1 

0.911614 0.03 1 
0.91 0.0306019 1 

0.911614 0.03 1 
0.92 0.026906 1 

0.93 0.0232896 1 
0.92 0.026906 1 

0.94 0.0197502 1 
0.93 0.0232896 1 

0.95 0.0162852 1 
0.94 0.0197502 1 

0.953763 0.015 1 
0.95 0.0162852 1 

0.953763 0.015 1 
0.96 0.0128925 1 

0.97 0.00956968 1 
0.96 0.0128925 1 

0.98 0.00631469 1 
0.97 0.00956968 1 

0.99 0.00312546 1 
0.98 0.00631469 1 


# Y-nullcline
0.65 1.49808 2 
0.648625 1.485 2 

0.650196 1.5 2 
0.65 1.49808 2 

0.648625 1.485 2 
0.64705 1.47 2 

0.64705 1.47 2 
0.64548 1.455 2 

0.64548 1.455 2 
0.643913 1.44 2 

0.643913 1.44 2 
0.64235 1.425 2 

0.64235 1.425 2 
0.640791 1.41 2 

0.64 1.40237 2 
0.639212 1.395 2 

0.640791 1.41 2 
0.64 1.40237 2 

0.639212 1.395 2 
0.637612 1.38 2 

0.637612 1.38 2 
0.636018 1.365 2 

0.636018 1.365 2 
0.634429 1.35 2 

0.634429 1.35 2 
0.632845 1.335 2 

0.632845 1.335 2 
0.631267 1.32 2 

0.63 1.30791 2 
0.629685 1.305 2 

0.631267 1.32 2 
0.63 1.30791 2 

0.629685 1.305 2 
0.628069 1.29 2 

0.628069 1.29 2 
0.62646 1.275 2 

0.62646 1.275 2 
0.624857 1.26 2 

0.624857 1.26 2 
0.623263 1.245 2 

0.623263 1.245 2 
0.621676 1.23 2 

0.621676 1.23 2 
0.620097 1.215 2 

0.62 1.21407 2 
0.618478 1.2 2 

0.620097 1.215 2 
0.62 1.21407 2 

0.618478 1.2 2 
0.616865 1.185 2 

0.616865 1.185 2 
0.615262 1.17 2 

0.615262 1.17 2 
0.613669 1.155 2 

0.613669 1.155 2 
0.612086 1.14 2 

0.612086 1.14 2 
0.610513 1.125 2 

0.61 1.12007 2 
0.608917 1.11 2 

0.610513 1.125 2 
0.61 1.12007 2 

0.608917 1.11 2 
0.607315 1.095 2 

0.607315 1.095 2 
0.605726 1.08 2 

0.605726 1.08 2 
0.60415 1.065 2 

0.60415 1.065 2 
0.602587 1.05 2 

0.602587 1.05 2 
0.601038 1.035 2 

0.6 1.02485 2 
0.599486 1.02 2 

0.601038 1.035 2 
0.6 1.02485 2 

0.599486 1.02 2 
0.597915 1.005 2 

0.597915 1.005 2 
0.596359 0.99 2 

0.596359 0.99 2 
0.59482 0.975 2 

0.59482 0.975 2 
0.593299 0.96 2 

0.593299 0.96 2 
0.591795 0.945 2 

0.591795 0.945 2 
0.59031 0.93 2 

0.59 0.926819 2 
0.588804 0.915 2 

0.59031 0.93 2 
0.59 0.926819 2 

0.588804 0.915 2 
0.587308 0.9 2 

0.587308 0.9 2 
0.585834 0.885 2 

0.585834 0.885 2 
0.584381 0.87 2 

0.584381 0.87 2 
0.582952 0.855 2 

0.582952 0.855 2 
0.581546 0.84 2 

0.581546 0.84 2 
0.580165 0.825 2 

0.58 0.823165 2 
0.578768 0.81 2 

0.580165 0.825 2 
0.58 0.823165 2 

0.578768 0.81 2 
0.577393 0.795 2 

0.577393 0.795 2 
0.576047 0.78 2 

0.576047 0.78 2 
0.57473 0.765 2 

0.57473 0.765 2 
0.573444 0.75 2 

0.573444 0.75 2 
0.572191 0.735 2 

0.572191 0.735 2 
0.570971 0.72 2 

0.57 0.707699 2 
0.569778 0.705 2 

0.570971 0.72 2 
0.57 0.707699 2 

0.569778 0.705 2 
0.568588 0.69 2 

0.568588 0.69 2 
0.567438 0.675 2 

0.567438 0.675 2 
0.566328 0.66 2 

0.566328 0.66 2 
0.565261 0.645 2 

0.565261 0.645 2 
0.564239 0.63 2 

0.564239 0.63 2 
0.563263 0.615 2 

0.563263 0.615 2 
0.562336 0.6 2 

0.562336 0.6 2 
0.561459 0.585 2 

0.561459 0.585 2 
0.560636 0.57 2 

0.56 0.557532 2 
0.559865 0.555 2 

0.560636 0.57 2 
0.56 0.557532 2 

0.559865 0.555 2 
0.559131 0.54 2 

0.559131 0.54 2 
0.558461 0.525 2 

0.558461 0.525 2 
0.557858 0.51 2 

0.557858 0.51 2 
0.557326 0.495 2 

0.557326 0.495 2 
0.556867 0.48 2 

0.556867 0.48 2 
0.556488 0.465 2 

0.556488 0.465 2 
0.55619 0.45 2 

0.55619 0.45 2 
0.555979 0.435 2 

0.555979 0.435 2 
0.555859 0.42 2 

0.555859 0.42 2 
0.555836 0.405 2 

0.555836 0.405 2 
0.555912 0.39 2 

0.555912 0.39 2 
0.556094 0.375 2 

0.556094 0.375 2 
0.556386 0.36 2 

0.556386 0.36 2 
0.556791 0.345 2 

0.556791 0.345 2 
0.557313 0.33 2 

0.557313 0.33 2 
0.557952 0.315 2 

0.557952 0.315 2 
0.558708 0.3 2 

0.558708 0.3 2 
0.559574 0.285 2 

0.559574 0.285 2 
0.56 0.27825 2 

0.56052 0.27 2 
0.56 0.27825 2 

0.56052 0.27 2 
0.561525 0.255 2 

0.561525 0.255 2 
0.562568 0.24 2 

0.562568 0.24 2 
0.563588 0.225 2 

0.563588 0.225 2 
0.564489 0.21 2 

0.564489 0.21 2 
0.565117 0.195 2 

0.565117 0.195 2 
0.565219 0.18 2 

0.565219 0.18 2 
0.564384 0.165 2 

0.564384 0.165 2 
0.561928 0.15 2 

0.56 0.14409 2 
0.556552 0.135 2 

0.561928 0.15 2 
0.56 0.14409 2 

0.55 0.125181 2 
0.545884 0.12 2 

0.556552 0.135 2 
0.55 0.125181 2 

0.53 0.108149 2 
0.524739 0.105 2 

0.54 0.115137 2 
0.53 0.108149 2 

0.545884 0.12 2 
0.54 0.115137 2 

0.48 0.0901085 2 
0.479549 0.09 2 

0.49 0.0927225 2 
0.48 0.0901085 2 

0.5 0.0956831 2 
0.49 0.0927225 2 

0.51 0.0990583 2 
0.5 0.0956831 2 

0.52 0.102935 2 
0.51 0.0990583 2 

0.524739 0.105 2 
0.52 0.102935 2 

0.36 0.0756222 2 
0.350432 0.075 2 

0.37 0.0763287 2 
0.36 0.0756222 2 

0.38 0.0770971 2 
0.37 0.0763287 2 

0.39 0.0779335 2 
0.38 0.0770971 2 

0.4 0.0788448 2 
0.39 0.0779335 2 

0.41 0.0798388 2 
0.4 0.0788448 2 

0.42 0.0809246 2 
0.41 0.0798388 2 

0.43 0.0821125 2 
0.42 0.0809246 2 

0.44 0.0834147 2 
0.43 0.0821125 2 

0.45 0.0848453 2 
0.44 0.0834147 2 

0.46 0.0864208 2 
0.45 0.0848453 2 

0.47 0.0881612 2 
0.46 0.0864208 2 

0.479549 0.09 2 
0.47 0.0881612 2 

0.01 0.0692864 2 
0 0.0692863 2 

0.02 0.0692872 2 
0.01 0.0692864 2 

0.03 0.0692894 2 
0.02 0.0692872 2 

0.04 0.0692938 2 
0.03 0.0692894 2 

0.05 0.0693009 2 
0.04 0.0692938 2 

0.06 0.0693116 2 
0.05 0.0693009 2 

0.07 0.0693265 2 
0.06 0.0693116 2 

0.08 0.0693463 2 
0.07 0.0693265 2 

0.09 0.0693719 2 
0.08 0.0693463 2 

0.1 0.0694038 2 
0.09 0.0693719 2 

0.11 0.0694428 2 
0.1 0.0694038 2 

0.12 0.0694897 2 
0.11 0.0694428 2 

0.13 0.0695453 2 
0.12 0.0694897 2 

0.14 0.0696102 2 
0.13 0.0695453 2 

0.15 0.0696854 2 
0.14 0.0696102 2 

0.16 0.0697717 2 
0.15 0.0696854 2 

0.17 0.0698698 2 
0.16 0.0697717 2 

0.18 0.0699807 2 
0.17 0.0698698 2 

0.19 0.0701054 2 
0.18 0.0699807 2 

0.2 0.0702446 2 
0.19 0.0701054 2 

0.21 0.0703996 2 
0.2 0.0702446 2 

0.22 0.0705714 2 
0.21 0.0703996 2 

0.23 0.070761 2 
0.22 0.0705714 2 

0.24 0.0709697 2 
0.23 0.070761 2 

0.25 0.0711987 2 
0.24 0.0709697 2 

0.26 0.0714496 2 
0.25 0.0711987 2 

0.27 0.0717236 2 
0.26 0.0714496 2 

0.28 0.0720225 2 
0.27 0.0717236 2 

0.29 0.0723478 2 
0.28 0.0720225 2 

0.3 0.0727016 2 
0.29 0.0723478 2 

0.31 0.0730859 2 
0.3 0.0727016 2 

0.32 0.0735028 2 
0.31 0.0730859 2 

0.33 0.0739549 2 
0.32 0.0735028 2 

0.34 0.0744448 2 
0.33 0.0739549 2 

0.35 0.0749755 2 
0.34 0.0744448 2 

