# X-nullcline
0.218776 1.5 1 
0.218767 1.485 1 

0.218767 1.485 1 
0.218758 1.47 1 

0.218758 1.47 1 
0.218749 1.455 1 

0.218749 1.455 1 
0.21874 1.44 1 

0.21874 1.44 1 
0.218731 1.425 1 

0.218731 1.425 1 
0.218721 1.41 1 

0.218721 1.41 1 
0.21871 1.395 1 

0.21871 1.395 1 
0.2187 1.38 1 

0.2187 1.38 1 
0.218689 1.365 1 

0.218689 1.365 1 
0.218678 1.35 1 

0.218678 1.35 1 
0.218666 1.335 1 

0.218666 1.335 1 
0.218654 1.32 1 

0.218654 1.32 1 
0.218642 1.305 1 

0.218642 1.305 1 
0.218629 1.29 1 

0.218629 1.29 1 
0.218616 1.275 1 

0.218616 1.275 1 
0.218602 1.26 1 

0.218602 1.26 1 
0.218588 1.245 1 

0.218588 1.245 1 
0.218573 1.23 1 

0.218573 1.23 1 
0.218558 1.215 1 

0.218558 1.215 1 
0.218542 1.2 1 

0.218542 1.2 1 
0.218525 1.185 1 

0.218525 1.185 1 
0.218508 1.17 1 

0.218508 1.17 1 
0.21849 1.155 1 

0.21849 1.155 1 
0.218472 1.14 1 

0.218472 1.14 1 
0.218452 1.125 1 

0.218452 1.125 1 
0.218432 1.11 1 

0.218432 1.11 1 
0.218412 1.095 1 

0.218412 1.095 1 
0.21839 1.08 1 

0.21839 1.08 1 
0.218367 1.065 1 

0.218367 1.065 1 
0.218344 1.05 1 

0.218344 1.05 1 
0.218319 1.035 1 

0.218319 1.035 1 
0.218293 1.02 1 

0.218293 1.02 1 
0.218267 1.005 1 

0.218267 1.005 1 
0.218239 0.99 1 

0.218239 0.99 1 
0.218209 0.975 1 

0.218209 0.975 1 
0.218178 0.96 1 

0.218178 0.96 1 
0.218146 0.945 1 

0.218146 0.945 1 
0.218113 0.93 1 

0.218113 0.93 1 
0.218077 0.915 1 

0.218077 0.915 1 
0.21804 0.9 1 

0.21804 0.9 1 
0.218001 0.885 1 

0.218001 0.885 1 
0.21796 0.87 1 

0.21796 0.87 1 
0.217917 0.855 1 

0.217917 0.855 1 
0.217872 0.84 1 

0.217872 0.84 1 
0.217824 0.825 1 

0.217824 0.825 1 
0.217773 0.81 1 

0.217773 0.81 1 
0.21772 0.795 1 

0.21772 0.795 1 
0.217663 0.78 1 

0.217663 0.78 1 
0.217604 0.765 1 

0.217604 0.765 1 
0.217541 0.75 1 

0.217541 0.75 1 
0.217474 0.735 1 

0.217474 0.735 1 
0.217402 0.72 1 

0.217402 0.72 1 
0.217327 0.705 1 

0.217327 0.705 1 
0.217246 0.69 1 

0.217246 0.69 1 
0.21716 0.675 1 

0.21716 0.675 1 
0.217069 0.66 1 

0.217069 0.66 1 
0.216971 0.645 1 

0.216971 0.645 1 
0.216866 0.63 1 

0.216866 0.63 1 
0.216754 0.615 1 

0.216754 0.615 1 
0.216634 0.6 1 

0.216634 0.6 1 
0.216504 0.585 1 

0.216504 0.585 1 
0.216365 0.57 1 

0.216365 0.57 1 
0.216214 0.555 1 

0.216214 0.555 1 
0.216052 0.54 1 

0.216052 0.54 1 
0.215876 0.525 1 

0.215876 0.525 1 
0.215684 0.51 1 

0.215684 0.51 1 
0.215476 0.495 1 

0.215476 0.495 1 
0.215249 0.48 1 

0.215249 0.48 1 
0.215001 0.465 1 

0.215001 0.465 1 
0.214729 0.45 1 

0.214729 0.45 1 
0.214431 0.435 1 

0.214431 0.435 1 
0.214102 0.42 1 

0.214102 0.42 1 
0.213738 0.405 1 

0.213738 0.405 1 
0.213335 0.39 1 

0.213335 0.39 1 
0.212886 0.375 1 

0.212886 0.375 1 
0.212385 0.36 1 

0.212385 0.36 1 
0.211823 0.345 1 

0.211823 0.345 1 
0.211192 0.33 1 

0.211192 0.33 1 
0.210478 0.315 1 

0.21 0.306157 1 
0.209668 0.3 1 

0.210478 0.315 1 
0.21 0.306157 1 

0.209668 0.3 1 
0.208744 0.285 1 

0.208744 0.285 1 
0.207686 0.27 1 

0.207686 0.27 1 
0.206467 0.255 1 

0.206467 0.255 1 
0.205053 0.24 1 

0.205053 0.24 1 
0.203406 0.225 1 

0.203406 0.225 1 
0.201475 0.21 1 

0.2 0.200276 1 
0.199199 0.195 1 

0.201475 0.21 1 
0.2 0.200276 1 

0.199199 0.195 1 
0.1965 0.18 1 

0.1965 0.18 1 
0.193281 0.165 1 

0.19 0.152237 1 
0.189424 0.15 1 

0.193281 0.165 1 
0.19 0.152237 1 

0.189424 0.15 1 
0.184792 0.135 1 

0.18 0.12208 1 
0.179225 0.12 1 

0.184792 0.135 1 
0.18 0.12208 1 

0.179225 0.12 1 
0.172568 0.105 1 

0.17 0.100087 1 
0.164697 0.09 1 

0.172568 0.105 1 
0.17 0.100087 1 

0.16 0.0822217 1 
0.155608 0.075 1 

0.164697 0.09 1 
0.16 0.0822217 1 

0.15 0.0666049 1 
0.145551 0.06 1 

0.155608 0.075 1 
0.15 0.0666049 1 

0.14 0.0519155 1 
0.13521 0.045 1 

0.145551 0.06 1 
0.14 0.0519155 1 

0.13 0.0366348 1 
0.125834 0.03 1 

0.13521 0.045 1 
0.13 0.0366348 1 

0.12 0.0169471 1 
0.119125 0.015 1 

0.125834 0.03 1 
0.12 0.0169471 1 


# Y-nullcline
0.137114 1.5 2 
0.136424 1.485 2 

0.136424 1.485 2 
0.135736 1.47 2 

0.135736 1.47 2 
0.135049 1.455 2 

0.135049 1.455 2 
0.134362 1.44 2 

0.134362 1.44 2 
0.133677 1.425 2 

0.133677 1.425 2 
0.132993 1.41 2 

0.132993 1.41 2 
0.132311 1.395 2 

0.132311 1.395 2 
0.13163 1.38 2 

0.13163 1.38 2 
0.13095 1.365 2 

0.13095 1.365 2 
0.130273 1.35 2 

0.13 1.34395 2 
0.129597 1.335 2 

0.130273 1.35 2 
0.13 1.34395 2 

0.129597 1.335 2 
0.128922 1.32 2 

0.128922 1.32 2 
0.12825 1.305 2 

0.12825 1.305 2 
0.12758 1.29 2 

0.12758 1.29 2 
0.126912 1.275 2 

0.126912 1.275 2 
0.126247 1.26 2 

0.126247 1.26 2 
0.125584 1.245 2 

0.125584 1.245 2 
0.124924 1.23 2 

0.124924 1.23 2 
0.124266 1.215 2 

0.124266 1.215 2 
0.123611 1.2 2 

0.123611 1.2 2 
0.12296 1.185 2 

0.12296 1.185 2 
0.122311 1.17 2 

0.122311 1.17 2 
0.121666 1.155 2 

0.121666 1.155 2 
0.121025 1.14 2 

0.121025 1.14 2 
0.120387 1.125 2 

0.12 1.11585 2 
0.119751 1.11 2 

0.120387 1.125 2 
0.12 1.11585 2 

0.119751 1.11 2 
0.119116 1.095 2 

0.119116 1.095 2 
0.118486 1.08 2 

0.118486 1.08 2 
0.11786 1.065 2 

0.11786 1.065 2 
0.117238 1.05 2 

0.117238 1.05 2 
0.116621 1.035 2 

0.116621 1.035 2 
0.11601 1.02 2 

0.11601 1.02 2 
0.115403 1.005 2 

0.115403 1.005 2 
0.114801 0.99 2 

0.114801 0.99 2 
0.114205 0.975 2 

0.114205 0.975 2 
0.113615 0.96 2 

0.113615 0.96 2 
0.11303 0.945 2 

0.11303 0.945 2 
0.112452 0.93 2 

0.112452 0.93 2 
0.11188 0.915 2 

0.11188 0.915 2 
0.111315 0.9 2 

0.111315 0.9 2 
0.110756 0.885 2 

0.110756 0.885 2 
0.110205 0.87 2 

0.11 0.864331 2 
0.109656 0.855 2 

0.110205 0.87 2 
0.11 0.864331 2 

0.109656 0.855 2 
0.109111 0.84 2 

0.109111 0.84 2 
0.108575 0.825 2 

0.108575 0.825 2 
0.108047 0.81 2 

0.108047 0.81 2 
0.107528 0.795 2 

0.107528 0.795 2 
0.107018 0.78 2 

0.107018 0.78 2 
0.106517 0.765 2 

0.106517 0.765 2 
0.106026 0.75 2 

0.106026 0.75 2 
0.105545 0.735 2 

0.105545 0.735 2 
0.105074 0.72 2 

0.105074 0.72 2 
0.104614 0.705 2 

0.104614 0.705 2 
0.104166 0.69 2 

0.104166 0.69 2 
0.10373 0.675 2 

0.10373 0.675 2 
0.103305 0.66 2 

0.103305 0.66 2 
0.102894 0.645 2 

0.102894 0.645 2 
0.102495 0.63 2 

0.102495 0.63 2 
0.10211 0.615 2 

0.10211 0.615 2 
0.10174 0.6 2 

0.10174 0.6 2 
0.101384 0.585 2 

0.101384 0.585 2 
0.101044 0.57 2 

0.101044 0.57 2 
0.10072 0.555 2 

0.10072 0.555 2 
0.100413 0.54 2 

0.100413 0.54 2 
0.100123 0.525 2 

0.1 0.518192 2 
0.0998468 0.51 2 

0.100123 0.525 2 
0.1 0.518192 2 

0.0998468 0.51 2 
0.0995869 0.495 2 

0.0995869 0.495 2 
0.0993471 0.48 2 

0.0993471 0.48 2 
0.099128 0.465 2 

0.099128 0.465 2 
0.0989304 0.45 2 

0.0989304 0.45 2 
0.098755 0.435 2 

0.098755 0.435 2 
0.0986022 0.42 2 

0.0986022 0.42 2 
0.0984726 0.405 2 

0.0984726 0.405 2 
0.0983665 0.39 2 

0.0983665 0.39 2 
0.0982838 0.375 2 

0.0982838 0.375 2 
0.0982241 0.36 2 

0.0982241 0.36 2 
0.0981864 0.345 2 

0.0981864 0.345 2 
0.0981689 0.33 2 

0.0981689 0.33 2 
0.0981683 0.315 2 

0.0981683 0.315 2 
0.0981798 0.3 2 

0.0981798 0.3 2 
0.0981958 0.285 2 

0.0981958 0.285 2 
0.0982052 0.27 2 

0.0982052 0.27 2 
0.0981912 0.255 2 

0.0981912 0.255 2 
0.0981286 0.24 2 

0.0981286 0.24 2 
0.0979802 0.225 2 

0.0979802 0.225 2 
0.0976895 0.21 2 

0.0976895 0.21 2 
0.0971704 0.195 2 

0.0971704 0.195 2 
0.0962897 0.18 2 

0.0962897 0.18 2 
0.0948363 0.165 2 

0.0948363 0.165 2 
0.0924672 0.15 2 

0.09 0.140022 2 
0.0885483 0.135 2 

0.0924672 0.15 2 
0.09 0.140022 2 

0.0885483 0.135 2 
0.0819206 0.12 2 

0.08 0.117043 2 
0.0701642 0.105 2 

0.0819206 0.12 2 
0.08 0.117043 2 

0.05 0.092047 2 
0.0449725 0.09 2 

0.06 0.0974914 2 
0.05 0.092047 2 

0.07 0.104854 2 
0.06 0.0974914 2 

0.0701642 0.105 2 
0.07 0.104854 2 

0.01 0.0838119 2 
0 0.0836914 2 

0.02 0.0844841 2 
0.01 0.0838119 2 

0.03 0.0859522 2 
0.02 0.0844841 2 

0.04 0.0883411 2 
0.03 0.0859522 2 

