# X-nullcline
0.0604397 1.4 1 
0.0605545 1.386 1 

0.0605545 1.386 1 
0.0606753 1.372 1 

0.0606753 1.372 1 
0.0608022 1.358 1 

0.0608022 1.358 1 
0.0609357 1.344 1 

0.0609357 1.344 1 
0.0610761 1.33 1 

0.0610761 1.33 1 
0.061224 1.316 1 

0.061224 1.316 1 
0.0613798 1.302 1 

0.0613798 1.302 1 
0.061544 1.288 1 

0.061544 1.288 1 
0.0617171 1.274 1 

0.0617171 1.274 1 
0.0618997 1.26 1 

0.0618997 1.26 1 
0.0620925 1.246 1 

0.0620925 1.246 1 
0.062296 1.232 1 

0.062296 1.232 1 
0.062511 1.218 1 

0.062511 1.218 1 
0.0627383 1.204 1 

0.0627383 1.204 1 
0.0629787 1.19 1 

0.0629787 1.19 1 
0.063233 1.176 1 

0.063233 1.176 1 
0.0635023 1.162 1 

0.0635023 1.162 1 
0.0637876 1.148 1 

0.0637876 1.148 1 
0.064 1.13815 1 

0.0640905 1.134 1 
0.064 1.13815 1 

0.0640905 1.134 1 
0.064413 1.12 1 

0.064413 1.12 1 
0.0647552 1.106 1 

0.0647552 1.106 1 
0.0651185 1.092 1 

0.0651185 1.092 1 
0.0655045 1.078 1 

0.0655045 1.078 1 
0.0659147 1.064 1 

0.0659147 1.064 1 
0.066351 1.05 1 

0.066351 1.05 1 
0.0668152 1.036 1 

0.0668152 1.036 1 
0.0673096 1.022 1 

0.0673096 1.022 1 
0.0678362 1.008 1 

0.0678362 1.008 1 
0.068 1.00389 1 

0.0683997 0.994 1 
0.068 1.00389 1 

0.0683997 0.994 1 
0.0690018 0.98 1 

0.0690018 0.98 1 
0.0696443 0.966 1 

0.0696443 0.966 1 
0.0703303 0.952 1 

0.0703303 0.952 1 
0.0710632 0.938 1 

0.0710632 0.938 1 
0.0718465 0.924 1 

0.0718465 0.924 1 
0.072 0.921412 1 

0.0726881 0.91 1 
0.072 0.921412 1 

0.0726881 0.91 1 
0.0735893 0.896 1 

0.0735893 0.896 1 
0.0745541 0.882 1 

0.0745541 0.882 1 
0.0755873 0.868 1 

0.0755873 0.868 1 
0.076 0.862736 1 

0.076698 0.854 1 
0.076 0.862736 1 

0.076698 0.854 1 
0.0778908 0.84 1 

0.0778908 0.84 1 
0.0791697 0.826 1 

0.0791697 0.826 1 
0.08 0.81747 1 

0.0805439 0.812 1 
0.08 0.81747 1 

0.0805439 0.812 1 
0.0820227 0.798 1 

0.0820227 0.798 1 
0.0836092 0.784 1 

0.0836092 0.784 1 
0.084 0.780739 1 

0.0853181 0.77 1 
0.084 0.780739 1 

0.0853181 0.77 1 
0.0871537 0.756 1 

0.0871537 0.756 1 
0.088 0.749911 1 

0.0891284 0.742 1 
0.088 0.749911 1 

0.0891284 0.742 1 
0.0912508 0.728 1 

0.0912508 0.728 1 
0.092 0.72332 1 

0.0935338 0.714 1 
0.092 0.72332 1 

0.0935338 0.714 1 
0.0959842 0.7 1 

0.0959842 0.7 1 
0.096 0.699913 1 

0.0986205 0.686 1 
0.096 0.699913 1 

0.0986205 0.686 1 
0.1 0.679063 1 

0.101448 0.672 1 
0.1 0.679063 1 

0.101448 0.672 1 
0.104 0.660155 1 

0.104479 0.658 1 
0.104 0.660155 1 

0.104479 0.658 1 
0.107727 0.644 1 

0.107727 0.644 1 
0.108 0.642866 1 

0.111202 0.63 1 
0.108 0.642866 1 

0.111202 0.63 1 
0.112 0.62691 1 

0.114913 0.616 1 
0.112 0.62691 1 

0.114913 0.616 1 
0.116 0.612055 1 

0.118868 0.602 1 
0.116 0.612055 1 

0.118868 0.602 1 
0.12 0.598133 1 

0.123073 0.588 1 
0.12 0.598133 1 

0.123073 0.588 1 
0.124 0.585005 1 

0.127531 0.574 1 
0.124 0.585005 1 

0.127531 0.574 1 
0.128 0.57256 1 

0.132 0.560699 1 
0.128 0.57256 1 

0.132244 0.56 1 
0.132 0.560699 1 

0.132244 0.56 1 
0.136 0.549314 1 

0.137208 0.546 1 
0.136 0.549314 1 

0.137208 0.546 1 
0.14 0.538364 1 

0.142414 0.532 1 
0.14 0.538364 1 

0.142414 0.532 1 
0.144 0.527806 1 

0.147847 0.518 1 
0.144 0.527806 1 

0.147847 0.518 1 
0.148 0.517606 1 

0.152 0.5076 1 
0.148 0.517606 1 

0.153491 0.504 1 
0.152 0.5076 1 

0.153491 0.504 1 
0.156 0.497847 1 

0.159317 0.49 1 
0.156 0.497847 1 

0.159317 0.49 1 
0.16 0.488348 1 

0.164 0.478946 1 
0.16 0.488348 1 

0.165293 0.476 1 
0.164 0.478946 1 

0.165293 0.476 1 
0.168 0.469655 1 

0.17138 0.462 1 
0.168 0.469655 1 

0.17138 0.462 1 
0.172 0.460545 1 

0.176 0.4514 1 
0.172 0.460545 1 

0.177533 0.448 1 
0.176 0.4514 1 

0.177533 0.448 1 
0.18 0.442288 1 

0.183698 0.434 1 
0.18 0.442288 1 

0.183698 0.434 1 
0.184 0.433288 1 

0.188 0.424076 1 
0.184 0.433288 1 

0.189823 0.42 1 
0.188 0.424076 1 

0.189823 0.42 1 
0.192 0.414843 1 

0.195845 0.406 1 
0.192 0.414843 1 

0.195845 0.406 1 
0.196 0.405621 1 

0.2 0.396 1 
0.196 0.405621 1 

0.201709 0.392 1 
0.2 0.396 1 

0.201709 0.392 1 
0.204 0.386225 1 

0.20735 0.378 1 
0.204 0.386225 1 

0.20735 0.378 1 
0.208 0.376266 1 

0.212 0.365821 1 
0.208 0.376266 1 

0.212713 0.364 1 
0.212 0.365821 1 

0.212713 0.364 1 
0.216 0.354781 1 

0.217744 0.35 1 
0.216 0.354781 1 

0.217744 0.35 1 
0.22 0.343133 1 

0.222393 0.336 1 
0.22 0.343133 1 

0.222393 0.336 1 
0.224 0.330614 1 

0.226619 0.322 1 
0.224 0.330614 1 

0.226619 0.322 1 
0.228 0.316813 1 

0.230387 0.308 1 
0.228 0.316813 1 

0.230387 0.308 1 
0.232 0.301062 1 

0.233668 0.294 1 
0.232 0.301062 1 

0.233668 0.294 1 
0.236 0.282192 1 

0.236439 0.28 1 
0.236 0.282192 1 

0.236439 0.28 1 
0.238685 0.266 1 

0.238685 0.266 1 
0.24 0.255189 1 

0.240392 0.252 1 
0.24 0.255189 1 

0.240392 0.252 1 
0.24155 0.238 1 

0.24155 0.238 1 
0.242147 0.224 1 

0.242147 0.224 1 
0.24217 0.21 1 

0.24217 0.21 1 
0.241597 0.196 1 

0.241597 0.196 1 
0.240399 0.182 1 

0.24 0.178992 1 
0.238535 0.168 1 

0.240399 0.182 1 
0.24 0.178992 1 

0.236 0.154281 1 
0.235948 0.154 1 

0.238535 0.168 1 
0.236 0.154281 1 

0.235948 0.154 1 
0.232564 0.14 1 

0.232 0.138144 1 
0.228293 0.126 1 

0.232564 0.14 1 
0.232 0.138144 1 

0.224 0.114552 1 
0.223038 0.112 1 

0.228 0.125216 1 
0.224 0.114552 1 

0.228293 0.126 1 
0.228 0.125216 1 

0.22 0.105256 1 
0.216712 0.098 1 

0.223038 0.112 1 
0.22 0.105256 1 

0.212 0.089103 1 
0.20928 0.084 1 

0.216 0.096651 1 
0.212 0.089103 1 

0.216712 0.098 1 
0.216 0.096651 1 

0.204 0.0752293 1 
0.20083 0.07 1 

0.208 0.0818668 1 
0.204 0.0752293 1 

0.20928 0.084 1 
0.208 0.0818668 1 

0.192 0.0564848 1 
0.191681 0.056 1 

0.196 0.0625828 1 
0.192 0.0564848 1 

0.2 0.0687218 1 
0.196 0.0625828 1 

0.20083 0.07 1 
0.2 0.0687218 1 

0.184 0.0442612 1 
0.182509 0.042 1 

0.188 0.0503556 1 
0.184 0.0442612 1 

0.191681 0.056 1 
0.188 0.0503556 1 

0.176 0.0307429 1 
0.174403 0.028 1 

0.18 0.0376461 1 
0.176 0.0307429 1 

0.182509 0.042 1 
0.18 0.0376461 1 

0.172 0.0220609 1 
0.168723 0.014 1 

0.174403 0.028 1 
0.172 0.0220609 1 

0.168 0.00907397 1 
0.166667 2.6077e-08 1 


# Y-nullcline
0.4 1.17149 2 
0.397333 1.162 2 

0.396 1.15722 2 
0.393451 1.148 2 

0.397333 1.162 2 
0.396 1.15722 2 

0.392 1.14271 2 
0.389631 1.134 2 

0.393451 1.148 2 
0.392 1.14271 2 

0.388 1.12795 2 
0.385873 1.12 2 

0.389631 1.134 2 
0.388 1.12795 2 

0.384 1.11294 2 
0.382175 1.106 2 

0.385873 1.12 2 
0.384 1.11294 2 

0.38 1.09766 2 
0.378538 1.092 2 

0.382175 1.106 2 
0.38 1.09766 2 

0.376 1.08209 2 
0.37496 1.078 2 

0.378538 1.092 2 
0.376 1.08209 2 

0.372 1.06624 2 
0.371441 1.064 2 

0.37496 1.078 2 
0.372 1.06624 2 

0.368 1.05008 2 
0.367981 1.05 2 

0.371441 1.064 2 
0.368 1.05008 2 

0.367981 1.05 2 
0.364585 1.036 2 

0.364 1.03356 2 
0.361248 1.022 2 

0.364585 1.036 2 
0.364 1.03356 2 

0.36 1.0167 2 
0.357967 1.008 2 

0.361248 1.022 2 
0.36 1.0167 2 

0.356 0.999481 2 
0.354744 0.994 2 

0.357967 1.008 2 
0.356 0.999481 2 

0.352 0.981879 2 
0.351578 0.98 2 

0.354744 0.994 2 
0.352 0.981879 2 

0.351578 0.98 2 
0.348472 0.966 2 

0.348 0.963842 2 
0.345428 0.952 2 

0.348472 0.966 2 
0.348 0.963842 2 

0.344 0.94534 2 
0.342439 0.938 2 

0.345428 0.952 2 
0.344 0.94534 2 

0.34 0.926378 2 
0.339505 0.924 2 

0.342439 0.938 2 
0.34 0.926378 2 

0.339505 0.924 2 
0.336632 0.91 2 

0.336 0.906869 2 
0.33382 0.896 2 

0.336632 0.91 2 
0.336 0.906869 2 

0.332 0.886781 2 
0.331063 0.882 2 

0.33382 0.896 2 
0.332 0.886781 2 

0.331063 0.882 2 
0.328364 0.868 2 

0.328 0.86608 2 
0.325729 0.854 2 

0.328364 0.868 2 
0.328 0.86608 2 

0.324 0.844644 2 
0.323148 0.84 2 

0.325729 0.854 2 
0.324 0.844644 2 

0.323148 0.84 2 
0.320628 0.826 2 

0.32 0.822442 2 
0.31817 0.812 2 

0.320628 0.826 2 
0.32 0.822442 2 

0.316 0.799364 2 
0.315767 0.798 2 

0.31817 0.812 2 
0.316 0.799364 2 

0.315767 0.798 2 
0.313433 0.784 2 

0.312 0.775212 2 
0.311155 0.77 2 

0.313433 0.784 2 
0.312 0.775212 2 

0.311155 0.77 2 
0.308941 0.756 2 

0.308 0.74989 2 
0.306791 0.742 2 

0.308941 0.756 2 
0.308 0.74989 2 

0.306791 0.742 2 
0.304703 0.728 2 

0.304 0.723145 2 
0.302683 0.714 2 

0.304703 0.728 2 
0.304 0.723145 2 

0.302683 0.714 2 
0.300725 0.7 2 

0.3 0.694636 2 
0.298838 0.686 2 

0.300725 0.7 2 
0.3 0.694636 2 

0.298838 0.686 2 
0.297017 0.672 2 

0.296 0.663882 2 
0.295266 0.658 2 

0.297017 0.672 2 
0.296 0.663882 2 

0.295266 0.658 2 
0.293589 0.644 2 

0.292 0.630188 2 
0.291978 0.63 2 

0.293589 0.644 2 
0.292 0.630188 2 

0.291978 0.63 2 
0.290453 0.616 2 

0.290453 0.616 2 
0.288998 0.602 2 

0.288 0.591861 2 
0.287621 0.588 2 

0.288998 0.602 2 
0.288 0.591861 2 

0.287621 0.588 2 
0.286331 0.574 2 

0.286331 0.574 2 
0.285122 0.56 2 

0.284 0.546049 2 
0.283996 0.546 2 

0.285122 0.56 2 
0.284 0.546049 2 

0.283996 0.546 2 
0.282969 0.532 2 

0.282969 0.532 2 
0.282032 0.518 2 

0.282032 0.518 2 
0.28119 0.504 2 

0.28119 0.504 2 
0.280448 0.49 2 

0.28 0.48012 2 
0.279813 0.476 2 

0.280448 0.49 2 
0.28 0.48012 2 

0.279813 0.476 2 
0.279291 0.462 2 

0.279291 0.462 2 
0.278882 0.448 2 

0.278882 0.448 2 
0.278594 0.434 2 

0.278594 0.434 2 
0.27843 0.42 2 

0.27843 0.42 2 
0.278398 0.406 2 

0.278398 0.406 2 
0.278504 0.392 2 

0.278504 0.392 2 
0.278754 0.378 2 

0.278754 0.378 2 
0.279152 0.364 2 

0.279152 0.364 2 
0.279706 0.35 2 

0.279706 0.35 2 
0.28 0.344149 2 

0.280423 0.336 2 
0.28 0.344149 2 

0.280423 0.336 2 
0.281307 0.322 2 

0.281307 0.322 2 
0.282355 0.308 2 

0.282355 0.308 2 
0.283562 0.294 2 

0.283562 0.294 2 
0.284 0.289388 2 

0.28493 0.28 2 
0.284 0.289388 2 

0.28493 0.28 2 
0.286434 0.266 2 

0.286434 0.266 2 
0.288 0.252319 2 

0.288038 0.252 2 
0.288 0.252319 2 

0.288038 0.252 2 
0.289705 0.238 2 

0.289705 0.238 2 
0.291332 0.224 2 

0.291332 0.224 2 
0.292 0.217373 2 

0.292791 0.21 2 
0.292 0.217373 2 

0.292791 0.21 2 
0.293867 0.196 2 

0.293867 0.196 2 
0.294216 0.182 2 

0.294216 0.182 2 
0.293308 0.168 2 

0.292 0.161625 2 
0.29031 0.154 2 

0.293308 0.168 2 
0.292 0.161625 2 

0.284 0.140212 2 
0.283894 0.14 2 

0.288 0.148662 2 
0.284 0.140212 2 

0.29031 0.154 2 
0.288 0.148662 2 

0.272 0.126014 2 
0.271987 0.126 2 

0.276 0.130397 2 
0.272 0.126014 2 

0.28 0.135094 2 
0.276 0.130397 2 

0.283894 0.14 2 
0.28 0.135094 2 

0.252 0.112425 2 
0.251298 0.112 2 

0.256 0.114903 2 
0.252 0.112425 2 

0.26 0.117493 2 
0.256 0.114903 2 

0.264 0.120202 2 
0.26 0.117493 2 

0.268 0.123038 2 
0.264 0.120202 2 

0.271987 0.126 2 
0.268 0.123038 2 

0.22 0.0992088 2 
0.216621 0.098 2 

0.224 0.100678 2 
0.22 0.0992088 2 

0.228 0.102192 2 
0.224 0.100678 2 

0.232 0.103753 2 
0.228 0.102192 2 

0.236 0.105362 2 
0.232 0.103753 2 

0.24 0.107022 2 
0.236 0.105362 2 

0.244 0.108734 2 
0.24 0.107022 2 

0.248 0.110501 2 
0.244 0.108734 2 

0.251298 0.112 2 
0.248 0.110501 2 

0.16 0.0841725 2 
0.159164 0.084 2 

0.164 0.0850084 2 
0.16 0.0841725 2 

0.168 0.0858641 2 
0.164 0.0850084 2 

0.172 0.08674 2 
0.168 0.0858641 2 

0.176 0.0876364 2 
0.172 0.08674 2 

0.18 0.0885537 2 
0.176 0.0876364 2 

0.184 0.0894923 2 
0.18 0.0885537 2 

0.188 0.0904526 2 
0.184 0.0894923 2 

0.192 0.091435 2 
0.188 0.0904526 2 

0.196 0.0924401 2 
0.192 0.091435 2 

0.2 0.0934683 2 
0.196 0.0924401 2 

0.204 0.0945202 2 
0.2 0.0934683 2 

0.208 0.0955963 2 
0.204 0.0945202 2 

0.212 0.0966972 2 
0.208 0.0955963 2 

0.216 0.0978236 2 
0.212 0.0966972 2 

0.216621 0.098 2 
0.216 0.0978236 2 

0.048 0.0701365 2 
0.0457649 0.07 2 

0.052 0.0704028 2 
0.048 0.0701365 2 

0.056 0.0706909 2 
0.052 0.0704028 2 

0.06 0.0710002 2 
0.056 0.0706909 2 

0.064 0.0713297 2 
0.06 0.0710002 2 

0.068 0.0716789 2 
0.064 0.0713297 2 

0.072 0.0720472 2 
0.068 0.0716789 2 

0.076 0.0724338 2 
0.072 0.0720472 2 

0.08 0.0728382 2 
0.076 0.0724338 2 

0.084 0.0732599 2 
0.08 0.0728382 2 

0.088 0.0736985 2 
0.084 0.0732599 2 

0.092 0.0741535 2 
0.088 0.0736985 2 

0.096 0.0746245 2 
0.092 0.0741535 2 

0.1 0.0751111 2 
0.096 0.0746245 2 

0.104 0.0756131 2 
0.1 0.0751111 2 

0.108 0.0761302 2 
0.104 0.0756131 2 

0.112 0.076662 2 
0.108 0.0761302 2 

0.116 0.0772085 2 
0.112 0.076662 2 

0.12 0.0777694 2 
0.116 0.0772085 2 

0.124 0.0783445 2 
0.12 0.0777694 2 

0.128 0.0789338 2 
0.124 0.0783445 2 

0.132 0.0795371 2 
0.128 0.0789338 2 

0.136 0.0801543 2 
0.132 0.0795371 2 

0.14 0.0807853 2 
0.136 0.0801543 2 

0.144 0.0814302 2 
0.14 0.0807853 2 

0.148 0.0820889 2 
0.144 0.0814302 2 

0.152 0.0827614 2 
0.148 0.0820889 2 

0.156 0.0834477 2 
0.152 0.0827614 2 

0.159164 0.084 2 
0.156 0.0834477 2 

0.004 0.0688847 2 
0 0.0688831 2 

0.008 0.0688951 2 
0.004 0.0688847 2 

0.012 0.0689203 2 
0.008 0.0688951 2 

0.016 0.0689642 2 
0.012 0.0689203 2 

0.02 0.0690295 2 
0.016 0.0689642 2 

0.024 0.0691173 2 
0.02 0.0690295 2 

0.028 0.0692284 2 
0.024 0.0691173 2 

0.032 0.0693628 2 
0.028 0.0692284 2 

0.036 0.0695202 2 
0.032 0.0693628 2 

0.04 0.0697001 2 
0.036 0.0695202 2 

0.044 0.0699019 2 
0.04 0.0697001 2 

