# X-nullcline
0.0604397 1.4 1 
0.0605545 1.386 1 

0.0605545 1.386 1 
0.0606753 1.372 1 

0.0606753 1.372 1 
0.0608022 1.358 1 

0.0608022 1.358 1 
0.0609357 1.344 1 

0.0609357 1.344 1 
0.0610761 1.33 1 

0.0610761 1.33 1 
0.061224 1.316 1 

0.061224 1.316 1 
0.0613798 1.302 1 

0.0613798 1.302 1 
0.061544 1.288 1 

0.061544 1.288 1 
0.0617171 1.274 1 

0.0617171 1.274 1 
0.0618997 1.26 1 

0.0618997 1.26 1 
0.0620925 1.246 1 

0.0620925 1.246 1 
0.062296 1.232 1 

0.062296 1.232 1 
0.062511 1.218 1 

0.062511 1.218 1 
0.0627383 1.204 1 

0.0627383 1.204 1 
0.0629787 1.19 1 

0.0629787 1.19 1 
0.063233 1.176 1 

0.063233 1.176 1 
0.0635023 1.162 1 

0.0635023 1.162 1 
0.0637876 1.148 1 

0.0637876 1.148 1 
0.064 1.13815 1 

0.0640905 1.134 1 
0.064 1.13815 1 

0.0640905 1.134 1 
0.064413 1.12 1 

0.064413 1.12 1 
0.0647552 1.106 1 

0.0647552 1.106 1 
0.0651185 1.092 1 

0.0651185 1.092 1 
0.0655045 1.078 1 

0.0655045 1.078 1 
0.0659147 1.064 1 

0.0659147 1.064 1 
0.066351 1.05 1 

0.066351 1.05 1 
0.0668152 1.036 1 

0.0668152 1.036 1 
0.0673096 1.022 1 

0.0673096 1.022 1 
0.0678362 1.008 1 

0.0678362 1.008 1 
0.068 1.00389 1 

0.0683997 0.994 1 
0.068 1.00389 1 

0.0683997 0.994 1 
0.0690018 0.98 1 

0.0690018 0.98 1 
0.0696443 0.966 1 

0.0696443 0.966 1 
0.0703303 0.952 1 

0.0703303 0.952 1 
0.0710632 0.938 1 

0.0710632 0.938 1 
0.0718465 0.924 1 

0.0718465 0.924 1 
0.072 0.921412 1 

0.0726881 0.91 1 
0.072 0.921412 1 

0.0726881 0.91 1 
0.0735893 0.896 1 

0.0735893 0.896 1 
0.0745541 0.882 1 

0.0745541 0.882 1 
0.0755873 0.868 1 

0.0755873 0.868 1 
0.076 0.862736 1 

0.076698 0.854 1 
0.076 0.862736 1 

0.076698 0.854 1 
0.0778908 0.84 1 

0.0778908 0.84 1 
0.0791697 0.826 1 

0.0791697 0.826 1 
0.08 0.81747 1 

0.0805439 0.812 1 
0.08 0.81747 1 

0.0805439 0.812 1 
0.0820227 0.798 1 

0.0820227 0.798 1 
0.0836092 0.784 1 

0.0836092 0.784 1 
0.084 0.780739 1 

0.0853181 0.77 1 
0.084 0.780739 1 

0.0853181 0.77 1 
0.0871537 0.756 1 

0.0871537 0.756 1 
0.088 0.749911 1 

0.0891284 0.742 1 
0.088 0.749911 1 

0.0891284 0.742 1 
0.0912508 0.728 1 

0.0912508 0.728 1 
0.092 0.72332 1 

0.0935338 0.714 1 
0.092 0.72332 1 

0.0935338 0.714 1 
0.0959842 0.7 1 

0.0959842 0.7 1 
0.096 0.699913 1 

0.0986205 0.686 1 
0.096 0.699913 1 

0.0986205 0.686 1 
0.1 0.679063 1 

0.101448 0.672 1 
0.1 0.679063 1 

0.101448 0.672 1 
0.104 0.660155 1 

0.104479 0.658 1 
0.104 0.660155 1 

0.104479 0.658 1 
0.107727 0.644 1 

0.107727 0.644 1 
0.108 0.642866 1 

0.111202 0.63 1 
0.108 0.642866 1 

0.111202 0.63 1 
0.112 0.62691 1 

0.114913 0.616 1 
0.112 0.62691 1 

0.114913 0.616 1 
0.116 0.612055 1 

0.118868 0.602 1 
0.116 0.612055 1 

0.118868 0.602 1 
0.12 0.598133 1 

0.123073 0.588 1 
0.12 0.598133 1 

0.123073 0.588 1 
0.124 0.585005 1 

0.127531 0.574 1 
0.124 0.585005 1 

0.127531 0.574 1 
0.128 0.57256 1 

0.132 0.560699 1 
0.128 0.57256 1 

0.132244 0.56 1 
0.132 0.560699 1 

0.132244 0.56 1 
0.136 0.549314 1 

0.137208 0.546 1 
0.136 0.549314 1 

0.137208 0.546 1 
0.14 0.538364 1 

0.142414 0.532 1 
0.14 0.538364 1 

0.142414 0.532 1 
0.144 0.527806 1 

0.147847 0.518 1 
0.144 0.527806 1 

0.147847 0.518 1 
0.148 0.517606 1 

0.152 0.5076 1 
0.148 0.517606 1 

0.153491 0.504 1 
0.152 0.5076 1 

0.153491 0.504 1 
0.156 0.497847 1 

0.159317 0.49 1 
0.156 0.497847 1 

0.159317 0.49 1 
0.16 0.488348 1 

0.164 0.478946 1 
0.16 0.488348 1 

0.165293 0.476 1 
0.164 0.478946 1 

0.165293 0.476 1 
0.168 0.469655 1 

0.17138 0.462 1 
0.168 0.469655 1 

0.17138 0.462 1 
0.172 0.460545 1 

0.176 0.4514 1 
0.172 0.460545 1 

0.177533 0.448 1 
0.176 0.4514 1 

0.177533 0.448 1 
0.18 0.442288 1 

0.183698 0.434 1 
0.18 0.442288 1 

0.183698 0.434 1 
0.184 0.433288 1 

0.188 0.424076 1 
0.184 0.433288 1 

0.189823 0.42 1 
0.188 0.424076 1 

0.189823 0.42 1 
0.192 0.414843 1 

0.195845 0.406 1 
0.192 0.414843 1 

0.195845 0.406 1 
0.196 0.405621 1 

0.2 0.396 1 
0.196 0.405621 1 

0.201709 0.392 1 
0.2 0.396 1 

0.201709 0.392 1 
0.204 0.386225 1 

0.20735 0.378 1 
0.204 0.386225 1 

0.20735 0.378 1 
0.208 0.376266 1 

0.212 0.365821 1 
0.208 0.376266 1 

0.212713 0.364 1 
0.212 0.365821 1 

0.212713 0.364 1 
0.216 0.354781 1 

0.217744 0.35 1 
0.216 0.354781 1 

0.217744 0.35 1 
0.22 0.343133 1 

0.222393 0.336 1 
0.22 0.343133 1 

0.222393 0.336 1 
0.224 0.330614 1 

0.226619 0.322 1 
0.224 0.330614 1 

0.226619 0.322 1 
0.228 0.316813 1 

0.230387 0.308 1 
0.228 0.316813 1 

0.230387 0.308 1 
0.232 0.301062 1 

0.233668 0.294 1 
0.232 0.301062 1 

0.233668 0.294 1 
0.236 0.282192 1 

0.236439 0.28 1 
0.236 0.282192 1 

0.236439 0.28 1 
0.238685 0.266 1 

0.238685 0.266 1 
0.24 0.255189 1 

0.240392 0.252 1 
0.24 0.255189 1 

0.240392 0.252 1 
0.24155 0.238 1 

0.24155 0.238 1 
0.242147 0.224 1 

0.242147 0.224 1 
0.24217 0.21 1 

0.24217 0.21 1 
0.241597 0.196 1 

0.241597 0.196 1 
0.240399 0.182 1 

0.24 0.178992 1 
0.238535 0.168 1 

0.240399 0.182 1 
0.24 0.178992 1 

0.236 0.154281 1 
0.235948 0.154 1 

0.238535 0.168 1 
0.236 0.154281 1 

0.235948 0.154 1 
0.232564 0.14 1 

0.232 0.138144 1 
0.228293 0.126 1 

0.232564 0.14 1 
0.232 0.138144 1 

0.224 0.114552 1 
0.223038 0.112 1 

0.228 0.125216 1 
0.224 0.114552 1 

0.228293 0.126 1 
0.228 0.125216 1 

0.22 0.105256 1 
0.216712 0.098 1 

0.223038 0.112 1 
0.22 0.105256 1 

0.212 0.089103 1 
0.20928 0.084 1 

0.216 0.096651 1 
0.212 0.089103 1 

0.216712 0.098 1 
0.216 0.096651 1 

0.204 0.0752293 1 
0.20083 0.07 1 

0.208 0.0818668 1 
0.204 0.0752293 1 

0.20928 0.084 1 
0.208 0.0818668 1 

0.192 0.0564848 1 
0.191681 0.056 1 

0.196 0.0625828 1 
0.192 0.0564848 1 

0.2 0.0687218 1 
0.196 0.0625828 1 

0.20083 0.07 1 
0.2 0.0687218 1 

0.184 0.0442612 1 
0.182509 0.042 1 

0.188 0.0503556 1 
0.184 0.0442612 1 

0.191681 0.056 1 
0.188 0.0503556 1 

0.176 0.0307429 1 
0.174403 0.028 1 

0.18 0.0376461 1 
0.176 0.0307429 1 

0.182509 0.042 1 
0.18 0.0376461 1 

0.172 0.0220609 1 
0.168723 0.014 1 

0.174403 0.028 1 
0.172 0.0220609 1 

0.168 0.00907397 1 
0.166667 2.6077e-08 1 


# Y-nullcline
0.4 0.747264 2 
0.39873 0.742 2 

0.396 0.73036 2 
0.395449 0.728 2 

0.39873 0.742 2 
0.396 0.73036 2 

0.395449 0.728 2 
0.392281 0.714 2 

0.392 0.712718 2 
0.389228 0.7 2 

0.392281 0.714 2 
0.392 0.712718 2 

0.388 0.694172 2 
0.386286 0.686 2 

0.389228 0.7 2 
0.388 0.694172 2 

0.384 0.674709 2 
0.383454 0.672 2 

0.386286 0.686 2 
0.384 0.674709 2 

0.383454 0.672 2 
0.380741 0.658 2 

0.38 0.654014 2 
0.378146 0.644 2 

0.380741 0.658 2 
0.38 0.654014 2 

0.376 0.631902 2 
0.375664 0.63 2 

0.378146 0.644 2 
0.376 0.631902 2 

0.375664 0.63 2 
0.373309 0.616 2 

0.372 0.60781 2 
0.371074 0.602 2 

0.373309 0.616 2 
0.372 0.60781 2 

0.371074 0.602 2 
0.368965 0.588 2 

0.368 0.581181 2 
0.366986 0.574 2 

0.368965 0.588 2 
0.368 0.581181 2 

0.366986 0.574 2 
0.365138 0.56 2 

0.364 0.550706 2 
0.363424 0.546 2 

0.365138 0.56 2 
0.364 0.550706 2 

0.363424 0.546 2 
0.361855 0.532 2 

0.361855 0.532 2 
0.360424 0.518 2 

0.36 0.513349 2 
0.359147 0.504 2 

0.360424 0.518 2 
0.36 0.513349 2 

0.359147 0.504 2 
0.358026 0.49 2 

0.358026 0.49 2 
0.357062 0.476 2 

0.357062 0.476 2 
0.356265 0.462 2 

0.356 0.456014 2 
0.355645 0.448 2 

0.356265 0.462 2 
0.356 0.456014 2 

0.355645 0.448 2 
0.355208 0.434 2 

0.355208 0.434 2 
0.354961 0.42 2 

0.354961 0.42 2 
0.354913 0.406 2 

0.354913 0.406 2 
0.355073 0.392 2 

0.355073 0.392 2 
0.35545 0.378 2 

0.35545 0.378 2 
0.356 0.365208 2 

0.356054 0.364 2 
0.356 0.365208 2 

0.356054 0.364 2 
0.356899 0.35 2 

0.356899 0.35 2 
0.357988 0.336 2 

0.357988 0.336 2 
0.359324 0.322 2 

0.359324 0.322 2 
0.36 0.315933 2 

0.360917 0.308 2 
0.36 0.315933 2 

0.360917 0.308 2 
0.362762 0.294 2 

0.362762 0.294 2 
0.364 0.285534 2 

0.364844 0.28 2 
0.364 0.285534 2 

0.364844 0.28 2 
0.367142 0.266 2 

0.367142 0.266 2 
0.368 0.260975 2 

0.369609 0.252 2 
0.368 0.260975 2 

0.369609 0.252 2 
0.372 0.238817 2 

0.372156 0.238 2 
0.372 0.238817 2 

0.372156 0.238 2 
0.374667 0.224 2 

0.374667 0.224 2 
0.376 0.215487 2 

0.376915 0.21 2 
0.376 0.215487 2 

0.376915 0.21 2 
0.378574 0.196 2 

0.378574 0.196 2 
0.379112 0.182 2 

0.379112 0.182 2 
0.377712 0.168 2 

0.376 0.16256 2 
0.373089 0.154 2 

0.377712 0.168 2 
0.376 0.16256 2 

0.364 0.140963 2 
0.363269 0.14 2 

0.368 0.146439 2 
0.364 0.140963 2 

0.372 0.152326 2 
0.368 0.146439 2 

0.373089 0.154 2 
0.372 0.152326 2 

0.348 0.127966 2 
0.345258 0.126 2 

0.352 0.130931 2 
0.348 0.127966 2 

0.356 0.134024 2 
0.352 0.130931 2 

0.36 0.137255 2 
0.356 0.134024 2 

0.363269 0.14 2 
0.36 0.137255 2 

0.316 0.112569 2 
0.31463 0.112 2 

0.32 0.114254 2 
0.316 0.112569 2 

0.324 0.115983 2 
0.32 0.114254 2 

0.328 0.117759 2 
0.324 0.115983 2 

0.332 0.119584 2 
0.328 0.117759 2 

0.336 0.121459 2 
0.332 0.119584 2 

0.34 0.123386 2 
0.336 0.121459 2 

0.344 0.125368 2 
0.34 0.123386 2 

0.345258 0.126 2 
0.344 0.125368 2 

0.268 0.0987301 2 
0.265136 0.098 2 

0.272 0.0997638 2 
0.268 0.0987301 2 

0.276 0.100816 2 
0.272 0.0997638 2 

0.28 0.101886 2 
0.276 0.100816 2 

0.284 0.102976 2 
0.28 0.101886 2 

0.288 0.104085 2 
0.284 0.102976 2 

0.292 0.105214 2 
0.288 0.104085 2 

0.296 0.106364 2 
0.292 0.105214 2 

0.3 0.107534 2 
0.296 0.106364 2 

0.304 0.108726 2 
0.3 0.107534 2 

0.308 0.10994 2 
0.304 0.108726 2 

0.312 0.111176 2 
0.308 0.10994 2 

0.31463 0.112 2 
0.312 0.111176 2 

0.188 0.0840261 2 
0.187836 0.084 2 

0.192 0.0846647 2 
0.188 0.0840261 2 

0.196 0.0853124 2 
0.192 0.0846647 2 

0.2 0.0859694 2 
0.196 0.0853124 2 

0.204 0.0866356 2 
0.2 0.0859694 2 

0.208 0.087311 2 
0.204 0.0866356 2 

0.212 0.0879956 2 
0.208 0.087311 2 

0.216 0.0886896 2 
0.212 0.0879956 2 

0.22 0.089393 2 
0.216 0.0886896 2 

0.224 0.0901058 2 
0.22 0.089393 2 

0.228 0.0908281 2 
0.224 0.0901058 2 

0.232 0.0915599 2 
0.228 0.0908281 2 

0.236 0.0923014 2 
0.232 0.0915599 2 

0.24 0.0930526 2 
0.236 0.0923014 2 

0.244 0.0938135 2 
0.24 0.0930526 2 

0.248 0.0945844 2 
0.244 0.0938135 2 

0.252 0.0953652 2 
0.248 0.0945844 2 

0.256 0.0961561 2 
0.252 0.0953652 2 

0.26 0.0969571 2 
0.256 0.0961561 2 

0.264 0.0977685 2 
0.26 0.0969571 2 

0.265136 0.098 2 
0.264 0.0977685 2 

0.052 0.070082 2 
0.0504589 0.07 2 

0.056 0.0703111 2 
0.052 0.070082 2 

0.06 0.0705562 2 
0.056 0.0703111 2 

0.064 0.0708167 2 
0.06 0.0705562 2 

0.068 0.0710919 2 
0.064 0.0708167 2 

0.072 0.0713812 2 
0.068 0.0710919 2 

0.076 0.0716838 2 
0.072 0.0713812 2 

0.08 0.0719992 2 
0.076 0.0716838 2 

0.084 0.0723269 2 
0.08 0.0719992 2 

0.088 0.0726664 2 
0.084 0.0723269 2 

0.092 0.0730172 2 
0.088 0.0726664 2 

0.096 0.0733788 2 
0.092 0.0730172 2 

0.1 0.0737508 2 
0.096 0.0733788 2 

0.104 0.0741328 2 
0.1 0.0737508 2 

0.108 0.0745246 2 
0.104 0.0741328 2 

0.112 0.0749256 2 
0.108 0.0745246 2 

0.116 0.0753357 2 
0.112 0.0749256 2 

0.12 0.0757546 2 
0.116 0.0753357 2 

0.124 0.076182 2 
0.12 0.0757546 2 

0.128 0.0766176 2 
0.124 0.076182 2 

0.132 0.0770612 2 
0.128 0.0766176 2 

0.136 0.0775127 2 
0.132 0.0770612 2 

0.14 0.0779717 2 
0.136 0.0775127 2 

0.144 0.0784382 2 
0.14 0.0779717 2 

0.148 0.078912 2 
0.144 0.0784382 2 

0.152 0.079393 2 
0.148 0.078912 2 

0.156 0.0798809 2 
0.152 0.079393 2 

0.16 0.0803756 2 
0.156 0.0798809 2 

0.164 0.0808772 2 
0.16 0.0803756 2 

0.168 0.0813853 2 
0.164 0.0808772 2 

0.172 0.0819 2 
0.168 0.0813853 2 

0.176 0.0824211 2 
0.172 0.0819 2 

0.18 0.0829486 2 
0.176 0.0824211 2 

0.184 0.0834824 2 
0.18 0.0829486 2 

0.187836 0.084 2 
0.184 0.0834824 2 

0.004 0.0688844 2 
0 0.0688831 2 

0.008 0.0688928 2 
0.004 0.0688844 2 

0.012 0.0689131 2 
0.008 0.0688928 2 

0.016 0.0689486 2 
0.012 0.0689131 2 

0.02 0.0690013 2 
0.016 0.0689486 2 

0.024 0.0690721 2 
0.02 0.0690013 2 

0.028 0.0691616 2 
0.024 0.0690721 2 

0.032 0.0692698 2 
0.028 0.0691616 2 

0.036 0.0693964 2 
0.032 0.0692698 2 

0.04 0.0695408 2 
0.036 0.0693964 2 

0.044 0.0697025 2 
0.04 0.0695408 2 

0.048 0.0698808 2 
0.044 0.0697025 2 

