# X-nullcline
0.0604397 1.4 1 
0.0605545 1.386 1 

0.0605545 1.386 1 
0.0606753 1.372 1 

0.0606753 1.372 1 
0.0608022 1.358 1 

0.0608022 1.358 1 
0.0609357 1.344 1 

0.0609357 1.344 1 
0.0610761 1.33 1 

0.0610761 1.33 1 
0.061224 1.316 1 

0.061224 1.316 1 
0.0613798 1.302 1 

0.0613798 1.302 1 
0.061544 1.288 1 

0.061544 1.288 1 
0.0617171 1.274 1 

0.0617171 1.274 1 
0.0618997 1.26 1 

0.0618997 1.26 1 
0.0620925 1.246 1 

0.0620925 1.246 1 
0.062296 1.232 1 

0.062296 1.232 1 
0.062511 1.218 1 

0.062511 1.218 1 
0.0627383 1.204 1 

0.0627383 1.204 1 
0.0629787 1.19 1 

0.0629787 1.19 1 
0.063233 1.176 1 

0.063233 1.176 1 
0.0635023 1.162 1 

0.0635023 1.162 1 
0.0637876 1.148 1 

0.0637876 1.148 1 
0.064 1.13815 1 

0.0640905 1.134 1 
0.064 1.13815 1 

0.0640905 1.134 1 
0.064413 1.12 1 

0.064413 1.12 1 
0.0647552 1.106 1 

0.0647552 1.106 1 
0.0651185 1.092 1 

0.0651185 1.092 1 
0.0655045 1.078 1 

0.0655045 1.078 1 
0.0659147 1.064 1 

0.0659147 1.064 1 
0.066351 1.05 1 

0.066351 1.05 1 
0.0668152 1.036 1 

0.0668152 1.036 1 
0.0673096 1.022 1 

0.0673096 1.022 1 
0.0678362 1.008 1 

0.0678362 1.008 1 
0.068 1.00389 1 

0.0683997 0.994 1 
0.068 1.00389 1 

0.0683997 0.994 1 
0.0690018 0.98 1 

0.0690018 0.98 1 
0.0696443 0.966 1 

0.0696443 0.966 1 
0.0703303 0.952 1 

0.0703303 0.952 1 
0.0710632 0.938 1 

0.0710632 0.938 1 
0.0718465 0.924 1 

0.0718465 0.924 1 
0.072 0.921412 1 

0.0726881 0.91 1 
0.072 0.921412 1 

0.0726881 0.91 1 
0.0735893 0.896 1 

0.0735893 0.896 1 
0.0745541 0.882 1 

0.0745541 0.882 1 
0.0755873 0.868 1 

0.0755873 0.868 1 
0.076 0.862736 1 

0.076698 0.854 1 
0.076 0.862736 1 

0.076698 0.854 1 
0.0778908 0.84 1 

0.0778908 0.84 1 
0.0791697 0.826 1 

0.0791697 0.826 1 
0.08 0.81747 1 

0.0805439 0.812 1 
0.08 0.81747 1 

0.0805439 0.812 1 
0.0820227 0.798 1 

0.0820227 0.798 1 
0.0836092 0.784 1 

0.0836092 0.784 1 
0.084 0.780739 1 

0.0853181 0.77 1 
0.084 0.780739 1 

0.0853181 0.77 1 
0.0871537 0.756 1 

0.0871537 0.756 1 
0.088 0.749911 1 

0.0891284 0.742 1 
0.088 0.749911 1 

0.0891284 0.742 1 
0.0912508 0.728 1 

0.0912508 0.728 1 
0.092 0.72332 1 

0.0935338 0.714 1 
0.092 0.72332 1 

0.0935338 0.714 1 
0.0959842 0.7 1 

0.0959842 0.7 1 
0.096 0.699913 1 

0.0986205 0.686 1 
0.096 0.699913 1 

0.0986205 0.686 1 
0.1 0.679063 1 

0.101448 0.672 1 
0.1 0.679063 1 

0.101448 0.672 1 
0.104 0.660155 1 

0.104479 0.658 1 
0.104 0.660155 1 

0.104479 0.658 1 
0.107727 0.644 1 

0.107727 0.644 1 
0.108 0.642866 1 

0.111202 0.63 1 
0.108 0.642866 1 

0.111202 0.63 1 
0.112 0.62691 1 

0.114913 0.616 1 
0.112 0.62691 1 

0.114913 0.616 1 
0.116 0.612055 1 

0.118868 0.602 1 
0.116 0.612055 1 

0.118868 0.602 1 
0.12 0.598133 1 

0.123073 0.588 1 
0.12 0.598133 1 

0.123073 0.588 1 
0.124 0.585005 1 

0.127531 0.574 1 
0.124 0.585005 1 

0.127531 0.574 1 
0.128 0.57256 1 

0.132 0.560699 1 
0.128 0.57256 1 

0.132244 0.56 1 
0.132 0.560699 1 

0.132244 0.56 1 
0.136 0.549314 1 

0.137208 0.546 1 
0.136 0.549314 1 

0.137208 0.546 1 
0.14 0.538364 1 

0.142414 0.532 1 
0.14 0.538364 1 

0.142414 0.532 1 
0.144 0.527806 1 

0.147847 0.518 1 
0.144 0.527806 1 

0.147847 0.518 1 
0.148 0.517606 1 

0.152 0.5076 1 
0.148 0.517606 1 

0.153491 0.504 1 
0.152 0.5076 1 

0.153491 0.504 1 
0.156 0.497847 1 

0.159317 0.49 1 
0.156 0.497847 1 

0.159317 0.49 1 
0.16 0.488348 1 

0.164 0.478946 1 
0.16 0.488348 1 

0.165293 0.476 1 
0.164 0.478946 1 

0.165293 0.476 1 
0.168 0.469655 1 

0.17138 0.462 1 
0.168 0.469655 1 

0.17138 0.462 1 
0.172 0.460545 1 

0.176 0.4514 1 
0.172 0.460545 1 

0.177533 0.448 1 
0.176 0.4514 1 

0.177533 0.448 1 
0.18 0.442288 1 

0.183698 0.434 1 
0.18 0.442288 1 

0.183698 0.434 1 
0.184 0.433288 1 

0.188 0.424076 1 
0.184 0.433288 1 

0.189823 0.42 1 
0.188 0.424076 1 

0.189823 0.42 1 
0.192 0.414843 1 

0.195845 0.406 1 
0.192 0.414843 1 

0.195845 0.406 1 
0.196 0.405621 1 

0.2 0.396 1 
0.196 0.405621 1 

0.201709 0.392 1 
0.2 0.396 1 

0.201709 0.392 1 
0.204 0.386225 1 

0.20735 0.378 1 
0.204 0.386225 1 

0.20735 0.378 1 
0.208 0.376266 1 

0.212 0.365821 1 
0.208 0.376266 1 

0.212713 0.364 1 
0.212 0.365821 1 

0.212713 0.364 1 
0.216 0.354781 1 

0.217744 0.35 1 
0.216 0.354781 1 

0.217744 0.35 1 
0.22 0.343133 1 

0.222393 0.336 1 
0.22 0.343133 1 

0.222393 0.336 1 
0.224 0.330614 1 

0.226619 0.322 1 
0.224 0.330614 1 

0.226619 0.322 1 
0.228 0.316813 1 

0.230387 0.308 1 
0.228 0.316813 1 

0.230387 0.308 1 
0.232 0.301062 1 

0.233668 0.294 1 
0.232 0.301062 1 

0.233668 0.294 1 
0.236 0.282192 1 

0.236439 0.28 1 
0.236 0.282192 1 

0.236439 0.28 1 
0.238685 0.266 1 

0.238685 0.266 1 
0.24 0.255189 1 

0.240392 0.252 1 
0.24 0.255189 1 

0.240392 0.252 1 
0.24155 0.238 1 

0.24155 0.238 1 
0.242147 0.224 1 

0.242147 0.224 1 
0.24217 0.21 1 

0.24217 0.21 1 
0.241597 0.196 1 

0.241597 0.196 1 
0.240399 0.182 1 

0.24 0.178992 1 
0.238535 0.168 1 

0.240399 0.182 1 
0.24 0.178992 1 

0.236 0.154281 1 
0.235948 0.154 1 

0.238535 0.168 1 
0.236 0.154281 1 

0.235948 0.154 1 
0.232564 0.14 1 

0.232 0.138144 1 
0.228293 0.126 1 

0.232564 0.14 1 
0.232 0.138144 1 

0.224 0.114552 1 
0.223038 0.112 1 

0.228 0.125216 1 
0.224 0.114552 1 

0.228293 0.126 1 
0.228 0.125216 1 

0.22 0.105256 1 
0.216712 0.098 1 

0.223038 0.112 1 
0.22 0.105256 1 

0.212 0.089103 1 
0.20928 0.084 1 

0.216 0.096651 1 
0.212 0.089103 1 

0.216712 0.098 1 
0.216 0.096651 1 

0.204 0.0752293 1 
0.20083 0.07 1 

0.208 0.0818668 1 
0.204 0.0752293 1 

0.20928 0.084 1 
0.208 0.0818668 1 

0.192 0.0564848 1 
0.191681 0.056 1 

0.196 0.0625828 1 
0.192 0.0564848 1 

0.2 0.0687218 1 
0.196 0.0625828 1 

0.20083 0.07 1 
0.2 0.0687218 1 

0.184 0.0442612 1 
0.182509 0.042 1 

0.188 0.0503556 1 
0.184 0.0442612 1 

0.191681 0.056 1 
0.188 0.0503556 1 

0.176 0.0307429 1 
0.174403 0.028 1 

0.18 0.0376461 1 
0.176 0.0307429 1 

0.182509 0.042 1 
0.18 0.0376461 1 

0.172 0.0220609 1 
0.168723 0.014 1 

0.174403 0.028 1 
0.172 0.0220609 1 

0.168 0.00907397 1 
0.166667 2.6077e-08 1 


# Y-nullcline
0.4 1.28452 2 
0.397101 1.274 2 

0.396 1.26998 2 
0.393287 1.26 2 

0.397101 1.274 2 
0.396 1.26998 2 

0.392 1.25524 2 
0.389527 1.246 2 

0.393287 1.26 2 
0.392 1.25524 2 

0.388 1.24027 2 
0.385819 1.232 2 

0.389527 1.246 2 
0.388 1.24027 2 

0.384 1.22506 2 
0.382163 1.218 2 

0.385819 1.232 2 
0.384 1.22506 2 

0.38 1.20963 2 
0.37856 1.204 2 

0.382163 1.218 2 
0.38 1.20963 2 

0.376 1.19394 2 
0.375007 1.19 2 

0.37856 1.204 2 
0.376 1.19394 2 

0.372 1.17799 2 
0.371506 1.176 2 

0.375007 1.19 2 
0.372 1.17799 2 

0.371506 1.176 2 
0.368055 1.162 2 

0.368 1.16178 2 
0.364659 1.148 2 

0.368055 1.162 2 
0.368 1.16178 2 

0.364 1.14526 2 
0.361313 1.134 2 

0.364659 1.148 2 
0.364 1.14526 2 

0.36 1.12845 2 
0.358017 1.12 2 

0.361313 1.134 2 
0.36 1.12845 2 

0.356 1.11133 2 
0.354769 1.106 2 

0.358017 1.12 2 
0.356 1.11133 2 

0.352 1.0939 2 
0.351569 1.092 2 

0.354769 1.106 2 
0.352 1.0939 2 

0.351569 1.092 2 
0.348422 1.078 2 

0.348 1.07611 2 
0.345326 1.064 2 

0.348422 1.078 2 
0.348 1.07611 2 

0.344 1.05794 2 
0.342278 1.05 2 

0.345326 1.064 2 
0.344 1.05794 2 

0.34 1.03939 2 
0.339277 1.036 2 

0.342278 1.05 2 
0.34 1.03939 2 

0.339277 1.036 2 
0.336325 1.022 2 

0.336 1.02044 2 
0.333427 1.008 2 

0.336325 1.022 2 
0.336 1.02044 2 

0.332 1.00102 2 
0.330576 0.994 2 

0.333427 1.008 2 
0.332 1.00102 2 

0.328 0.981159 2 
0.327769 0.98 2 

0.330576 0.994 2 
0.328 0.981159 2 

0.327769 0.98 2 
0.325019 0.966 2 

0.324 0.960749 2 
0.322316 0.952 2 

0.325019 0.966 2 
0.324 0.960749 2 

0.32 0.939816 2 
0.319658 0.938 2 

0.322316 0.952 2 
0.32 0.939816 2 

0.319658 0.938 2 
0.317055 0.924 2 

0.316 0.918246 2 
0.3145 0.91 2 

0.317055 0.924 2 
0.316 0.918246 2 

0.312 0.89606 2 
0.311989 0.896 2 

0.3145 0.91 2 
0.312 0.89606 2 

0.311989 0.896 2 
0.309539 0.882 2 

0.308 0.873071 2 
0.307132 0.868 2 

0.309539 0.882 2 
0.308 0.873071 2 

0.307132 0.868 2 
0.304778 0.854 2 

0.304 0.849291 2 
0.302476 0.84 2 

0.304778 0.854 2 
0.304 0.849291 2 

0.302476 0.84 2 
0.300221 0.826 2 

0.3 0.824601 2 
0.298025 0.812 2 

0.300221 0.826 2 
0.3 0.824601 2 

0.296 0.798826 2 
0.295874 0.798 2 

0.298025 0.812 2 
0.296 0.798826 2 

0.295874 0.798 2 
0.293785 0.784 2 

0.292 0.771784 2 
0.291741 0.77 2 

0.293785 0.784 2 
0.292 0.771784 2 

0.291741 0.77 2 
0.28976 0.756 2 

0.288 0.743268 2 
0.287826 0.742 2 

0.28976 0.756 2 
0.288 0.743268 2 

0.287826 0.742 2 
0.285957 0.728 2 

0.285957 0.728 2 
0.284136 0.714 2 

0.284 0.71292 2 
0.282382 0.7 2 

0.284136 0.714 2 
0.284 0.71292 2 

0.282382 0.7 2 
0.280682 0.686 2 

0.28 0.680183 2 
0.279045 0.672 2 

0.280682 0.686 2 
0.28 0.680183 2 

0.279045 0.672 2 
0.27747 0.658 2 

0.276 0.644427 2 
0.275954 0.644 2 

0.27747 0.658 2 
0.276 0.644427 2 

0.275954 0.644 2 
0.274512 0.63 2 

0.274512 0.63 2 
0.273131 0.616 2 

0.272 0.603956 2 
0.271817 0.602 2 

0.273131 0.616 2 
0.272 0.603956 2 

0.271817 0.602 2 
0.270581 0.588 2 

0.270581 0.588 2 
0.269414 0.574 2 

0.269414 0.574 2 
0.268319 0.56 2 

0.268 0.555585 2 
0.267308 0.546 2 

0.268319 0.56 2 
0.268 0.555585 2 

0.267308 0.546 2 
0.266378 0.532 2 

0.266378 0.532 2 
0.26553 0.518 2 

0.26553 0.518 2 
0.264769 0.504 2 

0.264769 0.504 2 
0.264097 0.49 2 

0.264 0.48762 2 
0.263525 0.476 2 

0.264097 0.49 2 
0.264 0.48762 2 

0.263525 0.476 2 
0.263053 0.462 2 

0.263053 0.462 2 
0.262683 0.448 2 

0.262683 0.448 2 
0.262422 0.434 2 

0.262422 0.434 2 
0.262274 0.42 2 

0.262274 0.42 2 
0.262245 0.406 2 

0.262245 0.406 2 
0.262341 0.392 2 

0.262341 0.392 2 
0.262566 0.378 2 

0.262566 0.378 2 
0.262928 0.364 2 

0.262928 0.364 2 
0.263429 0.35 2 

0.263429 0.35 2 
0.264 0.337568 2 

0.264075 0.336 2 
0.264 0.337568 2 

0.264075 0.336 2 
0.264874 0.322 2 

0.264874 0.322 2 
0.265822 0.308 2 

0.265822 0.308 2 
0.266915 0.294 2 

0.266915 0.294 2 
0.268 0.281592 2 

0.268145 0.28 2 
0.268 0.281592 2 

0.268145 0.28 2 
0.269507 0.266 2 

0.269507 0.266 2 
0.270958 0.252 2 

0.270958 0.252 2 
0.272 0.242101 2 

0.272455 0.238 2 
0.272 0.242101 2 

0.272455 0.238 2 
0.273927 0.224 2 

0.273927 0.224 2 
0.27524 0.21 2 

0.27524 0.21 2 
0.276 0.198808 2 

0.276204 0.196 2 
0.276 0.198808 2 

0.276204 0.196 2 
0.27652 0.182 2 

0.276 0.172884 2 
0.275702 0.168 2 

0.27652 0.182 2 
0.276 0.172884 2 

0.275702 0.168 2 
0.273002 0.154 2 

0.268 0.141755 2 
0.267216 0.14 2 

0.272 0.15139 2 
0.268 0.141755 2 

0.273002 0.154 2 
0.272 0.15139 2 

0.26 0.130304 2 
0.256441 0.126 2 

0.264 0.135507 2 
0.26 0.130304 2 

0.267216 0.14 2 
0.264 0.135507 2 

0.24 0.113587 2 
0.237634 0.112 2 

0.244 0.116372 2 
0.24 0.113587 2 

0.248 0.1193 2 
0.244 0.116372 2 

0.252 0.122383 2 
0.248 0.1193 2 

0.256 0.125633 2 
0.252 0.122383 2 

0.256441 0.126 2 
0.256 0.125633 2 

0.208 0.0988293 2 
0.20586 0.098 2 

0.212 0.100417 2 
0.208 0.0988293 2 

0.216 0.102059 2 
0.212 0.100417 2 

0.22 0.103758 2 
0.216 0.102059 2 

0.224 0.105517 2 
0.22 0.103758 2 

0.228 0.107339 2 
0.224 0.105517 2 

0.232 0.109226 2 
0.228 0.107339 2 

0.236 0.111182 2 
0.232 0.109226 2 

0.237634 0.112 2 
0.236 0.111182 2 

0.156 0.0847748 2 
0.152512 0.084 2 

0.16 0.0856853 2 
0.156 0.0847748 2 

0.164 0.0866199 2 
0.16 0.0856853 2 

0.168 0.0875792 2 
0.164 0.0866199 2 

0.172 0.0885638 2 
0.168 0.0875792 2 

0.176 0.0895742 2 
0.172 0.0885638 2 

0.18 0.090611 2 
0.176 0.0895742 2 

0.184 0.0916749 2 
0.18 0.090611 2 

0.188 0.0927667 2 
0.184 0.0916749 2 

0.192 0.093887 2 
0.188 0.0927667 2 

0.196 0.0950366 2 
0.192 0.093887 2 

0.2 0.0962164 2 
0.196 0.0950366 2 

0.204 0.0974274 2 
0.2 0.0962164 2 

0.20586 0.098 2 
0.204 0.0974274 2 

0.048 0.0702205 2 
0.0446008 0.07 2 

0.052 0.070504 2 
0.048 0.0702205 2 

0.056 0.0708109 2 
0.052 0.070504 2 

0.06 0.0711407 2 
0.056 0.0708109 2 

0.064 0.0714924 2 
0.06 0.0711407 2 

0.068 0.0718655 2 
0.064 0.0714924 2 

0.072 0.0722593 2 
0.068 0.0718655 2 

0.076 0.0726732 2 
0.072 0.0722593 2 

0.08 0.0731067 2 
0.076 0.0726732 2 

0.084 0.0735592 2 
0.08 0.0731067 2 

0.088 0.0740305 2 
0.084 0.0735592 2 

0.092 0.07452 2 
0.088 0.0740305 2 

0.096 0.0750273 2 
0.092 0.07452 2 

0.1 0.0755523 2 
0.096 0.0750273 2 

0.104 0.0760947 2 
0.1 0.0755523 2 

0.108 0.0766541 2 
0.104 0.0760947 2 

0.112 0.0772304 2 
0.108 0.0766541 2 

0.116 0.0778235 2 
0.112 0.0772304 2 

0.12 0.0784332 2 
0.116 0.0778235 2 

0.124 0.0790595 2 
0.12 0.0784332 2 

0.128 0.0797022 2 
0.124 0.0790595 2 

0.132 0.0803614 2 
0.128 0.0797022 2 

0.136 0.0810369 2 
0.132 0.0803614 2 

0.14 0.0817289 2 
0.136 0.0810369 2 

0.144 0.0824374 2 
0.14 0.0817289 2 

0.148 0.0831624 2 
0.144 0.0824374 2 

0.152 0.0839041 2 
0.148 0.0831624 2 

0.152512 0.084 2 
0.152 0.0839041 2 

0.004 0.0688848 2 
0 0.0688831 2 

0.008 0.0688958 2 
0.004 0.0688848 2 

0.012 0.0689225 2 
0.008 0.0688958 2 

0.016 0.0689691 2 
0.012 0.0689225 2 

0.02 0.0690383 2 
0.016 0.0689691 2 

0.024 0.0691315 2 
0.02 0.0690383 2 

0.028 0.0692493 2 
0.024 0.0691315 2 

0.032 0.0693919 2 
0.028 0.0692493 2 

0.036 0.069559 2 
0.032 0.0693919 2 

0.04 0.0697501 2 
0.036 0.069559 2 

0.044 0.0699646 2 
0.04 0.0697501 2 

