# X-nullcline
0.0604397 1.4 1 
0.0605545 1.386 1 

0.0605545 1.386 1 
0.0606753 1.372 1 

0.0606753 1.372 1 
0.0608022 1.358 1 

0.0608022 1.358 1 
0.0609357 1.344 1 

0.0609357 1.344 1 
0.0610761 1.33 1 

0.0610761 1.33 1 
0.061224 1.316 1 

0.061224 1.316 1 
0.0613798 1.302 1 

0.0613798 1.302 1 
0.061544 1.288 1 

0.061544 1.288 1 
0.0617171 1.274 1 

0.0617171 1.274 1 
0.0618997 1.26 1 

0.0618997 1.26 1 
0.0620925 1.246 1 

0.0620925 1.246 1 
0.062296 1.232 1 

0.062296 1.232 1 
0.062511 1.218 1 

0.062511 1.218 1 
0.0627383 1.204 1 

0.0627383 1.204 1 
0.0629787 1.19 1 

0.0629787 1.19 1 
0.063233 1.176 1 

0.063233 1.176 1 
0.0635023 1.162 1 

0.0635023 1.162 1 
0.0637876 1.148 1 

0.0637876 1.148 1 
0.064 1.13815 1 

0.0640905 1.134 1 
0.064 1.13815 1 

0.0640905 1.134 1 
0.064413 1.12 1 

0.064413 1.12 1 
0.0647552 1.106 1 

0.0647552 1.106 1 
0.0651185 1.092 1 

0.0651185 1.092 1 
0.0655045 1.078 1 

0.0655045 1.078 1 
0.0659147 1.064 1 

0.0659147 1.064 1 
0.066351 1.05 1 

0.066351 1.05 1 
0.0668152 1.036 1 

0.0668152 1.036 1 
0.0673096 1.022 1 

0.0673096 1.022 1 
0.0678362 1.008 1 

0.0678362 1.008 1 
0.068 1.00389 1 

0.0683997 0.994 1 
0.068 1.00389 1 

0.0683997 0.994 1 
0.0690018 0.98 1 

0.0690018 0.98 1 
0.0696443 0.966 1 

0.0696443 0.966 1 
0.0703303 0.952 1 

0.0703303 0.952 1 
0.0710632 0.938 1 

0.0710632 0.938 1 
0.0718465 0.924 1 

0.0718465 0.924 1 
0.072 0.921412 1 

0.0726881 0.91 1 
0.072 0.921412 1 

0.0726881 0.91 1 
0.0735893 0.896 1 

0.0735893 0.896 1 
0.0745541 0.882 1 

0.0745541 0.882 1 
0.0755873 0.868 1 

0.0755873 0.868 1 
0.076 0.862736 1 

0.076698 0.854 1 
0.076 0.862736 1 

0.076698 0.854 1 
0.0778908 0.84 1 

0.0778908 0.84 1 
0.0791697 0.826 1 

0.0791697 0.826 1 
0.08 0.81747 1 

0.0805439 0.812 1 
0.08 0.81747 1 

0.0805439 0.812 1 
0.0820227 0.798 1 

0.0820227 0.798 1 
0.0836092 0.784 1 

0.0836092 0.784 1 
0.084 0.780739 1 

0.0853181 0.77 1 
0.084 0.780739 1 

0.0853181 0.77 1 
0.0871537 0.756 1 

0.0871537 0.756 1 
0.088 0.749911 1 

0.0891284 0.742 1 
0.088 0.749911 1 

0.0891284 0.742 1 
0.0912508 0.728 1 

0.0912508 0.728 1 
0.092 0.72332 1 

0.0935338 0.714 1 
0.092 0.72332 1 

0.0935338 0.714 1 
0.0959842 0.7 1 

0.0959842 0.7 1 
0.096 0.699913 1 

0.0986205 0.686 1 
0.096 0.699913 1 

0.0986205 0.686 1 
0.1 0.679063 1 

0.101448 0.672 1 
0.1 0.679063 1 

0.101448 0.672 1 
0.104 0.660155 1 

0.104479 0.658 1 
0.104 0.660155 1 

0.104479 0.658 1 
0.107727 0.644 1 

0.107727 0.644 1 
0.108 0.642866 1 

0.111202 0.63 1 
0.108 0.642866 1 

0.111202 0.63 1 
0.112 0.62691 1 

0.114913 0.616 1 
0.112 0.62691 1 

0.114913 0.616 1 
0.116 0.612055 1 

0.118868 0.602 1 
0.116 0.612055 1 

0.118868 0.602 1 
0.12 0.598133 1 

0.123073 0.588 1 
0.12 0.598133 1 

0.123073 0.588 1 
0.124 0.585005 1 

0.127531 0.574 1 
0.124 0.585005 1 

0.127531 0.574 1 
0.128 0.57256 1 

0.132 0.560699 1 
0.128 0.57256 1 

0.132244 0.56 1 
0.132 0.560699 1 

0.132244 0.56 1 
0.136 0.549314 1 

0.137208 0.546 1 
0.136 0.549314 1 

0.137208 0.546 1 
0.14 0.538364 1 

0.142414 0.532 1 
0.14 0.538364 1 

0.142414 0.532 1 
0.144 0.527806 1 

0.147847 0.518 1 
0.144 0.527806 1 

0.147847 0.518 1 
0.148 0.517606 1 

0.152 0.5076 1 
0.148 0.517606 1 

0.153491 0.504 1 
0.152 0.5076 1 

0.153491 0.504 1 
0.156 0.497847 1 

0.159317 0.49 1 
0.156 0.497847 1 

0.159317 0.49 1 
0.16 0.488348 1 

0.164 0.478946 1 
0.16 0.488348 1 

0.165293 0.476 1 
0.164 0.478946 1 

0.165293 0.476 1 
0.168 0.469655 1 

0.17138 0.462 1 
0.168 0.469655 1 

0.17138 0.462 1 
0.172 0.460545 1 

0.176 0.4514 1 
0.172 0.460545 1 

0.177533 0.448 1 
0.176 0.4514 1 

0.177533 0.448 1 
0.18 0.442288 1 

0.183698 0.434 1 
0.18 0.442288 1 

0.183698 0.434 1 
0.184 0.433288 1 

0.188 0.424076 1 
0.184 0.433288 1 

0.189823 0.42 1 
0.188 0.424076 1 

0.189823 0.42 1 
0.192 0.414843 1 

0.195845 0.406 1 
0.192 0.414843 1 

0.195845 0.406 1 
0.196 0.405621 1 

0.2 0.396 1 
0.196 0.405621 1 

0.201709 0.392 1 
0.2 0.396 1 

0.201709 0.392 1 
0.204 0.386225 1 

0.20735 0.378 1 
0.204 0.386225 1 

0.20735 0.378 1 
0.208 0.376266 1 

0.212 0.365821 1 
0.208 0.376266 1 

0.212713 0.364 1 
0.212 0.365821 1 

0.212713 0.364 1 
0.216 0.354781 1 

0.217744 0.35 1 
0.216 0.354781 1 

0.217744 0.35 1 
0.22 0.343133 1 

0.222393 0.336 1 
0.22 0.343133 1 

0.222393 0.336 1 
0.224 0.330614 1 

0.226619 0.322 1 
0.224 0.330614 1 

0.226619 0.322 1 
0.228 0.316813 1 

0.230387 0.308 1 
0.228 0.316813 1 

0.230387 0.308 1 
0.232 0.301062 1 

0.233668 0.294 1 
0.232 0.301062 1 

0.233668 0.294 1 
0.236 0.282192 1 

0.236439 0.28 1 
0.236 0.282192 1 

0.236439 0.28 1 
0.238685 0.266 1 

0.238685 0.266 1 
0.24 0.255189 1 

0.240392 0.252 1 
0.24 0.255189 1 

0.240392 0.252 1 
0.24155 0.238 1 

0.24155 0.238 1 
0.242147 0.224 1 

0.242147 0.224 1 
0.24217 0.21 1 

0.24217 0.21 1 
0.241597 0.196 1 

0.241597 0.196 1 
0.240399 0.182 1 

0.24 0.178992 1 
0.238535 0.168 1 

0.240399 0.182 1 
0.24 0.178992 1 

0.236 0.154281 1 
0.235948 0.154 1 

0.238535 0.168 1 
0.236 0.154281 1 

0.235948 0.154 1 
0.232564 0.14 1 

0.232 0.138144 1 
0.228293 0.126 1 

0.232564 0.14 1 
0.232 0.138144 1 

0.224 0.114552 1 
0.223038 0.112 1 

0.228 0.125216 1 
0.224 0.114552 1 

0.228293 0.126 1 
0.228 0.125216 1 

0.22 0.105256 1 
0.216712 0.098 1 

0.223038 0.112 1 
0.22 0.105256 1 

0.212 0.089103 1 
0.20928 0.084 1 

0.216 0.096651 1 
0.212 0.089103 1 

0.216712 0.098 1 
0.216 0.096651 1 

0.204 0.0752293 1 
0.20083 0.07 1 

0.208 0.0818668 1 
0.204 0.0752293 1 

0.20928 0.084 1 
0.208 0.0818668 1 

0.192 0.0564848 1 
0.191681 0.056 1 

0.196 0.0625828 1 
0.192 0.0564848 1 

0.2 0.0687218 1 
0.196 0.0625828 1 

0.20083 0.07 1 
0.2 0.0687218 1 

0.184 0.0442612 1 
0.182509 0.042 1 

0.188 0.0503556 1 
0.184 0.0442612 1 

0.191681 0.056 1 
0.188 0.0503556 1 

0.176 0.0307429 1 
0.174403 0.028 1 

0.18 0.0376461 1 
0.176 0.0307429 1 

0.182509 0.042 1 
0.18 0.0376461 1 

0.172 0.0220609 1 
0.168723 0.014 1 

0.174403 0.028 1 
0.172 0.0220609 1 

0.168 0.00907397 1 
0.166667 2.6077e-08 1 


# Y-nullcline
0.316 1.39382 2 
0.314598 1.386 2 

0.317117 1.4 2 
0.316 1.39382 2 

0.314598 1.386 2 
0.312097 1.372 2 

0.312 1.37145 2 
0.309628 1.358 2 

0.312097 1.372 2 
0.312 1.37145 2 

0.308 1.34874 2 
0.307175 1.344 2 

0.309628 1.358 2 
0.308 1.34874 2 

0.307175 1.344 2 
0.304746 1.33 2 

0.304 1.32568 2 
0.302342 1.316 2 

0.304746 1.33 2 
0.304 1.32568 2 

0.3 1.30227 2 
0.299954 1.302 2 

0.302342 1.316 2 
0.3 1.30227 2 

0.299954 1.302 2 
0.297598 1.288 2 

0.296 1.27847 2 
0.295258 1.274 2 

0.297598 1.288 2 
0.296 1.27847 2 

0.295258 1.274 2 
0.292944 1.26 2 

0.292 1.25426 2 
0.290653 1.246 2 

0.292944 1.26 2 
0.292 1.25426 2 

0.290653 1.246 2 
0.288381 1.232 2 

0.288 1.22964 2 
0.286138 1.218 2 

0.288381 1.232 2 
0.288 1.22964 2 

0.284 1.20457 2 
0.283911 1.204 2 

0.286138 1.218 2 
0.284 1.20457 2 

0.283911 1.204 2 
0.281716 1.19 2 

0.28 1.179 2 
0.279537 1.176 2 

0.281716 1.19 2 
0.28 1.179 2 

0.279537 1.176 2 
0.277386 1.162 2 

0.276 1.15292 2 
0.275255 1.148 2 

0.277386 1.162 2 
0.276 1.15292 2 

0.275255 1.148 2 
0.27315 1.134 2 

0.272 1.1263 2 
0.271068 1.12 2 

0.27315 1.134 2 
0.272 1.1263 2 

0.271068 1.12 2 
0.26901 1.106 2 

0.268 1.09908 2 
0.266976 1.092 2 

0.26901 1.106 2 
0.268 1.09908 2 

0.266976 1.092 2 
0.264966 1.078 2 

0.264 1.07122 2 
0.26298 1.064 2 

0.264966 1.078 2 
0.264 1.07122 2 

0.26298 1.064 2 
0.261019 1.05 2 

0.26 1.04266 2 
0.259082 1.036 2 

0.261019 1.05 2 
0.26 1.04266 2 

0.259082 1.036 2 
0.257172 1.022 2 

0.256 1.01334 2 
0.255284 1.008 2 

0.257172 1.022 2 
0.256 1.01334 2 

0.255284 1.008 2 
0.253425 0.994 2 

0.252 0.983165 2 
0.251587 0.98 2 

0.253425 0.994 2 
0.252 0.983165 2 

0.251587 0.98 2 
0.249781 0.966 2 

0.248 0.952059 2 
0.247993 0.952 2 

0.249781 0.966 2 
0.248 0.952059 2 

0.247993 0.952 2 
0.246241 0.938 2 

0.246241 0.938 2 
0.244508 0.924 2 

0.244 0.919838 2 
0.242807 0.91 2 

0.244508 0.924 2 
0.244 0.919838 2 

0.242807 0.91 2 
0.241132 0.896 2 

0.24 0.886411 2 
0.239483 0.882 2 

0.241132 0.896 2 
0.24 0.886411 2 

0.239483 0.882 2 
0.237866 0.868 2 

0.237866 0.868 2 
0.236272 0.854 2 

0.236 0.851569 2 
0.234714 0.84 2 

0.236272 0.854 2 
0.236 0.851569 2 

0.234714 0.84 2 
0.233182 0.826 2 

0.232 0.815016 2 
0.231677 0.812 2 

0.233182 0.826 2 
0.232 0.815016 2 

0.231677 0.812 2 
0.23021 0.798 2 

0.23021 0.798 2 
0.228768 0.784 2 

0.228 0.776381 2 
0.22736 0.77 2 

0.228768 0.784 2 
0.228 0.776381 2 

0.22736 0.77 2 
0.225987 0.756 2 

0.225987 0.756 2 
0.224642 0.742 2 

0.224 0.735142 2 
0.223334 0.728 2 

0.224642 0.742 2 
0.224 0.735142 2 

0.223334 0.728 2 
0.222063 0.714 2 

0.222063 0.714 2 
0.220823 0.7 2 

0.22 0.690435 2 
0.21962 0.686 2 

0.220823 0.7 2 
0.22 0.690435 2 

0.21962 0.686 2 
0.218458 0.672 2 

0.218458 0.672 2 
0.217332 0.658 2 

0.217332 0.658 2 
0.216243 0.644 2 

0.216 0.640749 2 
0.215199 0.63 2 

0.216243 0.644 2 
0.216 0.640749 2 

0.215199 0.63 2 
0.214197 0.616 2 

0.214197 0.616 2 
0.213235 0.602 2 

0.213235 0.602 2 
0.212317 0.588 2 

0.212 0.582903 2 
0.211447 0.574 2 

0.212317 0.588 2 
0.212 0.582903 2 

0.211447 0.574 2 
0.210627 0.56 2 

0.210627 0.56 2 
0.209854 0.546 2 

0.209854 0.546 2 
0.209131 0.532 2 

0.209131 0.532 2 
0.20846 0.518 2 

0.208 0.507516 2 
0.207845 0.504 2 

0.20846 0.518 2 
0.208 0.507516 2 

0.207845 0.504 2 
0.207291 0.49 2 

0.207291 0.49 2 
0.206794 0.476 2 

0.206794 0.476 2 
0.206359 0.462 2 

0.206359 0.462 2 
0.205988 0.448 2 

0.205988 0.448 2 
0.205684 0.434 2 

0.205684 0.434 2 
0.205448 0.42 2 

0.205448 0.42 2 
0.205284 0.406 2 

0.205284 0.406 2 
0.205194 0.392 2 

0.205194 0.392 2 
0.205181 0.378 2 

0.205181 0.378 2 
0.205245 0.364 2 

0.205245 0.364 2 
0.205388 0.35 2 

0.205388 0.35 2 
0.20561 0.336 2 

0.20561 0.336 2 
0.205909 0.322 2 

0.205909 0.322 2 
0.206281 0.308 2 

0.206281 0.308 2 
0.206717 0.294 2 

0.206717 0.294 2 
0.207206 0.28 2 

0.207206 0.28 2 
0.207727 0.266 2 

0.207727 0.266 2 
0.208 0.258542 2 

0.208251 0.252 2 
0.208 0.258542 2 

0.208251 0.252 2 
0.208731 0.238 2 

0.208731 0.238 2 
0.209092 0.224 2 

0.209092 0.224 2 
0.209227 0.21 2 

0.209227 0.21 2 
0.20897 0.196 2 

0.20897 0.196 2 
0.20807 0.182 2 

0.208 0.181454 2 
0.206152 0.168 2 

0.20807 0.182 2 
0.208 0.181454 2 

0.204 0.159241 2 
0.202606 0.154 2 

0.206152 0.168 2 
0.204 0.159241 2 

0.2 0.147712 2 
0.19649 0.14 2 

0.202606 0.154 2 
0.2 0.147712 2 

0.188 0.12815 2 
0.186284 0.126 2 

0.192 0.133463 2 
0.188 0.12815 2 

0.196 0.139257 2 
0.192 0.133463 2 

0.19649 0.14 2 
0.196 0.139257 2 

0.172 0.1139 2 
0.169449 0.112 2 

0.176 0.117026 2 
0.172 0.1139 2 

0.18 0.120347 2 
0.176 0.117026 2 

0.184 0.123882 2 
0.18 0.120347 2 

0.186284 0.126 2 
0.184 0.123882 2 

0.144 0.0990934 2 
0.141467 0.098 2 

0.148 0.100883 2 
0.144 0.0990934 2 

0.152 0.102755 2 
0.148 0.100883 2 

0.156 0.104713 2 
0.152 0.102755 2 

0.16 0.106763 2 
0.156 0.104713 2 

0.164 0.10891 2 
0.16 0.106763 2 

0.168 0.11116 2 
0.164 0.10891 2 

0.169449 0.112 2 
0.168 0.11116 2 

0.092 0.0840184 2 
0.0919146 0.084 2 

0.096 0.084906 2 
0.092 0.0840184 2 

0.1 0.0858333 2 
0.096 0.084906 2 

0.104 0.0868011 2 
0.1 0.0858333 2 

0.108 0.0878099 2 
0.104 0.0868011 2 

0.112 0.0888606 2 
0.108 0.0878099 2 

0.116 0.0899542 2 
0.112 0.0888606 2 

0.12 0.0910916 2 
0.116 0.0899542 2 

0.124 0.0922741 2 
0.12 0.0910916 2 

0.128 0.093503 2 
0.124 0.0922741 2 

0.132 0.0947795 2 
0.128 0.093503 2 

0.136 0.0961055 2 
0.132 0.0947795 2 

0.14 0.0974824 2 
0.136 0.0961055 2 

0.141467 0.098 2 
0.14 0.0974824 2 

0.004 0.0755469 2 
0 0.0755442 2 

0.008 0.0755639 2 
0.004 0.0755469 2 

0.012 0.0756054 2 
0.008 0.0755639 2 

0.016 0.0756779 2 
0.012 0.0756054 2 

0.02 0.0757855 2 
0.016 0.0756779 2 

0.024 0.0759307 2 
0.02 0.0757855 2 

0.028 0.0761146 2 
0.024 0.0759307 2 

0.032 0.0763378 2 
0.028 0.0761146 2 

0.036 0.0766 2 
0.032 0.0763378 2 

0.04 0.0769008 2 
0.036 0.0766 2 

0.044 0.0772397 2 
0.04 0.0769008 2 

0.048 0.0776157 2 
0.044 0.0772397 2 

0.052 0.0780282 2 
0.048 0.0776157 2 

0.056 0.0784764 2 
0.052 0.0780282 2 

0.06 0.0789595 2 
0.056 0.0784764 2 

0.064 0.0794769 2 
0.06 0.0789595 2 

0.068 0.0800279 2 
0.064 0.0794769 2 

0.072 0.080612 2 
0.068 0.0800279 2 

0.076 0.0812287 2 
0.072 0.080612 2 

0.08 0.0818777 2 
0.076 0.0812287 2 

0.084 0.0825588 2 
0.08 0.0818777 2 

0.088 0.0832716 2 
0.084 0.0825588 2 

