# X-nullcline
0.0604397 1.4 1 
0.0605545 1.386 1 

0.0605545 1.386 1 
0.0606753 1.372 1 

0.0606753 1.372 1 
0.0608022 1.358 1 

0.0608022 1.358 1 
0.0609357 1.344 1 

0.0609357 1.344 1 
0.0610761 1.33 1 

0.0610761 1.33 1 
0.061224 1.316 1 

0.061224 1.316 1 
0.0613798 1.302 1 

0.0613798 1.302 1 
0.061544 1.288 1 

0.061544 1.288 1 
0.0617171 1.274 1 

0.0617171 1.274 1 
0.0618997 1.26 1 

0.0618997 1.26 1 
0.0620925 1.246 1 

0.0620925 1.246 1 
0.062296 1.232 1 

0.062296 1.232 1 
0.062511 1.218 1 

0.062511 1.218 1 
0.0627383 1.204 1 

0.0627383 1.204 1 
0.0629787 1.19 1 

0.0629787 1.19 1 
0.063233 1.176 1 

0.063233 1.176 1 
0.0635023 1.162 1 

0.0635023 1.162 1 
0.0637876 1.148 1 

0.0637876 1.148 1 
0.064 1.13815 1 

0.0640905 1.134 1 
0.064 1.13815 1 

0.0640905 1.134 1 
0.064413 1.12 1 

0.064413 1.12 1 
0.0647552 1.106 1 

0.0647552 1.106 1 
0.0651185 1.092 1 

0.0651185 1.092 1 
0.0655045 1.078 1 

0.0655045 1.078 1 
0.0659147 1.064 1 

0.0659147 1.064 1 
0.066351 1.05 1 

0.066351 1.05 1 
0.0668152 1.036 1 

0.0668152 1.036 1 
0.0673096 1.022 1 

0.0673096 1.022 1 
0.0678362 1.008 1 

0.0678362 1.008 1 
0.068 1.00389 1 

0.0683997 0.994 1 
0.068 1.00389 1 

0.0683997 0.994 1 
0.0690018 0.98 1 

0.0690018 0.98 1 
0.0696443 0.966 1 

0.0696443 0.966 1 
0.0703303 0.952 1 

0.0703303 0.952 1 
0.0710632 0.938 1 

0.0710632 0.938 1 
0.0718465 0.924 1 

0.0718465 0.924 1 
0.072 0.921412 1 

0.0726881 0.91 1 
0.072 0.921412 1 

0.0726881 0.91 1 
0.0735893 0.896 1 

0.0735893 0.896 1 
0.0745541 0.882 1 

0.0745541 0.882 1 
0.0755873 0.868 1 

0.0755873 0.868 1 
0.076 0.862736 1 

0.076698 0.854 1 
0.076 0.862736 1 

0.076698 0.854 1 
0.0778908 0.84 1 

0.0778908 0.84 1 
0.0791697 0.826 1 

0.0791697 0.826 1 
0.08 0.81747 1 

0.0805439 0.812 1 
0.08 0.81747 1 

0.0805439 0.812 1 
0.0820227 0.798 1 

0.0820227 0.798 1 
0.0836092 0.784 1 

0.0836092 0.784 1 
0.084 0.780739 1 

0.0853181 0.77 1 
0.084 0.780739 1 

0.0853181 0.77 1 
0.0871537 0.756 1 

0.0871537 0.756 1 
0.088 0.749911 1 

0.0891284 0.742 1 
0.088 0.749911 1 

0.0891284 0.742 1 
0.0912508 0.728 1 

0.0912508 0.728 1 
0.092 0.72332 1 

0.0935338 0.714 1 
0.092 0.72332 1 

0.0935338 0.714 1 
0.0959842 0.7 1 

0.0959842 0.7 1 
0.096 0.699913 1 

0.0986205 0.686 1 
0.096 0.699913 1 

0.0986205 0.686 1 
0.1 0.679063 1 

0.101448 0.672 1 
0.1 0.679063 1 

0.101448 0.672 1 
0.104 0.660155 1 

0.104479 0.658 1 
0.104 0.660155 1 

0.104479 0.658 1 
0.107727 0.644 1 

0.107727 0.644 1 
0.108 0.642866 1 

0.111202 0.63 1 
0.108 0.642866 1 

0.111202 0.63 1 
0.112 0.62691 1 

0.114913 0.616 1 
0.112 0.62691 1 

0.114913 0.616 1 
0.116 0.612055 1 

0.118868 0.602 1 
0.116 0.612055 1 

0.118868 0.602 1 
0.12 0.598133 1 

0.123073 0.588 1 
0.12 0.598133 1 

0.123073 0.588 1 
0.124 0.585005 1 

0.127531 0.574 1 
0.124 0.585005 1 

0.127531 0.574 1 
0.128 0.57256 1 

0.132 0.560699 1 
0.128 0.57256 1 

0.132244 0.56 1 
0.132 0.560699 1 

0.132244 0.56 1 
0.136 0.549314 1 

0.137208 0.546 1 
0.136 0.549314 1 

0.137208 0.546 1 
0.14 0.538364 1 

0.142414 0.532 1 
0.14 0.538364 1 

0.142414 0.532 1 
0.144 0.527806 1 

0.147847 0.518 1 
0.144 0.527806 1 

0.147847 0.518 1 
0.148 0.517606 1 

0.152 0.5076 1 
0.148 0.517606 1 

0.153491 0.504 1 
0.152 0.5076 1 

0.153491 0.504 1 
0.156 0.497847 1 

0.159317 0.49 1 
0.156 0.497847 1 

0.159317 0.49 1 
0.16 0.488348 1 

0.164 0.478946 1 
0.16 0.488348 1 

0.165293 0.476 1 
0.164 0.478946 1 

0.165293 0.476 1 
0.168 0.469655 1 

0.17138 0.462 1 
0.168 0.469655 1 

0.17138 0.462 1 
0.172 0.460545 1 

0.176 0.4514 1 
0.172 0.460545 1 

0.177533 0.448 1 
0.176 0.4514 1 

0.177533 0.448 1 
0.18 0.442288 1 

0.183698 0.434 1 
0.18 0.442288 1 

0.183698 0.434 1 
0.184 0.433288 1 

0.188 0.424076 1 
0.184 0.433288 1 

0.189823 0.42 1 
0.188 0.424076 1 

0.189823 0.42 1 
0.192 0.414843 1 

0.195845 0.406 1 
0.192 0.414843 1 

0.195845 0.406 1 
0.196 0.405621 1 

0.2 0.396 1 
0.196 0.405621 1 

0.201709 0.392 1 
0.2 0.396 1 

0.201709 0.392 1 
0.204 0.386225 1 

0.20735 0.378 1 
0.204 0.386225 1 

0.20735 0.378 1 
0.208 0.376266 1 

0.212 0.365821 1 
0.208 0.376266 1 

0.212713 0.364 1 
0.212 0.365821 1 

0.212713 0.364 1 
0.216 0.354781 1 

0.217744 0.35 1 
0.216 0.354781 1 

0.217744 0.35 1 
0.22 0.343133 1 

0.222393 0.336 1 
0.22 0.343133 1 

0.222393 0.336 1 
0.224 0.330614 1 

0.226619 0.322 1 
0.224 0.330614 1 

0.226619 0.322 1 
0.228 0.316813 1 

0.230387 0.308 1 
0.228 0.316813 1 

0.230387 0.308 1 
0.232 0.301062 1 

0.233668 0.294 1 
0.232 0.301062 1 

0.233668 0.294 1 
0.236 0.282192 1 

0.236439 0.28 1 
0.236 0.282192 1 

0.236439 0.28 1 
0.238685 0.266 1 

0.238685 0.266 1 
0.24 0.255189 1 

0.240392 0.252 1 
0.24 0.255189 1 

0.240392 0.252 1 
0.24155 0.238 1 

0.24155 0.238 1 
0.242147 0.224 1 

0.242147 0.224 1 
0.24217 0.21 1 

0.24217 0.21 1 
0.241597 0.196 1 

0.241597 0.196 1 
0.240399 0.182 1 

0.24 0.178992 1 
0.238535 0.168 1 

0.240399 0.182 1 
0.24 0.178992 1 

0.236 0.154281 1 
0.235948 0.154 1 

0.238535 0.168 1 
0.236 0.154281 1 

0.235948 0.154 1 
0.232564 0.14 1 

0.232 0.138144 1 
0.228293 0.126 1 

0.232564 0.14 1 
0.232 0.138144 1 

0.224 0.114552 1 
0.223038 0.112 1 

0.228 0.125216 1 
0.224 0.114552 1 

0.228293 0.126 1 
0.228 0.125216 1 

0.22 0.105256 1 
0.216712 0.098 1 

0.223038 0.112 1 
0.22 0.105256 1 

0.212 0.089103 1 
0.20928 0.084 1 

0.216 0.096651 1 
0.212 0.089103 1 

0.216712 0.098 1 
0.216 0.096651 1 

0.204 0.0752293 1 
0.20083 0.07 1 

0.208 0.0818668 1 
0.204 0.0752293 1 

0.20928 0.084 1 
0.208 0.0818668 1 

0.192 0.0564848 1 
0.191681 0.056 1 

0.196 0.0625828 1 
0.192 0.0564848 1 

0.2 0.0687218 1 
0.196 0.0625828 1 

0.20083 0.07 1 
0.2 0.0687218 1 

0.184 0.0442612 1 
0.182509 0.042 1 

0.188 0.0503556 1 
0.184 0.0442612 1 

0.191681 0.056 1 
0.188 0.0503556 1 

0.176 0.0307429 1 
0.174403 0.028 1 

0.18 0.0376461 1 
0.176 0.0307429 1 

0.182509 0.042 1 
0.18 0.0376461 1 

0.172 0.0220609 1 
0.168723 0.014 1 

0.174403 0.028 1 
0.172 0.0220609 1 

0.168 0.00907397 1 
0.166667 2.6077e-08 1 


# Y-nullcline
0.287982 1.4 2 
0.285847 1.386 2 

0.284 1.37386 2 
0.28372 1.372 2 

0.285847 1.386 2 
0.284 1.37386 2 

0.28372 1.372 2 
0.281618 1.358 2 

0.28 1.34719 2 
0.279526 1.344 2 

0.281618 1.358 2 
0.28 1.34719 2 

0.279526 1.344 2 
0.277458 1.33 2 

0.276 1.3201 2 
0.275401 1.316 2 

0.277458 1.33 2 
0.276 1.3201 2 

0.275401 1.316 2 
0.273367 1.302 2 

0.272 1.29256 2 
0.271346 1.288 2 

0.273367 1.302 2 
0.272 1.29256 2 

0.271346 1.288 2 
0.269346 1.274 2 

0.268 1.26454 2 
0.26736 1.26 2 

0.269346 1.274 2 
0.268 1.26454 2 

0.26736 1.26 2 
0.265396 1.246 2 

0.264 1.23601 2 
0.263445 1.232 2 

0.265396 1.246 2 
0.264 1.23601 2 

0.263445 1.232 2 
0.261517 1.218 2 

0.26 1.20693 2 
0.259602 1.204 2 

0.261517 1.218 2 
0.26 1.20693 2 

0.259602 1.204 2 
0.257711 1.19 2 

0.256 1.17727 2 
0.255831 1.176 2 

0.257711 1.19 2 
0.256 1.17727 2 

0.255831 1.176 2 
0.253978 1.162 2 

0.253978 1.162 2 
0.252135 1.148 2 

0.252 1.14696 2 
0.25032 1.134 2 

0.252135 1.148 2 
0.252 1.14696 2 

0.25032 1.134 2 
0.248517 1.12 2 

0.248 1.11596 2 
0.246737 1.106 2 

0.248517 1.12 2 
0.248 1.11596 2 

0.246737 1.106 2 
0.244974 1.092 2 

0.244 1.08421 2 
0.243231 1.078 2 

0.244974 1.092 2 
0.244 1.08421 2 

0.243231 1.078 2 
0.241509 1.064 2 

0.24 1.05163 2 
0.239802 1.05 2 

0.241509 1.064 2 
0.24 1.05163 2 

0.239802 1.05 2 
0.238123 1.036 2 

0.238123 1.036 2 
0.236457 1.022 2 

0.236 1.01812 2 
0.234817 1.008 2 

0.236457 1.022 2 
0.236 1.01812 2 

0.234817 1.008 2 
0.233196 0.994 2 

0.232 0.983573 2 
0.231593 0.98 2 

0.233196 0.994 2 
0.232 0.983573 2 

0.231593 0.98 2 
0.230017 0.966 2 

0.230017 0.966 2 
0.228457 0.952 2 

0.228 0.947845 2 
0.226924 0.938 2 

0.228457 0.952 2 
0.228 0.947845 2 

0.226924 0.938 2 
0.225412 0.924 2 

0.224 0.910779 2 
0.223917 0.91 2 

0.225412 0.924 2 
0.224 0.910779 2 

0.223917 0.91 2 
0.222454 0.896 2 

0.222454 0.896 2 
0.221009 0.882 2 

0.22 0.872078 2 
0.219588 0.868 2 

0.221009 0.882 2 
0.22 0.872078 2 

0.219588 0.868 2 
0.218195 0.854 2 

0.218195 0.854 2 
0.216822 0.84 2 

0.216 0.831475 2 
0.215475 0.826 2 

0.216822 0.84 2 
0.216 0.831475 2 

0.215475 0.826 2 
0.214157 0.812 2 

0.214157 0.812 2 
0.212861 0.798 2 

0.212 0.788512 2 
0.211592 0.784 2 

0.212861 0.798 2 
0.212 0.788512 2 

0.211592 0.784 2 
0.210355 0.77 2 

0.210355 0.77 2 
0.209142 0.756 2 

0.208 0.742537 2 
0.207955 0.742 2 

0.209142 0.756 2 
0.208 0.742537 2 

0.207955 0.742 2 
0.206804 0.728 2 

0.206804 0.728 2 
0.20568 0.714 2 

0.20568 0.714 2 
0.204584 0.7 2 

0.204 0.692313 2 
0.203522 0.686 2 

0.204584 0.7 2 
0.204 0.692313 2 

0.203522 0.686 2 
0.202495 0.672 2 

0.202495 0.672 2 
0.201499 0.658 2 

0.201499 0.658 2 
0.200535 0.644 2 

0.2 0.635921 2 
0.199608 0.63 2 

0.200535 0.644 2 
0.2 0.635921 2 

0.199608 0.63 2 
0.198721 0.616 2 

0.198721 0.616 2 
0.19787 0.602 2 

0.19787 0.602 2 
0.197057 0.588 2 

0.197057 0.588 2 
0.196283 0.574 2 

0.196 0.568556 2 
0.195554 0.56 2 

0.196283 0.574 2 
0.196 0.568556 2 

0.195554 0.56 2 
0.19487 0.546 2 

0.19487 0.546 2 
0.194229 0.532 2 

0.194229 0.532 2 
0.193635 0.518 2 

0.193635 0.518 2 
0.193089 0.504 2 

0.193089 0.504 2 
0.192593 0.49 2 

0.192593 0.49 2 
0.19215 0.476 2 

0.192 0.470555 2 
0.191763 0.462 2 

0.19215 0.476 2 
0.192 0.470555 2 

0.191763 0.462 2 
0.191434 0.448 2 

0.191434 0.448 2 
0.191164 0.434 2 

0.191164 0.434 2 
0.190955 0.42 2 

0.190955 0.42 2 
0.19081 0.406 2 

0.19081 0.406 2 
0.19073 0.392 2 

0.19073 0.392 2 
0.190718 0.378 2 

0.190718 0.378 2 
0.190775 0.364 2 

0.190775 0.364 2 
0.190902 0.35 2 

0.190902 0.35 2 
0.191099 0.336 2 

0.191099 0.336 2 
0.191364 0.322 2 

0.191364 0.322 2 
0.191693 0.308 2 

0.191693 0.308 2 
0.192 0.296842 2 

0.192081 0.294 2 
0.192 0.296842 2 

0.192081 0.294 2 
0.192518 0.28 2 

0.192518 0.28 2 
0.192984 0.266 2 

0.192984 0.266 2 
0.19345 0.252 2 

0.19345 0.252 2 
0.193875 0.238 2 

0.193875 0.238 2 
0.194195 0.224 2 

0.194195 0.224 2 
0.194314 0.21 2 

0.194314 0.21 2 
0.194087 0.196 2 

0.194087 0.196 2 
0.19329 0.182 2 

0.192 0.171269 2 
0.191579 0.168 2 

0.19329 0.182 2 
0.192 0.171269 2 

0.191579 0.168 2 
0.188425 0.154 2 

0.184 0.142438 2 
0.182975 0.14 2 

0.188 0.152811 2 
0.184 0.142438 2 

0.188425 0.154 2 
0.188 0.152811 2 

0.176 0.129034 2 
0.173844 0.126 2 

0.18 0.135091 2 
0.176 0.129034 2 

0.182975 0.14 2 
0.18 0.135091 2 

0.16 0.113067 2 
0.158697 0.112 2 

0.164 0.116488 2 
0.16 0.113067 2 

0.168 0.120154 2 
0.164 0.116488 2 

0.172 0.12409 2 
0.168 0.120154 2 

0.173844 0.126 2 
0.172 0.12409 2 

0.136 0.0992884 2 
0.13328 0.098 2 

0.14 0.101265 2 
0.136 0.0992884 2 

0.144 0.103346 2 
0.14 0.101265 2 

0.148 0.105538 2 
0.144 0.103346 2 

0.152 0.107847 2 
0.148 0.105538 2 

0.156 0.110283 2 
0.152 0.107847 2 

0.158697 0.112 2 
0.156 0.110283 2 

0.088 0.0841116 2 
0.0875172 0.084 2 

0.092 0.0850697 2 
0.088 0.0841116 2 

0.096 0.0860756 2 
0.092 0.0850697 2 

0.1 0.0871304 2 
0.096 0.0860756 2 

0.104 0.0882352 2 
0.1 0.0871304 2 

0.108 0.0893914 2 
0.104 0.0882352 2 

0.112 0.0906004 2 
0.108 0.0893914 2 

0.116 0.091864 2 
0.112 0.0906004 2 

0.12 0.0931841 2 
0.116 0.091864 2 

0.124 0.0945628 2 
0.12 0.0931841 2 

0.128 0.0960023 2 
0.124 0.0945628 2 

0.132 0.0975053 2 
0.128 0.0960023 2 

0.13328 0.098 2 
0.132 0.0975053 2 

0.004 0.0755471 2 
0 0.0755442 2 

0.008 0.0755657 2 
0.004 0.0755471 2 

0.012 0.075611 2 
0.008 0.0755657 2 

0.016 0.0756901 2 
0.012 0.075611 2 

0.02 0.0758075 2 
0.016 0.0756901 2 

0.024 0.0759661 2 
0.02 0.0758075 2 

0.028 0.0761671 2 
0.024 0.0759661 2 

0.032 0.0764112 2 
0.028 0.0761671 2 

0.036 0.0766982 2 
0.032 0.0764112 2 

0.04 0.0770279 2 
0.036 0.0766982 2 

0.044 0.0773996 2 
0.04 0.0770279 2 

0.048 0.0778128 2 
0.044 0.0773996 2 

0.052 0.0782666 2 
0.048 0.0778128 2 

0.056 0.0787605 2 
0.052 0.0782666 2 

0.06 0.0792939 2 
0.056 0.0787605 2 

0.064 0.0798661 2 
0.06 0.0792939 2 

0.068 0.0804767 2 
0.064 0.0798661 2 

0.072 0.0811255 2 
0.068 0.0804767 2 

0.076 0.0818121 2 
0.072 0.0811255 2 

0.08 0.0825363 2 
0.076 0.0818121 2 

0.084 0.0832982 2 
0.08 0.0825363 2 

