# X-nullcline
0.0604397 1.4 1 
0.0605545 1.386 1 

0.0605545 1.386 1 
0.0606753 1.372 1 

0.0606753 1.372 1 
0.0608022 1.358 1 

0.0608022 1.358 1 
0.0609357 1.344 1 

0.0609357 1.344 1 
0.0610761 1.33 1 

0.0610761 1.33 1 
0.061224 1.316 1 

0.061224 1.316 1 
0.0613798 1.302 1 

0.0613798 1.302 1 
0.061544 1.288 1 

0.061544 1.288 1 
0.0617171 1.274 1 

0.0617171 1.274 1 
0.0618997 1.26 1 

0.0618997 1.26 1 
0.0620925 1.246 1 

0.0620925 1.246 1 
0.062296 1.232 1 

0.062296 1.232 1 
0.062511 1.218 1 

0.062511 1.218 1 
0.0627383 1.204 1 

0.0627383 1.204 1 
0.0629787 1.19 1 

0.0629787 1.19 1 
0.063233 1.176 1 

0.063233 1.176 1 
0.0635023 1.162 1 

0.0635023 1.162 1 
0.0637876 1.148 1 

0.0637876 1.148 1 
0.064 1.13815 1 

0.0640905 1.134 1 
0.064 1.13815 1 

0.0640905 1.134 1 
0.064413 1.12 1 

0.064413 1.12 1 
0.0647552 1.106 1 

0.0647552 1.106 1 
0.0651185 1.092 1 

0.0651185 1.092 1 
0.0655045 1.078 1 

0.0655045 1.078 1 
0.0659147 1.064 1 

0.0659147 1.064 1 
0.066351 1.05 1 

0.066351 1.05 1 
0.0668152 1.036 1 

0.0668152 1.036 1 
0.0673096 1.022 1 

0.0673096 1.022 1 
0.0678362 1.008 1 

0.0678362 1.008 1 
0.068 1.00389 1 

0.0683997 0.994 1 
0.068 1.00389 1 

0.0683997 0.994 1 
0.0690018 0.98 1 

0.0690018 0.98 1 
0.0696443 0.966 1 

0.0696443 0.966 1 
0.0703303 0.952 1 

0.0703303 0.952 1 
0.0710632 0.938 1 

0.0710632 0.938 1 
0.0718465 0.924 1 

0.0718465 0.924 1 
0.072 0.921412 1 

0.0726881 0.91 1 
0.072 0.921412 1 

0.0726881 0.91 1 
0.0735893 0.896 1 

0.0735893 0.896 1 
0.0745541 0.882 1 

0.0745541 0.882 1 
0.0755873 0.868 1 

0.0755873 0.868 1 
0.076 0.862736 1 

0.076698 0.854 1 
0.076 0.862736 1 

0.076698 0.854 1 
0.0778908 0.84 1 

0.0778908 0.84 1 
0.0791697 0.826 1 

0.0791697 0.826 1 
0.08 0.81747 1 

0.0805439 0.812 1 
0.08 0.81747 1 

0.0805439 0.812 1 
0.0820227 0.798 1 

0.0820227 0.798 1 
0.0836092 0.784 1 

0.0836092 0.784 1 
0.084 0.780739 1 

0.0853181 0.77 1 
0.084 0.780739 1 

0.0853181 0.77 1 
0.0871537 0.756 1 

0.0871537 0.756 1 
0.088 0.749911 1 

0.0891284 0.742 1 
0.088 0.749911 1 

0.0891284 0.742 1 
0.0912508 0.728 1 

0.0912508 0.728 1 
0.092 0.72332 1 

0.0935338 0.714 1 
0.092 0.72332 1 

0.0935338 0.714 1 
0.0959842 0.7 1 

0.0959842 0.7 1 
0.096 0.699913 1 

0.0986205 0.686 1 
0.096 0.699913 1 

0.0986205 0.686 1 
0.1 0.679063 1 

0.101448 0.672 1 
0.1 0.679063 1 

0.101448 0.672 1 
0.104 0.660155 1 

0.104479 0.658 1 
0.104 0.660155 1 

0.104479 0.658 1 
0.107727 0.644 1 

0.107727 0.644 1 
0.108 0.642866 1 

0.111202 0.63 1 
0.108 0.642866 1 

0.111202 0.63 1 
0.112 0.62691 1 

0.114913 0.616 1 
0.112 0.62691 1 

0.114913 0.616 1 
0.116 0.612055 1 

0.118868 0.602 1 
0.116 0.612055 1 

0.118868 0.602 1 
0.12 0.598133 1 

0.123073 0.588 1 
0.12 0.598133 1 

0.123073 0.588 1 
0.124 0.585005 1 

0.127531 0.574 1 
0.124 0.585005 1 

0.127531 0.574 1 
0.128 0.57256 1 

0.132 0.560699 1 
0.128 0.57256 1 

0.132244 0.56 1 
0.132 0.560699 1 

0.132244 0.56 1 
0.136 0.549314 1 

0.137208 0.546 1 
0.136 0.549314 1 

0.137208 0.546 1 
0.14 0.538364 1 

0.142414 0.532 1 
0.14 0.538364 1 

0.142414 0.532 1 
0.144 0.527806 1 

0.147847 0.518 1 
0.144 0.527806 1 

0.147847 0.518 1 
0.148 0.517606 1 

0.152 0.5076 1 
0.148 0.517606 1 

0.153491 0.504 1 
0.152 0.5076 1 

0.153491 0.504 1 
0.156 0.497847 1 

0.159317 0.49 1 
0.156 0.497847 1 

0.159317 0.49 1 
0.16 0.488348 1 

0.164 0.478946 1 
0.16 0.488348 1 

0.165293 0.476 1 
0.164 0.478946 1 

0.165293 0.476 1 
0.168 0.469655 1 

0.17138 0.462 1 
0.168 0.469655 1 

0.17138 0.462 1 
0.172 0.460545 1 

0.176 0.4514 1 
0.172 0.460545 1 

0.177533 0.448 1 
0.176 0.4514 1 

0.177533 0.448 1 
0.18 0.442288 1 

0.183698 0.434 1 
0.18 0.442288 1 

0.183698 0.434 1 
0.184 0.433288 1 

0.188 0.424076 1 
0.184 0.433288 1 

0.189823 0.42 1 
0.188 0.424076 1 

0.189823 0.42 1 
0.192 0.414843 1 

0.195845 0.406 1 
0.192 0.414843 1 

0.195845 0.406 1 
0.196 0.405621 1 

0.2 0.396 1 
0.196 0.405621 1 

0.201709 0.392 1 
0.2 0.396 1 

0.201709 0.392 1 
0.204 0.386225 1 

0.20735 0.378 1 
0.204 0.386225 1 

0.20735 0.378 1 
0.208 0.376266 1 

0.212 0.365821 1 
0.208 0.376266 1 

0.212713 0.364 1 
0.212 0.365821 1 

0.212713 0.364 1 
0.216 0.354781 1 

0.217744 0.35 1 
0.216 0.354781 1 

0.217744 0.35 1 
0.22 0.343133 1 

0.222393 0.336 1 
0.22 0.343133 1 

0.222393 0.336 1 
0.224 0.330614 1 

0.226619 0.322 1 
0.224 0.330614 1 

0.226619 0.322 1 
0.228 0.316813 1 

0.230387 0.308 1 
0.228 0.316813 1 

0.230387 0.308 1 
0.232 0.301062 1 

0.233668 0.294 1 
0.232 0.301062 1 

0.233668 0.294 1 
0.236 0.282192 1 

0.236439 0.28 1 
0.236 0.282192 1 

0.236439 0.28 1 
0.238685 0.266 1 

0.238685 0.266 1 
0.24 0.255189 1 

0.240392 0.252 1 
0.24 0.255189 1 

0.240392 0.252 1 
0.24155 0.238 1 

0.24155 0.238 1 
0.242147 0.224 1 

0.242147 0.224 1 
0.24217 0.21 1 

0.24217 0.21 1 
0.241597 0.196 1 

0.241597 0.196 1 
0.240399 0.182 1 

0.24 0.178992 1 
0.238535 0.168 1 

0.240399 0.182 1 
0.24 0.178992 1 

0.236 0.154281 1 
0.235948 0.154 1 

0.238535 0.168 1 
0.236 0.154281 1 

0.235948 0.154 1 
0.232564 0.14 1 

0.232 0.138144 1 
0.228293 0.126 1 

0.232564 0.14 1 
0.232 0.138144 1 

0.224 0.114552 1 
0.223038 0.112 1 

0.228 0.125216 1 
0.224 0.114552 1 

0.228293 0.126 1 
0.228 0.125216 1 

0.22 0.105256 1 
0.216712 0.098 1 

0.223038 0.112 1 
0.22 0.105256 1 

0.212 0.089103 1 
0.20928 0.084 1 

0.216 0.096651 1 
0.212 0.089103 1 

0.216712 0.098 1 
0.216 0.096651 1 

0.204 0.0752293 1 
0.20083 0.07 1 

0.208 0.0818668 1 
0.204 0.0752293 1 

0.20928 0.084 1 
0.208 0.0818668 1 

0.192 0.0564848 1 
0.191681 0.056 1 

0.196 0.0625828 1 
0.192 0.0564848 1 

0.2 0.0687218 1 
0.196 0.0625828 1 

0.20083 0.07 1 
0.2 0.0687218 1 

0.184 0.0442612 1 
0.182509 0.042 1 

0.188 0.0503556 1 
0.184 0.0442612 1 

0.191681 0.056 1 
0.188 0.0503556 1 

0.176 0.0307429 1 
0.174403 0.028 1 

0.18 0.0376461 1 
0.176 0.0307429 1 

0.182509 0.042 1 
0.18 0.0376461 1 

0.172 0.0220609 1 
0.168723 0.014 1 

0.174403 0.028 1 
0.172 0.0220609 1 

0.168 0.00907397 1 
0.166667 2.6077e-08 1 


# Y-nullcline
0.4 1.34643 2 
0.399333 1.344 2 

0.396 1.33179 2 
0.395516 1.33 2 

0.399333 1.344 2 
0.396 1.33179 2 

0.392 1.31695 2 
0.391747 1.316 2 

0.395516 1.33 2 
0.392 1.31695 2 

0.391747 1.316 2 
0.388025 1.302 2 

0.388 1.30191 2 
0.384353 1.288 2 

0.388025 1.302 2 
0.388 1.30191 2 

0.384 1.28665 2 
0.380728 1.274 2 

0.384353 1.288 2 
0.384 1.28665 2 

0.38 1.27117 2 
0.37715 1.26 2 

0.380728 1.274 2 
0.38 1.27117 2 

0.376 1.25547 2 
0.373618 1.246 2 

0.37715 1.26 2 
0.376 1.25547 2 

0.372 1.23953 2 
0.370132 1.232 2 

0.373618 1.246 2 
0.372 1.23953 2 

0.368 1.22336 2 
0.366691 1.218 2 

0.370132 1.232 2 
0.368 1.22336 2 

0.364 1.20693 2 
0.363294 1.204 2 

0.366691 1.218 2 
0.364 1.20693 2 

0.36 1.19024 2 
0.359942 1.19 2 

0.363294 1.204 2 
0.36 1.19024 2 

0.359942 1.19 2 
0.35664 1.176 2 

0.356 1.17327 2 
0.353383 1.162 2 

0.35664 1.176 2 
0.356 1.17327 2 

0.352 1.15601 2 
0.350169 1.148 2 

0.353383 1.162 2 
0.352 1.15601 2 

0.348 1.13845 2 
0.346998 1.134 2 

0.350169 1.148 2 
0.348 1.13845 2 

0.344 1.12059 2 
0.34387 1.12 2 

0.346998 1.134 2 
0.344 1.12059 2 

0.34387 1.12 2 
0.340792 1.106 2 

0.34 1.10237 2 
0.337757 1.092 2 

0.340792 1.106 2 
0.34 1.10237 2 

0.336 1.08381 2 
0.334764 1.078 2 

0.337757 1.092 2 
0.336 1.08381 2 

0.332 1.0649 2 
0.331813 1.064 2 

0.334764 1.078 2 
0.332 1.0649 2 

0.331813 1.064 2 
0.328911 1.05 2 

0.328 1.04556 2 
0.326053 1.036 2 

0.328911 1.05 2 
0.328 1.04556 2 

0.324 1.02582 2 
0.323235 1.022 2 

0.326053 1.036 2 
0.324 1.02582 2 

0.323235 1.022 2 
0.320462 1.008 2 

0.32 1.00564 2 
0.317737 0.994 2 

0.320462 1.008 2 
0.32 1.00564 2 

0.316 0.984968 2 
0.315052 0.98 2 

0.317737 0.994 2 
0.316 0.984968 2 

0.315052 0.98 2 
0.312411 0.966 2 

0.312 0.963795 2 
0.309819 0.952 2 

0.312411 0.966 2 
0.312 0.963795 2 

0.308 0.942045 2 
0.307266 0.938 2 

0.309819 0.952 2 
0.308 0.942045 2 

0.307266 0.938 2 
0.304761 0.924 2 

0.304 0.919692 2 
0.302301 0.91 2 

0.304761 0.924 2 
0.304 0.919692 2 

0.3 0.896694 2 
0.299881 0.896 2 

0.302301 0.91 2 
0.3 0.896694 2 

0.299881 0.896 2 
0.297515 0.882 2 

0.296 0.872908 2 
0.295188 0.868 2 

0.297515 0.882 2 
0.296 0.872908 2 

0.295188 0.868 2 
0.292909 0.854 2 

0.292 0.848318 2 
0.290678 0.84 2 

0.292909 0.854 2 
0.292 0.848318 2 

0.290678 0.84 2 
0.288489 0.826 2 

0.288 0.822808 2 
0.286353 0.812 2 

0.288489 0.826 2 
0.288 0.822808 2 

0.286353 0.812 2 
0.284259 0.798 2 

0.284 0.796233 2 
0.28222 0.784 2 

0.284259 0.798 2 
0.284 0.796233 2 

0.28222 0.784 2 
0.280222 0.77 2 

0.28 0.768405 2 
0.278282 0.756 2 

0.280222 0.77 2 
0.28 0.768405 2 

0.278282 0.756 2 
0.276385 0.742 2 

0.276 0.739085 2 
0.274545 0.728 2 

0.276385 0.742 2 
0.276 0.739085 2 

0.274545 0.728 2 
0.272752 0.714 2 

0.272 0.707957 2 
0.271015 0.7 2 

0.272752 0.714 2 
0.272 0.707957 2 

0.271015 0.7 2 
0.269331 0.686 2 

0.268 0.674597 2 
0.267698 0.672 2 

0.269331 0.686 2 
0.268 0.674597 2 

0.267698 0.672 2 
0.266129 0.658 2 

0.266129 0.658 2 
0.26461 0.644 2 

0.264 0.638149 2 
0.263153 0.63 2 

0.26461 0.644 2 
0.264 0.638149 2 

0.263153 0.63 2 
0.261758 0.616 2 

0.261758 0.616 2 
0.260419 0.602 2 

0.26 0.597388 2 
0.259149 0.588 2 

0.260419 0.602 2 
0.26 0.597388 2 

0.259149 0.588 2 
0.257944 0.574 2 

0.257944 0.574 2 
0.256803 0.56 2 

0.256 0.54952 2 
0.255731 0.546 2 

0.256803 0.56 2 
0.256 0.54952 2 

0.255731 0.546 2 
0.254736 0.532 2 

0.254736 0.532 2 
0.253812 0.518 2 

0.253812 0.518 2 
0.252964 0.504 2 

0.252964 0.504 2 
0.252193 0.49 2 

0.252 0.486044 2 
0.251509 0.476 2 

0.252193 0.49 2 
0.252 0.486044 2 

0.251509 0.476 2 
0.250911 0.462 2 

0.250911 0.462 2 
0.250401 0.448 2 

0.250401 0.448 2 
0.249982 0.434 2 

0.249982 0.434 2 
0.249658 0.42 2 

0.249658 0.42 2 
0.249432 0.406 2 

0.249432 0.406 2 
0.249309 0.392 2 

0.249309 0.392 2 
0.24929 0.378 2 

0.24929 0.378 2 
0.249379 0.364 2 

0.249379 0.364 2 
0.249576 0.35 2 

0.249576 0.35 2 
0.249881 0.336 2 

0.249881 0.336 2 
0.250292 0.322 2 

0.250292 0.322 2 
0.250803 0.308 2 

0.250803 0.308 2 
0.251403 0.294 2 

0.251403 0.294 2 
0.252 0.281519 2 

0.252076 0.28 2 
0.252 0.281519 2 

0.252076 0.28 2 
0.252799 0.266 2 

0.252799 0.266 2 
0.253524 0.252 2 

0.253524 0.252 2 
0.254185 0.238 2 

0.254185 0.238 2 
0.254682 0.224 2 

0.254682 0.224 2 
0.254867 0.21 2 

0.254867 0.21 2 
0.254514 0.196 2 

0.254514 0.196 2 
0.253275 0.182 2 

0.252 0.17503 2 
0.250626 0.168 2 

0.253275 0.182 2 
0.252 0.17503 2 

0.248 0.16018 2 
0.245757 0.154 2 

0.250626 0.168 2 
0.248 0.16018 2 

0.24 0.144081 2 
0.23741 0.14 2 

0.244 0.150843 2 
0.24 0.144081 2 

0.245757 0.154 2 
0.244 0.150843 2 

0.224 0.126352 2 
0.223618 0.126 2 

0.228 0.130141 2 
0.224 0.126352 2 

0.232 0.134162 2 
0.228 0.130141 2 

0.236 0.138435 2 
0.232 0.134162 2 

0.23741 0.14 2 
0.236 0.138435 2 

0.204 0.113544 2 
0.201265 0.112 2 

0.208 0.115878 2 
0.204 0.113544 2 

0.212 0.118311 2 
0.208 0.115878 2 

0.216 0.12085 2 
0.212 0.118311 2 

0.22 0.123501 2 
0.216 0.12085 2 

0.223618 0.126 2 
0.22 0.123501 2 

0.168 0.0989729 2 
0.165132 0.098 2 

0.172 0.100365 2 
0.168 0.0989729 2 

0.176 0.101802 2 
0.172 0.100365 2 

0.18 0.103284 2 
0.176 0.101802 2 

0.184 0.104814 2 
0.18 0.103284 2 

0.188 0.106392 2 
0.184 0.104814 2 

0.192 0.108021 2 
0.188 0.106392 2 

0.196 0.109703 2 
0.192 0.108021 2 

0.2 0.111441 2 
0.196 0.109703 2 

0.201265 0.112 2 
0.2 0.111441 2 

0.108 0.0847169 2 
0.104112 0.084 2 

0.112 0.0854786 2 
0.108 0.0847169 2 

0.116 0.086265 2 
0.112 0.0854786 2 

0.12 0.087076 2 
0.116 0.086265 2 

0.124 0.0879117 2 
0.12 0.087076 2 

0.128 0.0887723 2 
0.124 0.0879117 2 

0.132 0.0896581 2 
0.128 0.0887723 2 

0.136 0.0905691 2 
0.132 0.0896581 2 

0.14 0.0915058 2 
0.136 0.0905691 2 

0.144 0.0924684 2 
0.14 0.0915058 2 

0.148 0.0934573 2 
0.144 0.0924684 2 

0.152 0.0944728 2 
0.148 0.0934573 2 

0.156 0.0955156 2 
0.152 0.0944728 2 

0.16 0.096586 2 
0.156 0.0955156 2 

0.164 0.0976845 2 
0.16 0.096586 2 

0.165132 0.098 2 
0.164 0.0976845 2 

0.004 0.0755464 2 
0 0.0755442 2 

0.008 0.0755601 2 
0.004 0.0755464 2 

0.012 0.0755936 2 
0.008 0.0755601 2 

0.016 0.0756521 2 
0.012 0.0755936 2 

0.02 0.075739 2 
0.016 0.0756521 2 

0.024 0.075856 2 
0.02 0.075739 2 

0.028 0.076004 2 
0.024 0.075856 2 

0.032 0.0761833 2 
0.028 0.076004 2 

0.036 0.0763936 2 
0.032 0.0761833 2 

0.04 0.0766344 2 
0.036 0.0763936 2 

0.044 0.0769048 2 
0.04 0.0766344 2 

0.048 0.0772042 2 
0.044 0.0769048 2 

0.052 0.0775315 2 
0.048 0.0772042 2 

0.056 0.077886 2 
0.052 0.0775315 2 

0.06 0.0782666 2 
0.056 0.077886 2 

0.064 0.0786727 2 
0.06 0.0782666 2 

0.068 0.0791033 2 
0.064 0.0786727 2 

0.072 0.0795578 2 
0.068 0.0791033 2 

0.076 0.0800355 2 
0.072 0.0795578 2 

0.08 0.0805357 2 
0.076 0.0800355 2 

0.084 0.0810579 2 
0.08 0.0805357 2 

0.088 0.0816016 2 
0.084 0.0810579 2 

0.092 0.0821662 2 
0.088 0.0816016 2 

0.096 0.0827515 2 
0.092 0.0821662 2 

0.1 0.0833569 2 
0.096 0.0827515 2 

0.104 0.0839822 2 
0.1 0.0833569 2 

