# X-nullcline
0.0604397 1.4 1 
0.0605545 1.386 1 

0.0605545 1.386 1 
0.0606753 1.372 1 

0.0606753 1.372 1 
0.0608022 1.358 1 

0.0608022 1.358 1 
0.0609357 1.344 1 

0.0609357 1.344 1 
0.0610761 1.33 1 

0.0610761 1.33 1 
0.061224 1.316 1 

0.061224 1.316 1 
0.0613798 1.302 1 

0.0613798 1.302 1 
0.061544 1.288 1 

0.061544 1.288 1 
0.0617171 1.274 1 

0.0617171 1.274 1 
0.0618997 1.26 1 

0.0618997 1.26 1 
0.0620925 1.246 1 

0.0620925 1.246 1 
0.062296 1.232 1 

0.062296 1.232 1 
0.062511 1.218 1 

0.062511 1.218 1 
0.0627383 1.204 1 

0.0627383 1.204 1 
0.0629787 1.19 1 

0.0629787 1.19 1 
0.063233 1.176 1 

0.063233 1.176 1 
0.0635023 1.162 1 

0.0635023 1.162 1 
0.0637876 1.148 1 

0.0637876 1.148 1 
0.064 1.13815 1 

0.0640905 1.134 1 
0.064 1.13815 1 

0.0640905 1.134 1 
0.064413 1.12 1 

0.064413 1.12 1 
0.0647552 1.106 1 

0.0647552 1.106 1 
0.0651185 1.092 1 

0.0651185 1.092 1 
0.0655045 1.078 1 

0.0655045 1.078 1 
0.0659147 1.064 1 

0.0659147 1.064 1 
0.066351 1.05 1 

0.066351 1.05 1 
0.0668152 1.036 1 

0.0668152 1.036 1 
0.0673096 1.022 1 

0.0673096 1.022 1 
0.0678362 1.008 1 

0.0678362 1.008 1 
0.068 1.00389 1 

0.0683997 0.994 1 
0.068 1.00389 1 

0.0683997 0.994 1 
0.0690018 0.98 1 

0.0690018 0.98 1 
0.0696443 0.966 1 

0.0696443 0.966 1 
0.0703303 0.952 1 

0.0703303 0.952 1 
0.0710632 0.938 1 

0.0710632 0.938 1 
0.0718465 0.924 1 

0.0718465 0.924 1 
0.072 0.921412 1 

0.0726881 0.91 1 
0.072 0.921412 1 

0.0726881 0.91 1 
0.0735893 0.896 1 

0.0735893 0.896 1 
0.0745541 0.882 1 

0.0745541 0.882 1 
0.0755873 0.868 1 

0.0755873 0.868 1 
0.076 0.862736 1 

0.076698 0.854 1 
0.076 0.862736 1 

0.076698 0.854 1 
0.0778908 0.84 1 

0.0778908 0.84 1 
0.0791697 0.826 1 

0.0791697 0.826 1 
0.08 0.81747 1 

0.0805439 0.812 1 
0.08 0.81747 1 

0.0805439 0.812 1 
0.0820227 0.798 1 

0.0820227 0.798 1 
0.0836092 0.784 1 

0.0836092 0.784 1 
0.084 0.780739 1 

0.0853181 0.77 1 
0.084 0.780739 1 

0.0853181 0.77 1 
0.0871537 0.756 1 

0.0871537 0.756 1 
0.088 0.749911 1 

0.0891284 0.742 1 
0.088 0.749911 1 

0.0891284 0.742 1 
0.0912508 0.728 1 

0.0912508 0.728 1 
0.092 0.72332 1 

0.0935338 0.714 1 
0.092 0.72332 1 

0.0935338 0.714 1 
0.0959842 0.7 1 

0.0959842 0.7 1 
0.096 0.699913 1 

0.0986205 0.686 1 
0.096 0.699913 1 

0.0986205 0.686 1 
0.1 0.679063 1 

0.101448 0.672 1 
0.1 0.679063 1 

0.101448 0.672 1 
0.104 0.660155 1 

0.104479 0.658 1 
0.104 0.660155 1 

0.104479 0.658 1 
0.107727 0.644 1 

0.107727 0.644 1 
0.108 0.642866 1 

0.111202 0.63 1 
0.108 0.642866 1 

0.111202 0.63 1 
0.112 0.62691 1 

0.114913 0.616 1 
0.112 0.62691 1 

0.114913 0.616 1 
0.116 0.612055 1 

0.118868 0.602 1 
0.116 0.612055 1 

0.118868 0.602 1 
0.12 0.598133 1 

0.123073 0.588 1 
0.12 0.598133 1 

0.123073 0.588 1 
0.124 0.585005 1 

0.127531 0.574 1 
0.124 0.585005 1 

0.127531 0.574 1 
0.128 0.57256 1 

0.132 0.560699 1 
0.128 0.57256 1 

0.132244 0.56 1 
0.132 0.560699 1 

0.132244 0.56 1 
0.136 0.549314 1 

0.137208 0.546 1 
0.136 0.549314 1 

0.137208 0.546 1 
0.14 0.538364 1 

0.142414 0.532 1 
0.14 0.538364 1 

0.142414 0.532 1 
0.144 0.527806 1 

0.147847 0.518 1 
0.144 0.527806 1 

0.147847 0.518 1 
0.148 0.517606 1 

0.152 0.5076 1 
0.148 0.517606 1 

0.153491 0.504 1 
0.152 0.5076 1 

0.153491 0.504 1 
0.156 0.497847 1 

0.159317 0.49 1 
0.156 0.497847 1 

0.159317 0.49 1 
0.16 0.488348 1 

0.164 0.478946 1 
0.16 0.488348 1 

0.165293 0.476 1 
0.164 0.478946 1 

0.165293 0.476 1 
0.168 0.469655 1 

0.17138 0.462 1 
0.168 0.469655 1 

0.17138 0.462 1 
0.172 0.460545 1 

0.176 0.4514 1 
0.172 0.460545 1 

0.177533 0.448 1 
0.176 0.4514 1 

0.177533 0.448 1 
0.18 0.442288 1 

0.183698 0.434 1 
0.18 0.442288 1 

0.183698 0.434 1 
0.184 0.433288 1 

0.188 0.424076 1 
0.184 0.433288 1 

0.189823 0.42 1 
0.188 0.424076 1 

0.189823 0.42 1 
0.192 0.414843 1 

0.195845 0.406 1 
0.192 0.414843 1 

0.195845 0.406 1 
0.196 0.405621 1 

0.2 0.396 1 
0.196 0.405621 1 

0.201709 0.392 1 
0.2 0.396 1 

0.201709 0.392 1 
0.204 0.386225 1 

0.20735 0.378 1 
0.204 0.386225 1 

0.20735 0.378 1 
0.208 0.376266 1 

0.212 0.365821 1 
0.208 0.376266 1 

0.212713 0.364 1 
0.212 0.365821 1 

0.212713 0.364 1 
0.216 0.354781 1 

0.217744 0.35 1 
0.216 0.354781 1 

0.217744 0.35 1 
0.22 0.343133 1 

0.222393 0.336 1 
0.22 0.343133 1 

0.222393 0.336 1 
0.224 0.330614 1 

0.226619 0.322 1 
0.224 0.330614 1 

0.226619 0.322 1 
0.228 0.316813 1 

0.230387 0.308 1 
0.228 0.316813 1 

0.230387 0.308 1 
0.232 0.301062 1 

0.233668 0.294 1 
0.232 0.301062 1 

0.233668 0.294 1 
0.236 0.282192 1 

0.236439 0.28 1 
0.236 0.282192 1 

0.236439 0.28 1 
0.238685 0.266 1 

0.238685 0.266 1 
0.24 0.255189 1 

0.240392 0.252 1 
0.24 0.255189 1 

0.240392 0.252 1 
0.24155 0.238 1 

0.24155 0.238 1 
0.242147 0.224 1 

0.242147 0.224 1 
0.24217 0.21 1 

0.24217 0.21 1 
0.241597 0.196 1 

0.241597 0.196 1 
0.240399 0.182 1 

0.24 0.178992 1 
0.238535 0.168 1 

0.240399 0.182 1 
0.24 0.178992 1 

0.236 0.154281 1 
0.235948 0.154 1 

0.238535 0.168 1 
0.236 0.154281 1 

0.235948 0.154 1 
0.232564 0.14 1 

0.232 0.138144 1 
0.228293 0.126 1 

0.232564 0.14 1 
0.232 0.138144 1 

0.224 0.114552 1 
0.223038 0.112 1 

0.228 0.125216 1 
0.224 0.114552 1 

0.228293 0.126 1 
0.228 0.125216 1 

0.22 0.105256 1 
0.216712 0.098 1 

0.223038 0.112 1 
0.22 0.105256 1 

0.212 0.089103 1 
0.20928 0.084 1 

0.216 0.096651 1 
0.212 0.089103 1 

0.216712 0.098 1 
0.216 0.096651 1 

0.204 0.0752293 1 
0.20083 0.07 1 

0.208 0.0818668 1 
0.204 0.0752293 1 

0.20928 0.084 1 
0.208 0.0818668 1 

0.192 0.0564848 1 
0.191681 0.056 1 

0.196 0.0625828 1 
0.192 0.0564848 1 

0.2 0.0687218 1 
0.196 0.0625828 1 

0.20083 0.07 1 
0.2 0.0687218 1 

0.184 0.0442612 1 
0.182509 0.042 1 

0.188 0.0503556 1 
0.184 0.0442612 1 

0.191681 0.056 1 
0.188 0.0503556 1 

0.176 0.0307429 1 
0.174403 0.028 1 

0.18 0.0376461 1 
0.176 0.0307429 1 

0.182509 0.042 1 
0.18 0.0376461 1 

0.172 0.0220609 1 
0.168723 0.014 1 

0.174403 0.028 1 
0.172 0.0220609 1 

0.168 0.00907397 1 
0.166667 2.6077e-08 1 


# Y-nullcline
0.121104 1.4 2 
0.120562 1.386 2 

0.120562 1.386 2 
0.120021 1.372 2 

0.12 1.37145 2 
0.11948 1.358 2 

0.120021 1.372 2 
0.12 1.37145 2 

0.11948 1.358 2 
0.118941 1.344 2 

0.118941 1.344 2 
0.118404 1.33 2 

0.118404 1.33 2 
0.117867 1.316 2 

0.117867 1.316 2 
0.117333 1.302 2 

0.117333 1.302 2 
0.116801 1.288 2 

0.116801 1.288 2 
0.11627 1.274 2 

0.116 1.26685 2 
0.11574 1.26 2 

0.11627 1.274 2 
0.116 1.26685 2 

0.11574 1.26 2 
0.115211 1.246 2 

0.115211 1.246 2 
0.114685 1.232 2 

0.114685 1.232 2 
0.11416 1.218 2 

0.11416 1.218 2 
0.113638 1.204 2 

0.113638 1.204 2 
0.113119 1.19 2 

0.113119 1.19 2 
0.112602 1.176 2 

0.112602 1.176 2 
0.112087 1.162 2 

0.112 1.1596 2 
0.111574 1.148 2 

0.112087 1.162 2 
0.112 1.1596 2 

0.111574 1.148 2 
0.111062 1.134 2 

0.111062 1.134 2 
0.110554 1.12 2 

0.110554 1.12 2 
0.110048 1.106 2 

0.110048 1.106 2 
0.109546 1.092 2 

0.109546 1.092 2 
0.109048 1.078 2 

0.109048 1.078 2 
0.108552 1.064 2 

0.108552 1.064 2 
0.108061 1.05 2 

0.108 1.04825 2 
0.10757 1.036 2 

0.108061 1.05 2 
0.108 1.04825 2 

0.10757 1.036 2 
0.107083 1.022 2 

0.107083 1.022 2 
0.1066 1.008 2 

0.1066 1.008 2 
0.106121 0.994 2 

0.106121 0.994 2 
0.105646 0.98 2 

0.105646 0.98 2 
0.105176 0.966 2 

0.105176 0.966 2 
0.104711 0.952 2 

0.104711 0.952 2 
0.104251 0.938 2 

0.104 0.930286 2 
0.103793 0.924 2 

0.104251 0.938 2 
0.104 0.930286 2 

0.103793 0.924 2 
0.103339 0.91 2 

0.103339 0.91 2 
0.102891 0.896 2 

0.102891 0.896 2 
0.102448 0.882 2 

0.102448 0.882 2 
0.102011 0.868 2 

0.102011 0.868 2 
0.101579 0.854 2 

0.101579 0.854 2 
0.101154 0.84 2 

0.101154 0.84 2 
0.100736 0.826 2 

0.100736 0.826 2 
0.100324 0.812 2 

0.1 0.800769 2 
0.0999188 0.798 2 

0.100324 0.812 2 
0.1 0.800769 2 

0.0999188 0.798 2 
0.0995171 0.784 2 

0.0995171 0.784 2 
0.0991229 0.77 2 

0.0991229 0.77 2 
0.0987366 0.756 2 

0.0987366 0.756 2 
0.0983583 0.742 2 

0.0983583 0.742 2 
0.0979884 0.728 2 

0.0979884 0.728 2 
0.0976273 0.714 2 

0.0976273 0.714 2 
0.0972751 0.7 2 

0.0972751 0.7 2 
0.0969324 0.686 2 

0.0969324 0.686 2 
0.0965994 0.672 2 

0.0965994 0.672 2 
0.0962765 0.658 2 

0.096 0.645595 2 
0.0959637 0.644 2 

0.0962765 0.658 2 
0.096 0.645595 2 

0.0959637 0.644 2 
0.0956585 0.63 2 

0.0956585 0.63 2 
0.0953648 0.616 2 

0.0953648 0.616 2 
0.0950831 0.602 2 

0.0950831 0.602 2 
0.0948139 0.588 2 

0.0948139 0.588 2 
0.0945578 0.574 2 

0.0945578 0.574 2 
0.0943151 0.56 2 

0.0943151 0.56 2 
0.0940866 0.546 2 

0.0940866 0.546 2 
0.0938729 0.532 2 

0.0938729 0.532 2 
0.0936746 0.518 2 

0.0936746 0.518 2 
0.0934923 0.504 2 

0.0934923 0.504 2 
0.0933268 0.49 2 

0.0933268 0.49 2 
0.0931788 0.476 2 

0.0931788 0.476 2 
0.093049 0.462 2 

0.093049 0.462 2 
0.0929383 0.448 2 

0.0929383 0.448 2 
0.0928474 0.434 2 

0.0928474 0.434 2 
0.0927771 0.42 2 

0.0927771 0.42 2 
0.0927282 0.406 2 

0.0927282 0.406 2 
0.0927014 0.392 2 

0.0927014 0.392 2 
0.0926974 0.378 2 

0.0926974 0.378 2 
0.0927166 0.364 2 

0.0927166 0.364 2 
0.0927593 0.35 2 

0.0927593 0.35 2 
0.0928255 0.336 2 

0.0928255 0.336 2 
0.0929146 0.322 2 

0.0929146 0.322 2 
0.0930255 0.308 2 

0.0930255 0.308 2 
0.0931558 0.294 2 

0.0931558 0.294 2 
0.0933016 0.28 2 

0.0933016 0.28 2 
0.093457 0.266 2 

0.093457 0.266 2 
0.0936127 0.252 2 

0.0936127 0.252 2 
0.0937545 0.238 2 

0.0937545 0.238 2 
0.0938614 0.224 2 

0.0938614 0.224 2 
0.0939011 0.21 2 

0.0939011 0.21 2 
0.0938252 0.196 2 

0.0938252 0.196 2 
0.0935592 0.182 2 

0.0935592 0.182 2 
0.0929872 0.168 2 

0.092 0.154902 2 
0.0919246 0.154 2 

0.0929872 0.168 2 
0.092 0.154902 2 

0.0919246 0.154 2 
0.0900472 0.14 2 

0.088 0.130626 2 
0.0868401 0.126 2 

0.0900472 0.14 2 
0.088 0.130626 2 

0.084 0.11825 2 
0.0812996 0.112 2 

0.0868401 0.126 2 
0.084 0.11825 2 

0.072 0.0987479 2 
0.0713415 0.098 2 

0.076 0.103812 2 
0.072 0.0987479 2 

0.08 0.1098 2 
0.076 0.103812 2 

0.0812996 0.112 2 
0.08 0.1098 2 

0.052 0.0845023 2 
0.0509432 0.084 2 

0.056 0.0866267 2 
0.052 0.0845023 2 

0.06 0.0890534 2 
0.056 0.0866267 2 

0.064 0.0918245 2 
0.06 0.0890534 2 

0.068 0.0949926 2 
0.064 0.0918245 2 

0.0713415 0.098 2 
0.068 0.0949926 2 

0.004 0.0755527 2 
0 0.0755442 2 

0.008 0.075607 2 
0.004 0.0755527 2 

0.012 0.0757394 2 
0.008 0.075607 2 

0.016 0.075972 2 
0.012 0.0757394 2 

0.02 0.0763201 2 
0.016 0.075972 2 

0.024 0.0767952 2 
0.02 0.0763201 2 

0.028 0.0774063 2 
0.024 0.0767952 2 

0.032 0.0781616 2 
0.028 0.0774063 2 

0.036 0.0790697 2 
0.032 0.0781616 2 

0.04 0.0801396 2 
0.036 0.0790697 2 

0.044 0.0813823 2 
0.04 0.0801396 2 

0.048 0.0828104 2 
0.044 0.0813823 2 

